t,Ia_real,Ia_imag,Ib_real,Ib_imag,Ic_real,Ic_imag,Ia_mag,Ia_ang
0.0,5.503538310810378,-3.036556080941256,-0.10921600792739407,6.278388229051144,-5.394322302882984,-3.2418321481098884,6.285666772209522,-28.887548691019635
5e-05,5.568634265870387,-3.0353276770567894,-0.10921984847659875,6.2783881565774315,-5.459414417393788,-3.2430604795206426,6.342152764963392,-28.593731605850298
0.0001,5.632975902429575,-3.0328984732253197,-0.10780372070877546,6.278441622158715,-5.525172181720799,-3.245543148933395,6.397569121646499,-28.298844370530745
0.00015000000000000001,5.696518499658335,-3.0292977806098538,-0.10497065425964978,6.278602160158222,-5.591547845398685,-3.249304379548368,6.451896470074317,-28.00317690275868
0.0002,5.7592184741243715,-3.024556575882208,-0.1007256957524534,6.278923152591064,-5.658492778371918,-3.254366576708856,6.5051164411874876,-27.707012910774587
0.00025,5.821033441625503,-3.018707457152517,-0.09507590145924033,6.279457753173338,-5.725957540166263,-3.2607502960208197,6.557211681834792,-27.41063032323982
0.00030000000000000003,5.881922277300941,-3.0117845976094753,-0.08803032701884253,6.2802588117206035,-5.793891950282098,-3.268474214111128,6.608165867970231,-27.114301695675604
0.00035,5.9418451740754366,-3.0038236969205916,-0.07960001448877824,6.281378798978242,-5.862245159586658,-3.277555102057646,6.657963718350022,-26.818294593843795
0.0004,6.0007636992517215,-2.9948619304629096,-0.06979797660689403,6.28286973199199,-5.930965722644826,-3.2880078015290817,6.706591008611844,-26.522871955504073
0.00045000000000000004,6.05864084904572,-2.984937896475242,-0.05863917809077087,6.284783100154205,-6.000001670954948,-3.2998452036789634,6.754034585604333,-26.2282924320591
0.0005,6.115441101174605,-2.97409156118337,-0.0461405142350584,6.287169792005006,-6.069300586939548,-3.3130782308216356,6.800282382095452,-25.934810709969874
0.00055,6.1711304655983925,-2.962364201929475,-0.032320787067591256,6.2900800228356255,-6.1388096785308015,-3.3277158209061506,6.8453234319723615,-25.642677811716933
0.0006000000000000001,6.225676533117791,-2.9497983484078074,-0.017200678871540646,6.293563263213233,-6.208475854246251,-3.343764914805425,6.889147885717288,-25.352141378034343
0.0006500000000000001,6.27904852152148,-2.936437722144955,-0.0008027228596616916,6.297668168582175,-6.278245798661818,-3.36123044643722,6.931747025942085,-25.063445933235144
0.0007,6.3312173193490775,-2.92232717429883,0.016848728855731843,6.302442510034449,-6.348066048204809,-3.3801153357356206,6.973113283065973,-24.77683313347269
0.00075,6.382155527356286,-2.907512621830006,0.035727539835247166,6.3079331063225155,-6.417883067191533,-3.4004204844925088,7.013240251229469,-24.49254199755029
0.0008,6.431837497503717,-2.8920409821636905,0.05580582647039659,6.314185757234186,-6.4876433239741145,-3.422144775070495,7.052122704321672,-24.21080912124889
0.0008500000000000001,6.480239369296157,-2.875960106479262,0.07705399776005667,6.32124517845855,-6.557293367056215,-3.4452850719792893,7.089756612002705,-23.931868876123986
0.0009000000000000001,6.527339103506649,-2.8593187117117633,0.09944079761441486,6.3291549380400465,-6.626779901121063,-3.4698362263282827,7.126139155763941,-23.655953592535354
0.00095,6.573116513394905,-2.842166311312909,0.12293334950502302,6.337957394478763,-6.696049862899927,-3.4957910831658543,7.161268745119598,-23.383293726134752
0.001,6.617553293444132,-2.8245531448327856,0.14749720325757854,6.347693636507502,-6.765050496701711,-3.5231404916747158,7.195145033948799,-23.11411800740564
0.0010500000000000002,6.66063304549797,-2.8065301064352712,0.17309638395639224,6.358403424625667,-6.833729429454362,-3.5518733181903945,7.227768936892431,-22.84865357462411
0.0011,6.702341302135972,-2.788148672493398,0.19969344307233924,6.3701251345362735,-6.902034745208311,-3.5819764620428747,7.259142645674102,-22.587126090877135
0.00115,6.742665547288666,-2.7694608283579796,0.22724951171384677,6.382895702560732,-6.969915059002512,-3.6134348742027513,7.2892696453350405,-22.329759844783403
0.0012000000000000001,6.781595234197933,-2.7505189943395987,0.2557243557378287,6.396750573021382,-7.037319589935762,-3.6462315786817823,7.318154730443942,-22.07677783381925
0.00125,6.819121800612624,-2.731375951035143,0.2850764327558582,6.411723647701934,-7.104198233368482,-3.6803476966667916,7.345804021173142,-21.828401830430085
0.0013000000000000002,6.85523868095695,-2.71208476422742,0.31526295123685444,6.427847237600615,-7.170501632193806,-3.7157624733731938,7.372224979017046,-21.584852432150583
0.00135,6.889941315487673,-2.692698709474695,0.34623993154643234,6.44515201703527,-7.236181247034105,-3.752453307560574,7.397426422132949,-21.346349095217764
0.0014,6.923227156677617,-2.6732711963767084,0.37796226858211457,6.463666980041391,-7.301189425259733,-3.7903957836646818,7.421418540436579,-21.11311014957197
0.0014500000000000001,6.95509567282807,-2.6538556926070167,0.4103837959618409,6.483419399140179,-7.36547946878991,-3.829563706533161,7.444212910400562,-20.88535279457079
0.0015,6.98554834873242,-2.634505647915747,0.44345735182475227,6.504434786623914,-7.429005700557174,-3.869929138708169,7.465822509367486,-20.663293076002844
0.0015500000000000002,7.014588683428446,-2.615274418198716,0.4771348460560441,6.526736858367755,-7.491723529484492,-3.9114624401690388,7.486261729339086,-20.447145843534745
0.0016,7.042222185219957,-2.5962151896264847,0.511367328687008,6.550347500116351,-7.553589513906965,-3.9541323104898676,7.505546390293743,-20.23712468658863
0.00165,7.068456363980034,-2.577380902916292,0.546105059397948,6.575286736288172,-7.614561423377979,-3.997905833371879,7.523693752951899,-20.033441847746897
0.0017000000000000001,7.093300720617283,-2.558824177927332,0.5812975781300304,6.601572701399497,-7.674598298747313,-4.042748523472165,7.540722530809309,-19.836308113782653
0.00175,7.116766733640333,-2.5405972387452365,0.6168937767771149,6.629221614200188,-7.7336605104174465,-4.088624375454953,7.556652901289672,-19.64593268410958
0.0018000000000000002,7.138867842846185,-2.522751839368066,0.6528419718628334,6.658247754572513,-7.791709814709018,-4.135495915204446,7.571506515922594,-19.462523015798993
0.00185,7.1596194302174005,-2.505339190058534,0.6890899780294724,6.688663443177851,-7.848709408246873,-4.183324253119316,7.585306509481979,-19.286284643823066
0.0019,7.179038798066374,-2.4884098844574285,0.7255851822323232,6.720479023876976,-7.904623980298696,-4.232069139419551,7.598077507975799,-19.117420975534838
0.0019500000000000001,7.197145144356518,-2.4720138276511534,0.7622746186671167,6.753702849067062,-7.959419763023636,-4.281689021415907,7.609845635295969,-18.956133059375386
0.002,7.2139595352173105,-2.4562001653314445,0.7991050443142818,6.788341267972474,-8.01306457953159,-4.332141102641029,7.620638518387221,-18.802619327203075
0.00205,7.229504874860949,-2.441017214007864,0.836023014772694,6.824398617717472,-8.065527889633643,-4.383381403709608,7.630485290905222,-18.65707530796058
0.0021000000000000003,7.24380587303126,-2.4265123922734704,0.8729749602275472,6.861877217125612,-8.116780833258808,-4.435364824852142,7.639416595265563,-18.51969331095407
0.00215,7.256889009903363,-2.4127321533241872,0.9099072616298441,6.900777363416661,-8.166796271533208,-4.488045210092475,7.647464582836626,-18.390662079028996
0.0022,7.268782498411465,-2.3997219189022583,0.9467663269990759,6.941097331834695,-8.21554882541054,-4.541375412932434,7.654662912060385,-18.2701664116414
0.0022500000000000003,7.279516244163311,-2.3875260146512365,0.9834986675786818,6.982833378037177,-8.26301491174199,-4.595307363385937,7.6610467443864305,-18.158386756204447
0.0023,7.28912180303348,-2.3761876069196872,1.0200509737583476,7.025979743240414,-8.30917277679183,-4.649792136320729,7.666652737846991,-18.05549876674911
0.00235,7.297632336370393,-2.365748641232327,1.056370190831178,7.070528662304122,-8.35400252720157,-4.704780021071796,7.67151903799576,-17.961672830753468
0.0024000000000000002,7.305082563812115,-2.3562497826108286,1.0924035945020785,7.116470374795276,-8.39748615831419,-4.760220592184446,7.675685265965857,-17.8770735647697
0.00245,7.311508713839398,-2.347730357777028,1.128098865945136,7.163793138921543,-8.439607579784534,-4.816062781144513,7.679192503471788,-17.80185927832482
0.0025,7.316948472187678,-2.340228299264572,1.1634041662707362,7.2124832482765395,-8.480352638458413,-4.872254949011968,7.682083274563506,-17.73618140579547
0.00255,7.32144092818913,-2.3337800915217617,1.198268210312463,7.262525051393337,-8.519709138501593,-4.928744959871576,7.684401523901925,-17.68018390675909
0.0026000000000000003,7.325026519113164,-2.3284207190951385,1.2326403396451333,7.313900974105304,-8.557666858758298,-4.985480255010167,7.68619259131741,-17.634002635690045
0.00265,7.327746972588956,-2.3241836169647248,1.26647059471857,7.366591544673626,-8.594217567307524,-5.042407927708902,7.687503182415852,-17.59776468204851
0.0027,7.329645247230728,-2.321100623041922,1.2997097859270783,7.420575421526718,-8.629355033157806,-5.099474798484796,7.688381335010484,-17.571587681682015
0.0027500000000000003,7.330765471590483,-2.3192019328170215,1.332309563479665,7.475829423489837,-8.663075035070145,-5.156627490672812,7.688876381152545,-17.555579100695653
0.0028,7.331152881476658,-2.3185160562732445,1.3642224860827716,7.532328562613025,-8.69537536755943,-5.213812506339781,7.689038904491272,-17.54983549451243
0.00285,7.330853755646815,-2.319069777260721,1.3954020884184946,7.590046079697262,-8.72625584406531,-5.270976302436542,7.68892069269056,-17.554441745936504
0.0029000000000000002,7.329915349987592,-2.3208881153656087,1.4258029472337697,7.648953482334842,-8.755718297221362,-5.328065366969233,7.688574684688252,-17.56947028518503
0.00295,7.328385830327221,-2.3239942902363326,1.4553807458950276,7.70902058530404,-8.783766576222247,-5.385026295067706,7.688054912602529,-17.594980294803445
0.003,7.326314203929669,-2.3284096885013614,1.4840923374253658,7.770215553459942,-8.810406541355032,-5.441805864958582,7.687416438063481,-17.631016904383955
0.00305,7.323750249723435,-2.334153833435883,1.5118958059773968,7.832504947185108,-8.835646055700831,-5.498351113749226,7.68671528277635,-17.677610380743445
0.0031000000000000003,7.320744447421438,-2.3412443573310817,1.5387505265393957,7.8958537701323905,-8.859494973960832,-5.554609412801307,7.686008353182193,-17.734775318130485
0.00315,7.317347905685716,-2.349696976489246,1.5646172227303587,7.960225519044716,-8.881965128416073,-5.610528542555468,7.685353359095848,-17.802509833415048
0.0032,7.313612289418934,-2.359525468909563,1.5894580226612118,8.0255822356877,-8.903070312080148,-5.666056766778137,7.684808726206045,-17.880794772971225
0.0032500000000000003,7.30958974626868,-2.3707416547314413,1.6132365128111386,8.09188456088922,-8.922826259079818,-5.721142906157778,7.684433502362746,-17.9695929385421
0.0033,7.305332832464984,-2.38335537941579,1.635917789810235,8.159091790527654,-8.941250622275218,-5.775736411111863,7.6842872576239,-18.068848339229696
0.00335,7.300894438098528,-2.397374499662956,1.657468510042919,8.227161933333909,-8.958362948141446,-5.829787433670952,7.684429978072038,-18.178485477417407
0.0034000000000000002,7.296327711926542,-2.4128048721225936,1.6778569370235914,8.296051770457876,-8.974184648950132,-5.8832468983352815,7.684921953459627,-18.298408677332127
0.0034500000000000004,7.291685985796414,-2.4296503449576066,1.6970529865124286,8.365716916814705,-8.988738972308841,-5.936066571857099,7.685823658802772,-18.42850146537768
0.0035,7.287022698783506,-2.447912752323272,1.7150282693305225,8.436111884233325,-9.00205096811403,-5.988199131910054,7.687195630109392,-18.568626011645847
0.00355,7.282391321155361,-2.4675919117822036,1.7317561317829269,8.507190146262166,-9.014147452938287,-6.039598234479963,7.689098334494876,-18.718622641884586
0.0036000000000000003,7.277845278290594,-2.488685624604647,1.747211693587053,8.578904204379079,-9.02505697187765,-6.090218579774433,7.69159203499838,-18.87830942874233
0.00365,7.273437874664764,-2.5111896789431047,1.761371883272862,8.651205655570129,-9.034809757937628,-6.140015976627022,7.694736650479876,-19.047481871377016
0.0037,7.269222218001727,-2.535097855933939,1.7742154710351297,8.724045261344948,-9.043437689036855,-6.188947405411003,7.698591611057882,-19.225912672809677
0.0037500000000000003,7.265251143713291,-2.5604019386690617,1.7857230989521127,8.797373017953328,-9.050974242665403,-6.236971079284266,7.7032157096090454,-19.413351623226518
0.0038,7.261577139753701,-2.5870917238972515,1.7958773084941075,8.871138227468256,-9.057454448247807,-6.284046503571007,7.708666949898094,-19.609525596333484
0.00385,7.258252271979541,-2.615155036465539,1.8046625653214026,8.94528956974218,-9.062914837300944,-6.3301345332766354,7.7150023919923205,-19.81413866634831
0.0039000000000000003,7.255328110099808,-2.644577746597378,1.8120652813707954,9.019775175350773,-9.067393391470604,-6.375197428753394,7.722277995708424,-20.026872352988203
0.00395,7.252855654327811,-2.6753437899505883,1.8180738341819809,9.094542699353765,-9.070929488509792,-6.419198909403175,7.730548462880371,-20.24738599964868
0.004,7.2508852628437115,-2.7074351903546767,1.8226785834244108,9.169539395640603,-9.073563846268124,-6.462104205285925,7.739867079278235,-20.475317288498278
0.00405,7.249466580158871,-2.740832085283552,1.8258718846155517,9.244712191852418,-9.075338464774424,-6.5038801065688645,7.750285557097889,-20.710282896018747
0.0041,7.248648466483607,-2.775512754121749,1.827648100013359,9.320007764899415,-9.076296566496966,-6.544495010777668,7.761853879000019,-20.951879291025058
0.00415,7.248478928211519,-2.8114536491340854,1.828003606652424,9.395372616938747,-9.076482534863942,-6.583918967804661,7.774620144673035,-21.19968367454198
0.004200000000000001,7.249005049625167,-2.848629429030407,1.8269368015019465,9.470753151616973,-9.075941851127114,-6.622123722586567,7.788630420903876,-21.4532550591296
0.00425,7.250272925919684,-2.8870129950752035,1.8244481037390394,9.546095750387341,-9.074721029658718,-6.659082755312136,7.803928596165977,-21.712135483928332
0.0043,7.252327597639035,-2.926575529694258,1.8205399541422147,9.621346848781506,-9.07286755178125,-6.694771319087249,7.820556240733905,-21.97585135993425
0.004350000000000001,7.255212986617698,-2.9672865375201884,1.8152168116078842,9.696453012621596,-9.070429798225579,-6.729166475101407,7.838552473316399,-22.243914938171898
0.0044,7.258971833515488,-3.0091138887888227,1.8084851467927212,9.771361014065361,-9.067456980308206,-6.762247125276539,7.857953835157915,-22.515825891507557
0.00445,7.263645637024714,-3.0520238649719125,1.8003534329055786,9.846017907222295,-9.063999069930292,-6.79399404225038,7.8787941725004,-22.791072999042864
0.0045000000000000005,7.269274594830314,-3.09598120661544,1.7908321336749178,9.920371103253718,-9.060106728505232,-6.824389896638276,7.901104528277134,-23.06913592105952
0.00455,7.275897546417963,-3.140949163432776,1.7799336884864325,9.994368445092329,-9.055831234904398,-6.853419281659551,7.9249130438913955,-23.34948705158436
0.0046,7.283551917820231,-3.1868895465911704,1.767672494692184,10.06795828170785,-9.051224412512413,-6.8810687351166795,7.950244871810857,-23.63159343369518
0.0046500000000000005,7.292273668368364,-3.233762783013103,1.7540648871363116,10.1410895416061,-9.046338555504674,-6.907326758592998,7.977122099553149,-23.914918720998266
0.0047,7.302097239524984,-3.2815279716306653,1.7391291149325947,10.213711805453471,-9.041226354457576,-6.932183833822805,8.005563685592218,-24.198925168741997
0.00475,7.313055505895858,-3.330142941634774,1.7228853154940997,10.285775377895385,-9.035940821389957,-6.955632436260606,8.035585407674642,-24.483075638157963
0.0048000000000000004,7.3251797284949,-3.3795643126030774,1.7053554858484914,10.35723135842109,-9.030535214343391,-6.977667045818013,8.067199823840545,-24.76683559643232
0.00485,7.33849951029715,-3.429747556268196,1.6865634513177912,10.428031710995802,-9.02506296161494,-6.998284154727606,8.100416246240632,-25.049675094134013
0.0049,7.353042754130658,-3.480647059828387,1.6665348316226773,10.498129332348226,-9.019577585753334,-7.017482272519838,8.135240727794436,-25.331070703187283
0.00495,7.3688356229876675,-3.5322161908127683,1.6452970044476607,10.567478118900446,-9.014132627435329,-7.035261928087679,8.171676061693336,-25.61050739971938
0.005,7.385902502815512,-3.5844073634170175,1.622879066511536,10.63603303227992,-9.008781569327047,-7.051625668862901,8.20972179358196,-25.887480376417283
0.005050000000000001,7.404265967820705,-3.6371721061518723,1.5993117921961901,10.703750163325687,-9.003577760016897,-7.066578057173812,8.249374246086617,-26.161496769760287
0.0051,7.423946748328552,-3.6904611307042026,1.5746275897997863,10.770586794476172,-8.998574338128337,-7.080125663771967,8.290626555288606,-26.43207728916508
0.00515,7.444963701260123,-3.744224401970001,1.5488604554800636,10.836501460445307,-8.993824156740187,-7.092277058475306,8.33346871869022,-26.698757736874484
0.005200000000000001,7.467333783296546,-3.7984112092251014,1.5220459249139227,10.901454007202068,-8.989379708210471,-7.103042797976964,8.377887654148198,-26.96109040903423
0.00525,7.491072026779371,-3.852970238334617,1.494221022706524,10.965405649226525,-8.985293049485895,-7.112435410891905,8.423867269128158,-27.218645369766655
0.0053,7.516191518348572,-3.9078496448039073,1.465424209671943,11.028319024809438,-8.981615728020516,-7.120469380005529,8.471388539483302,-27.471011591384332
0.005350000000000001,7.542703380324911,-3.962997127522072,1.43569532811402,11.090158249206766,-8.97839870843893,-7.1271611216846935,8.520429596934243,-27.717797955993728
0.0054,7.570616754901697,-4.018360003186114,1.4050755451368655,11.150888965701148,-8.97569230003856,-7.132528962515029,8.57096582450334,-27.958634116167506
0.00545,7.59993879118877,-4.0738852813300275,1.3736072940330277,11.210478394557194,-8.9735460852218,-7.13659311322717,8.622969959083312,-28.193171213753402
0.0055000000000000005,7.630674635066024,-4.129519739724864,1.341334213910892,11.268895379641407,-8.972008848976913,-7.139375639916543,8.676412200156081,-28.421082456876523
0.00555,7.66282742182323,-4.185209999993274,1.3083010876862036,11.326110432595403,-8.971128509509434,-7.140900432602128,8.731260323727025,-28.642063557171813
0.0056,7.696398271654753,-4.240902603455936,1.2745537784465009,11.382095774666006,-8.970952050101252,-7.14119317121007,8.787479800712466,-28.85583303141933
0.0056500000000000005,7.731386288062851,-4.2965440871761285,1.2401391642322313,11.43682537620171,-8.971525452295083,-7.140281289025578,8.845033919001917,-29.062132372726893
0.0057,7.7677885591336295,-4.352081060016413,1.205105071367309,11.490274993675856,-8.97289363050094,-7.138193933659443,8.903883908293105,-29.260726096907927
0.00575,7.805600161649462,-4.407460278547687,1.1695002064452003,11.542422204164287,-8.975100368094658,-7.134961925616601,8.963989066845059,-29.451401670817802
0.0058000000000000005,7.844814168069599,-4.462628722766035,1.1333740870346998,11.593246437275551,-8.978188255104298,-7.130617714509513,9.025306889452676,-29.63396933061888
0.00585,7.885421656410219,-4.51753367156183,1.0967769711949082,11.642729004490805,-8.982198627605129,-7.125195332928976,9.087793195989782,-29.808261798456808
0.0059,7.927411722992476,-4.572122777795424,1.059759785909606,11.690853125848161,-8.987171508902083,-7.118730348052737,9.15140225982195,-29.974133906149966
0.00595,7.9707714979901505,-4.626344142801757,1.0223740545806002,11.737603953880077,-8.993145552570752,-7.11125981107832,9.216086935397705,-30.131462134723076
0.006,8.01548616372885,-4.680146390194346,0.9846718237414329,11.782968594705416,-9.000157987470287,-7.102822204511068,9.281798784426314,-30.280144078955907
0.006050000000000001,8.061538975743616,-4.733478738915033,0.9467055890702697,11.826936126295989,-9.008244564813884,-7.093457387380956,9.348488200195478,-30.420097846341065
0.0061,8.108911286608361,-4.786291075476833,0.9085282207302916,11.86949761398806,-9.017439507338652,-7.083206538511225,9.416104529648853,-30.55126139967575
0.00615,8.157582572469687,-4.838534025252551,0.870192888180592,11.910646123167284,-9.027775460650277,-7.072112097914735,9.484596192784794,-30.673591852012105
0.006200000000000001,8.207530462186861,-4.890159022646217,0.8317529846371696,11.950376729034293,-9.039283446824028,-7.060217706388076,9.55391079896047,-30.787064722383825
0.00625,8.258730769084744,-4.9411183801100425,0.7932620512063479,11.988686523538643,-9.051992820291089,-7.047568143428602,9.623995259895361,-30.89167316065075
0.0063,8.311157525368477,-4.991365356000809,0.7547737006886571,12.0255746195725,-9.065931226057135,-7.034209263571687,9.6947958992737,-30.98742714934163
0.006350000000000001,8.364783019117677,-5.0408542211302505,0.7163415412360437,12.061042152322477,-9.081124560353722,-7.020187931192226,9.766258558711526,-31.07435268953067
0.0064,8.419577833715774,-5.089540323824038,0.6780191000701105,12.095092277681346,-9.097596933785884,-7.005551953857308,9.838328699826455,-31.152490977231974
0.00645,8.475510889681685,-5.137380153427034,0.6398597473139356,12.127730167782126,-9.115370636995623,-6.990350014355091,9.910951502350256,-31.221897576511914
0.006500000000000001,8.53254948891302,-5.1843314022254745,0.6019166199973619,12.158963003700938,-9.134466108910381,-6.974631601475466,9.984071958316957,-31.282641594959493
0.00655,8.590659361252122,-5.230353025668844,0.5642425464182368,12.188799965271233,-9.154901907670359,-6.958446939602387,10.057634962265828,-31.33480486641757
0.0066,8.64980471324197,-5.275405300751638,0.5268899710202753,12.217252217988715,-9.176694684262246,-6.941846917237077,10.13158539738088,-31.378481145323768
0.0066500000000000005,8.709948278995508,-5.319449882475715,0.48991087986673176,12.244332897060334,-9.199859158862239,-6.924883014584618,10.205868217596567,-31.413775316573027
0.0067,8.771051373154316,-5.362449858356068,0.4533567267742658,12.270057088657206,-9.224408099928583,-6.907607230301137,10.2804285257909,-31.440802624310475
0.00675,8.83307394590413,-5.404369800921589,0.41727836016926595,12.294441808427537,-9.250352306073392,-6.890072007505952,10.355211648195493,-31.459687922505147
0.0068000000000000005,8.895974639954987,-5.445175818120536,0.3817259507628861,12.317505977298678,-9.277700590717876,-6.872330159178138,10.430163205097363,-31.470564949634877
0.00685,8.959710849356695,-5.484835601525018,0.3467489202015034,12.339270394561922,-9.306459769558197,-6.854434793036903,10.50522917788262,-31.473575629386826
0.006900000000000001,9.024238780075411,-5.523318472275459,0.3123958707828525,12.359757708286956,-9.336634650858263,-6.836439236011496,10.580355972555756,-31.468869398908858
0.0069500000000000004,9.089513512315746,-5.560595424742265,0.27871451623950194,12.378992383164016,-9.368228028555247,-6.818396958421753,10.655490479946717,-31.456602565750618
0.007,9.155489064497058,-5.596639167832609,0.24575161372556986,12.39700066578451,-9.401240678222624,-6.800361497951904,10.730580132734822,-31.436937694258052
0.007050000000000001,9.222118458695354,-5.6314241638251925,0.21355289726572418,12.41381054731651,-9.435671355961077,-6.782386383491317,10.80557295931705,-31.410043021923613
0.0071,9.289353787433921,-5.664926664672878,0.18216301274880245,12.429451723649947,-9.471516800182725,-6.764525058977071,10.880417634642281,-31.376091905956127
0.00715,9.357146281813497,-5.697124745772129,0.15162545441999958,12.443955553146749,-9.508771736233495,-6.746830807374616,10.955063528256936,-31.33526230003599
0.007200000000000001,9.42544638090539,-5.727998337157707,0.12198250299818718,12.457355012032279,-9.54742888390358,-6.729356674874572,11.029460749728608,-31.287736260991686
0.00725,9.494203802233324,-5.757529252040724,0.09327516562090607,12.469684647440843,-9.587478967854231,-6.712155395400118,11.103560191508231,-31.233699485013737
0.0073,9.563367613235245,-5.78570121265106,0.06554311763783663,12.480980528221636,-9.628910730873082,-6.695279315570577,11.17731356936669,-31.173340872852105
0.007350000000000001,9.632886303679195,-5.812499873382568,0.03882464621236104,12.491280193627059,-9.671710949891553,-6.678780320244491,11.250673460628152,-31.106852123231775
0.0074,9.702707858955115,-5.8379128412131776,0.013156595823615698,12.500622599940208,-9.71586445477873,-6.662709758727032,11.323593340359368,-31.03442735361748
0.00745,9.772779834098909,-5.861929693350135,-0.011425684192052905,12.50904806508678,-9.761354149906854,-6.647118371736648,11.396027615601426,-30.95626274742746
0.007500000000000001,9.843049428417176,-5.8845419920652615,-0.03488838997205467,12.516598211304496,-9.808161038445121,-6.632056219239236,11.467931657742083,-30.87255622673264
0.00755,9.913463560606129,-5.905743296700472,-0.057199311259504476,12.523315905951904,-9.856264249346625,-6.617572609251432,11.53926183314982,-30.783507149402066
0.0076,9.98396894427668,-5.925529172833376,-0.07832787728456483,12.529245200545791,-9.905641066992112,-6.603716027712414,11.609975532204219,-30.689316029588706
0.0076500000000000005,10.05451216378729,-5.9438971985913875,-0.09824520032466057,12.534431268110739,-9.95626696346263,-6.590534069519352,11.680031196840575,-30.590184280425856
0.0077,10.125039750230153,-5.960846968092378,-0.11692411678797333,12.538920338906292,-10.008115633442179,-6.578073370813915,11.749388346665402,-30.486313977865763
0.00775,10.195498257433387,-5.976380092004224,-0.13433922573260207,12.54275963462675,-10.061159031700784,-6.566379542622526,11.818007603713564,-30.377907644579864
0.0078000000000000005,10.265834337936015,-5.990500195242489,-0.15046692490918154,12.545997301208988,-10.115367413026835,-6.555497105966499,11.885850716004576,-30.265168052702883
0.007850000000000001,10.33599481887538,-6.003212911817488,-0.16528544434038733,12.548682340351649,-10.170709374534994,-6.545469428534158,11.952880580028854,-30.14829804421211
0.0079,10.405926777627675,-6.014525876823436,-0.17877487726230687,12.550864539811219,-10.227151900365367,-6.536338662987777,12.019061262192126,-30.027500367898934
0.00795,10.475577617063655,-6.024448715576637,-0.19091720835941334,12.552594402574396,-10.284660408704239,-6.528145686997758,12.0843580192635,-29.90297753189522
0.008,10.544895140371162,-6.0329930299286625,-0.20169633940907622,12.55392307503318,-10.343198800962085,-6.520930045104522,12.148737317951655,-29.77493167058918
0.00805,10.613827625361772,-6.040172381773107,-0.2110981123154599,12.554902274254937,-10.40272951304631,-6.514729892481832,12.212166853692564,-29.643564424836367
0.0081,10.682323898091798,-6.046002273757774,-0.2191103293405693,12.555584214424126,-10.463213568751229,-6.509581940666349,12.274615568645206,-29.50907683456365
0.008150000000000001,10.750333405658093,-6.050500127228702,-0.2257227704630274,12.556021532562694,-10.524610635195065,-6.505521405333993,12.336053668917094,-29.371669242862158
0.0082,10.8178062880999,-6.053685257444218,-0.23092720792223895,12.556267213648283,-10.586879080177665,-6.5025819562040645,12.396452641100648,-29.231541210566302
0.00825,10.884693449320702,-6.0555788460959645,-0.23471741793313483,12.55637451523701,-10.649976031387569,-6.500795669141043,12.455785268178396,-29.088891440375257
0.0083,10.95094662690788,-6.056203911175061,-0.2370891895128639,12.55639689169719,-10.713857437395015,-6.500192980522128,12.514025644816188,-28.94391770968212
0.00835,10.95117892034802,-6.056201719604443,-0.23756380536612223,12.556392413937681,-10.713615114981899,-6.50019069433324,12.514227863276847,-28.943394223302914
0.008400000000000001,10.951418838821915,-6.056194927465395,-0.2380382215882759,12.556378983121391,-10.713380617233641,-6.500184055655996,12.51443452908525,-28.942835427060228
0.008450000000000001,10.951666202228603,-6.056183250408889,-0.23851210102244677,12.556356613131408,-10.713154101206156,-6.500173362722519,12.51464534725493,-28.942240583078604
0.0085,10.951920820253381,-6.056166411078518,-0.23898510761571656,12.556325330529564,-10.71293571263766,-6.50015891945104,12.51486001726648,-28.941609004193168
0.00855,10.95218249312506,-6.056144139434874,-0.23945690739273565,12.556285174450569,-10.712725585732324,-6.500141035015692,12.515078233887571,-28.940940053559473
0.0086,10.952451012030176,-6.056116173060281,-0.23992716897601885,12.556236196477906,-10.712523843054154,-6.500120023417626,12.515299687683196,-28.940233144944123
0.00865,10.952726158869897,-6.056082257522343,-0.24039556344764298,12.556178460577721,-10.712330595422253,-6.500096203055383,12.515524064979056,-28.939487744706504
0.008700000000000001,10.953007705899198,-6.056042146795815,-0.24086176422156383,12.556112043070867,-10.712145941677635,-6.500069896275051,12.51575104774997,-28.93870337427408
0.00875,10.95329541588335,-6.055995603655305,-0.24132544744404094,12.556037032558317,-10.711969968439307,-6.5000414289030095,12.51598031394679,-28.937879611353992
0.0088,10.953589042449215,-6.055942400038956,-0.2417862924422928,12.555953529826159,-10.711802750006923,-6.500011129787203,12.516211537979578,-28.93701609059636
0.00885,10.953888330121465,-6.055882317463974,-0.24224398182123444,12.555861647804367,-10.711644348300231,-6.49997933034039,12.516444390950014,-28.93611250516267
0.0089,10.954193014484336,-6.05581514743511,-0.24269820180029925,12.555761511490125,-10.711494812684037,-6.499946364055013,12.516678540990094,-28.935168607987354
0.00895,10.95450282303143,-6.055740691697611,-0.2431486432561234,12.555653257695615,-10.711354179775304,-6.499912565998004,12.516913654127594,-28.934184210892212
0.009000000000000001,10.954817476262578,-6.055658762368408,-0.24359500286177443,12.555537034693737,-10.711222473400804,-6.4998782723253266,12.517149395308712,-28.933159182665996
0.00905,10.955136688364027,-6.055569182101332,-0.2440369836700047,12.555413001930994,-10.711099704694025,-6.49984381982966,12.517385429072435,-28.932093448203606
0.0091,10.955460167575504,-6.0554717843050065,-0.2444742953915796,12.55528132979727,-10.710985872183922,-6.499809545492264,12.517621419976223,-28.930986988549783
0.00915,10.955787616601947,-6.055366413336641,-0.244906654822891,12.555142199342512,-10.71088096177906,-6.499775786005871,12.51785703304899,-28.929839840747697
0.0092,10.956118733021276,-6.055252924683485,-0.24533378627329483,12.554995801972288,-10.71078494674798,-6.499742877288802,12.51809193423453,-28.928652097647024
0.009250000000000001,10.956453209470927,-6.0551311852117475,-0.24575542162083108,12.554842339256071,-10.710697787850098,-6.49971115404432,12.518325790673833,-28.927423908472516
0.009300000000000001,10.956790733589958,-6.055001073520969,-0.24617130007703883,12.554682022863709,-10.710619433512917,-6.499680949342742,12.518558270824276,-28.926155480356318
0.00935,10.957130988000563,-6.0548624803215105,-0.2465811681905021,12.554515074452679,-10.710549819810057,-6.499652594131168,12.518789044624377,-28.92484707987584
0.0094,10.957473650714368,-6.05471530866732,-0.24698478040469915,12.554341725340496,-10.710488870309662,-6.499626416673176,12.519017783960132,-28.923499033071778
0.00945,10.957818395902603,-6.05455947401678,-0.24738189979723768,12.554162216056909,-10.710436496105363,-6.499602742040133,12.519244163366567,-28.922111723972872
0.0095,10.958164894570356,-6.054394904291074,-0.24777229851863122,12.553976795977485,-10.71039259605172,-6.49958189168641,12.51946786064407,-28.920685593323928
0.009550000000000001,10.958512815100368,-6.0542215399591015,-0.2481557581781338,12.553785722953695,-10.71035705692223,-6.499564182994591,12.519688557373291,-28.919221137710053
0.009600000000000001,10.958861824051207,-6.0540393339657514,-0.24853207061019966,12.553589262718704,-10.710329753441002,-6.499549928752952,12.51990593957684,-28.917718907491547
0.00965,10.959211587087474,-6.053848251532866,-0.24890103862689644,12.553387688226909,-10.710310548460578,-6.499539436694041,12.520119698434991,-28.916179503937936
0.0097,10.959561769491048,-6.053648270125594,-0.2492624761089027,12.553181279293861,-10.710299293382146,-6.4995330091682675,12.520329530714612,-28.914603577953123
0.00975,10.959912036270483,-6.053439379633507,-0.2496162077095093,12.55297032246765,-10.710295828560975,-6.4995309428341415,12.520535138950105,-28.912991830551082
0.0098,10.960262052357118,-6.053221582523915,-0.24996206885350156,12.55275511076636,-10.710299983503617,-6.499533528242446,12.52073623168673,-28.91134501302926
0.009850000000000001,10.960611482955814,-6.052994893912043,-0.25029990597023255,12.55253594327697,-10.710311576985577,-6.499541049364928,12.520932523818987,-28.9096639264679
0.0099,10.960959993802534,-6.052759341692416,-0.25062957651393347,12.552313124879667,-10.7103304172886,-6.499553783187251,12.521123736876993,-28.907949421681842
0.00995,10.961307251407568,-6.052514966692322,-0.2509509488828195,12.552086966052505,-10.710356302524747,-6.499571999360183,12.521309599310875,-28.90620239929367
0.01,10.961652923529387,-6.052261822672203,-0.251263902681353,12.55185778244853,-10.710389020848034,-6.499595959776325,12.521489846903036,-28.904423808684754
0.01005,10.961996679882528,-6.051999976132075,-0.25156832935929935,12.551625894160168,-10.710428350523227,-6.49962591802809,12.521664223291497,-28.902614645653205
0.010100000000000001,10.962338192925515,-6.051729506003119,-0.25186413280887476,12.551391624931522,-10.710474060116642,-6.499662118928405,12.521832480507884,-28.9007759494365
0.010150000000000001,10.962677138570346,-6.05145050333626,-0.25215122959682273,12.55115530158379,-10.710525908973521,-6.499704798247532,12.521994379445374,-28.89890879989718
0.0102,10.963013196725221,-6.051163071073024,-0.2524295489801082,12.550917253587992,-10.71058364774511,-6.499754182514965,12.522149690220495,-28.897014315408548
0.01025,10.96334605176556,-6.050867323842287,-0.2526990330325479,12.550677812532344,-10.710647018733011,-6.499810488690053,12.522298192484708,-28.89509365100417
0.0103,10.963675393002214,-6.0505633877308815,-0.2529596367802569,12.550437311553775,-10.710715756221958,-6.4998739238228955,12.522439675721008,-28.893147996430237
0.01035,10.964000914971713,-6.050251400194118,-0.2532113279644646,12.550196085093063,-10.710789587007248,-6.499944684898943,12.522573939452363,-28.891178575153244
0.010400000000000001,10.964322317516885,-6.049931510174281,-0.25345408656721824,12.549954468916049,-10.710868230949666,-6.50002295874177,12.52270079336716,-28.88918664466546
0.010450000000000001,10.96463930598927,-6.049603878133099,-0.25368790467903607,12.549712799858929,-10.710951401310234,-6.500108921725828,12.522820057509726,-28.88717349617759
0.0105,10.964951591704574,-6.049268675833605,-0.25391278676144713,12.549471415167133,-10.711038804943128,-6.5002027393335275,12.522931562571374,-28.885140452749436
0.01055,10.96525889239682,-6.048926086095246,-0.254128749805998,12.5492306518861,-10.71113014259082,-6.500304565790853,12.523035150167512,-28.883088867317586
0.0106,10.965560932616137,-6.0485763025836725,-0.25433582329100657,12.54899084643601,-10.711225109325134,-6.500414543852336,12.523130673082273,-28.88102012098778
0.01065,10.965857444284925,-6.0482195293886765,-0.25453404930630413,12.548752333971732,-10.711323394978619,-6.5005328045830595,12.523217995549615,-28.878935620129898
0.010700000000000001,10.966148167363173,-6.047855980404795,-0.2547234828649736,12.548515447453523,-10.7114246844982,-6.5006594670487265,12.523296993534917,-28.876836792442308
0.010750000000000001,10.966432850354431,-6.047485878823214,-0.2549041919983465,12.548280516888235,-10.711528658356087,-6.500794638065017,12.523367554931022,-28.874725083815395
0.0108,10.966711250621092,-6.047109456813132,-0.25507625747766177,12.548047869001902,-10.711634993143434,-6.500938412188772,12.523429579678963,-28.87260195637638
0.01085,10.96698313465695,-6.0467269552369,-0.25523977242061413,12.547817827090034,-10.711743362236337,-6.5010908718531315,12.523482979867802,-28.870468886764602
0.0109,10.967248278341359,-6.04633862337408,-0.25539484201906687,12.547590710739248,-10.711853436322295,-6.501252087365168,12.523527679822752,-28.868327364483882
0.01095,10.967506467133552,-6.045944718721494,-0.25554158334256766,12.547366835451879,-10.711964883790982,-6.501422116730382,12.523563616177809,-28.866178890692133
0.011000000000000001,10.967757496229936,-6.045545506853727,-0.25568012505100907,12.547146512409691,-10.712077371178927,-6.501601005555961,12.523590737945218,-28.864024977315434
0.01105,10.968001170744158,-6.045141261260825,-0.2558106070560923,12.546930048346242,-10.712190563688061,-6.5017887870854185,12.52360900659404,-28.86186714602094
0.0111,10.968237305989955,-6.044732263017647,-0.25593318038657,12.546717745110191,-10.712304125603382,-6.501985482092545,12.523618396137605,-28.859706926288645
0.01115,10.968465727885398,-6.044318800205647,-0.25604800729149996,12.546509898769933,-10.712417720593896,-6.5021910985642855,12.523618893207985,-28.857545852223417
0.0112,10.968686273335525,-6.043901167291559,-0.25615526124576543,12.546306798767459,-10.712531012089757,-6.5024056314759,12.523610497090981,-28.855385459242395
0.011250000000000001,10.968898790495594,-6.043479664650336,-0.25625512668609784,12.546108727482979,-10.712643663809496,-6.502629062832639,12.523593219726429,-28.85322728160393
0.011300000000000001,10.969103139033066,-6.04305459803493,-0.2563477987134276,12.545915959844482,-10.712755340319637,-6.502861361809554,12.523567085681945,-28.8510728497264
0.01135,10.969299190437635,-6.042626277872047,-0.2564334828925999,12.545728762707776,-10.712865707545037,-6.503102484835728,12.523532132085002,-28.848923686703348
0.0114,10.969486828201184,-6.042195018743257,-0.2565123949298332,12.545547394438493,-10.712974433271349,-6.503352375695235,12.523488408530794,-28.84678130584825
0.01145,10.969665947818712,-6.041761139235126,-0.2565847601291992,12.545372105000393,-10.713081187689513,-6.503610965765266,12.523435977011465,-28.844647210112846
0.0115,10.96983645681473,-6.0413249617627836,-0.25665081286670466,12.545203136108707,-10.713185643948027,-6.503878174345921,12.523374911855017,-28.842522891342355
0.011550000000000001,10.969998274877742,-6.040886812130989,-0.25671079625166177,12.545040721001598,-10.71328747862608,-6.504153908870609,12.52330529963231,-28.840409828239714
0.011600000000000001,10.970151333974346,-6.040447019104278,-0.25676496186657227,12.54488508399438,-10.713386372107777,-6.5044380648901,12.523227239050838,-28.838309484410463
0.01165,10.970295578404585,-6.0400059141084235,-0.2568135694579524,12.544736440117026,-10.713482008946633,-6.504730526008604,12.523140840860487,-28.83622330706295
0.0117,10.970430964893607,-6.039563830808098,-0.25685688660686895,12.544594994775691,-10.713574078286737,-6.505031163967594,12.52304622773157,-28.834152725131467
0.01175,10.970557462743368,-6.039121104424064,-0.25689518844847786,12.544460943201917,-10.713662274294892,-6.505339838777852,12.522943534059968,-28.832099146222063
0.0118,10.970675053969215,-6.0386780709549805,-0.2569287574100185,12.544334469705472,-10.713746296559192,-6.505656398750487,12.522832905713267,-28.83006395320832
0.011850000000000001,10.970783733353983,-6.038235066535733,-0.25695788284893833,12.544215747114395,-10.713825850505044,-6.505980680578663,12.52271449977065,-28.8280485015552
0.0119,10.970883508419794,-6.037792427009794,-0.2569828605474453,12.544104936697638,-10.713900647872347,-6.5063125096878425,12.522588484294062,-28.826054117681103
0.01195,10.970974399378889,-6.037350487542383,-0.25700399217766157,12.544002188289005,-10.713970407201225,-6.5066517007466205,12.522455038100764,-28.824082097528514
0.012,10.971056439101385,-6.036909582097192,-0.2570215848373951,12.543907640194078,-10.714034854263987,-6.506998058096886,12.522314350485093,-28.822133704549227
0.01205,10.971129673051566,-6.036470042969187,-0.257035950597943,12.54382141906512,-10.714093722453622,-6.507351376095932,12.522166620939723,-28.82021016798243
0.012100000000000001,10.971194159163181,-6.036032200619908,-0.2570474060068041,12.54374364009845,-10.714146753156374,-6.507711439478542,12.522012058969464,-28.81831268247861
0.012150000000000001,10.971249967726415,-6.035596383517417,-0.2570562716237762,12.543674407219497,-10.714193696102638,-6.508078023702075,12.521850883917496,-28.816442407715208
0.0122,10.971297181332266,-6.035162917562211,-0.2570628716426725,12.543613812748,-10.714234309689592,-6.508450895185786,12.521683324642392,-28.814600466224544
0.01225,10.971335894804236,-6.034732125344577,-0.25706753351507683,12.543561936792491,-10.71426836128916,-6.5088298114479155,12.521509619102872,-28.812787940572445
0.0123,10.971366215066691,-6.034304325678285,-0.25707058750736916,12.54351884689879,-10.714295627559324,-6.5092145212205015,12.521330014020336,-28.811005871782857
0.01235,10.97138826099087,-6.033879833225225,-0.2570723662221096,12.543484597893137,-10.714315894768758,-6.509604764667911,12.521144764565673,-28.809255258174936
0.012400000000000001,10.97140216324035,-6.033458957849981,-0.2570732041143989,12.54345923162165,-10.714328959125949,-6.510000273771666,12.520954133915483,-28.807537053117155
0.012450000000000001,10.971408064082187,-6.033042003908323,-0.25707343698886836,12.54344277669389,-10.714334627093315,-6.510400772785568,12.520758392746414,-28.805852162590373
0.0125,10.971406117157366,-6.032629269842456,-0.2570734014775073,12.543435248542119,-10.714332715679861,-6.510805978699661,12.520557818841699,-28.804201444069292
0.01255,10.9713964872433,-6.032221048013277,-0.2570734345333907,12.543436649813897,-10.714323052709906,-6.511215601800623,12.520352696804872,-28.802585706370238
0.0126,10.971379350021591,-6.031817624472066,-0.25707387296289624,12.543446970785968,-10.714305477058698,-6.511629346313906,12.520143317748884,-28.80100570924346
0.01265,10.97135489183678,-6.031419278555375,-0.25707505298003,12.54346618950595,-10.714279838856754,-6.51204691095057,12.519929978892065,-28.79946216227497
0.012700000000000001,10.971323309435808,-6.031026282438522,-0.25707730975664805,12.543494271742352,-10.71424599967916,-6.512467989303827,12.519712983117213,-28.797955723663677
0.012750000000000001,10.971284809702452,-6.030638900842928,-0.2570809769751489,12.543531171035637,-10.714203832727302,-6.512892270192709,12.519492638600326,-28.796486999625273
0.0128,10.971239609391827,-6.03025739080062,-0.25708638638453174,12.543576828775079,-10.714153223007294,-6.513319437974458,12.51926925846687,-28.795056544024177
0.01285,10.971187934825428,-6.029882001145593,-0.2570938673136944,12.543631173951278,-10.714094067511732,-6.513749172805686,12.519043160281804,-28.79366485699595
0.0129,10.971130021525802,-6.02951297180524,-0.25710374612749837,12.543694122741414,-10.7140262753983,-6.5141811509361744,12.518814665390346,-28.79231238289964
0.012950000000000001,10.971066113850467,-6.029150533367983,-0.257116345702312,12.54376557848097,-10.713949768148156,-6.514615045112985,12.518584098391058,-28.79099950937847
0.013000000000000001,10.970996464663488,-6.028794906967154,-0.2571319849656209,12.543845432032194,-10.71386447969787,-6.515050525065042,12.518351786794133,-28.789726567605022
0.01305,10.970921334982469,-6.0284463040254375,-0.25715097844406093,12.54393356208107,-10.713770356538406,-6.515487258055633,12.518118060590876,-28.788493832020617
0.0131,10.970840993569581,-6.028104925800133,-0.2571736358029927,12.544029835331722,-10.713667357766585,-6.51592490953159,12.517883251678082,-28.78730151939844
0.01315,10.970755716546712,-6.02777096314112,-0.25720026145183494,12.544134106941874,-10.713555455094879,-6.5163631438007545,12.517647693405882,-28.786149788705863
0.0132,10.970665787071967,-6.027444596509091,-0.25723115422476955,12.54424622113233,-10.713434632847195,-6.516801624623236,12.517411720304562,-28.78503874187526
0.013250000000000001,10.970571494990967,-6.027125995858412,-0.25726660703743515,12.544366011565016,-10.713304887953528,-6.517240015706605,12.517175667723953,-28.78396842408696
0.013300000000000001,10.970473136404461,-6.026815320254182,-0.2573069064594649,12.54449330139026,-10.713166229944996,-6.517677981136076,12.51693987127135,-28.782938823170042
0.01335,10.970371013203756,-6.026512717477411,-0.2573523322441258,12.544627903209276,-10.713018680959632,-6.518115185731864,12.516704666215391,-28.781949869025958
0.0134,10.970265432631974,-6.026218323789614,-0.2574031568767358,12.544769619159197,-10.712862275755239,-6.518551295369582,12.516470386989205,-28.781001433634604
0.01345,10.970156706858035,-6.025932263774689,-0.2574596451439001,12.544918241090913,-10.712697061714131,-6.518985977316222,12.516237366741775,-28.780093331342226
0.0135,10.970045152509243,-6.025654650101975,-0.25752205367203834,12.545073550685672,-10.712523098837202,-6.519418900583694,12.51600593681495,-28.779225318924393
0.013550000000000001,10.96993109015063,-6.025385583211345,-0.2575906304506509,12.545235319570846,-10.71234045969998,-6.519849736359505,12.515776426136117,-28.778397095453574
0.013600000000000001,10.969814843800735,-6.0251251511488855,-0.257665614477082,12.545403309745733,-10.712149229323657,-6.52027815859685,12.515549160715155,-28.77760830269067
0.01365,10.969696740556321,-6.0248734296700235,-0.2577472355697868,12.545577274332965,-10.711949504986537,-6.520703844662941,12.515324463365534,-28.77685852630998
0.0137,10.969577110220726,-6.024630482323971,-0.2578357141815141,12.545756958221608,-10.71174139603921,-6.521126475897638,12.515102653419415,-28.776147297041682
0.01375,10.969456284810775,-6.024396360284329,-0.25793126110372083,12.545942098419518,-10.711525023707047,-6.521545738135187,12.514884046214,-28.775474091063938
0.013800000000000002,10.969334598041629,-6.024171102178036,-0.25803407719870547,12.546132424442748,-10.711300520842922,-6.521961322264712,12.514668952557637,-28.774838330437458
0.013850000000000001,10.969212384914098,-6.023954734138651,-0.25814435322302687,12.54632765884726,-10.71106803169107,-6.522372924708605,12.51445767839359,-28.774239384214997
0.013900000000000001,10.96908998128594,-6.023747269830043,-0.2582622695547743,12.54652751754921,-10.710827711731167,-6.522780247719169,12.514250524435433,-28.773676569468257
0.01395,10.96896772329888,-6.023548710241874,-0.2583879957393677,12.546731709848112,-10.710579727559512,-6.523182999606238,12.514047785565992,-28.77314915171761
0.014,10.968845946780759,-6.023359043501025,-0.2585216900525824,12.546939938536593,-10.710324256728176,-6.523580895035569,12.513849750222121,-28.77265634548135
0.01405,10.96872498676323,-6.023178244911217,-0.25866349922927545,12.54715190030454,-10.710061487533956,-6.523973655393322,12.513656699990447,-28.772197315486938
0.014100000000000001,10.968605177059509,-6.023006277092523,-0.25881355827539154,12.547367286254397,-10.709791618784116,-6.524361009161874,12.513468909303791,-28.771771178151756
0.014150000000000001,10.968486849806713,-6.02284309006889,-0.2589719902704831,12.54758578237524,-10.709514859536226,-6.524742692306349,12.513286645081434,-28.77137700293427
0.0142,10.968370334988562,-6.022688621338614,-0.25913890621256563,12.547807070053878,-10.709231428775992,-6.525118448715265,12.513110166343886,-28.771013813661032
0.01425,10.968255960000615,-6.02254279601331,-0.2593144049995892,12.548030826735035,-10.708941555001024,-6.525488030721723,12.512939723897853,-28.770680590036005
0.0143,10.968144049274265,-6.022405527033068,-0.2594985735209043,12.548256726663805,-10.708645475753366,-6.525851199630739,12.512775560109313,-28.770376269327166
0.01435,10.96803492388801,-6.0222767153584975,-0.2596914866702936,12.548484441466671,-10.708343437217716,-6.526207726108172,12.512617908654297,-28.770099747989576
0.014400000000000001,10.967928901064258,-6.022156250030109,-0.2598932071508801,12.548713640454952,-10.70803569391338,-6.526557390424847,12.512466994105411,-28.76984988300933
0.014450000000000001,10.967826293594724,-6.022044008173465,-0.26010378523043465,12.548943990883863,-10.707722508364292,-6.526899982710399,12.512323031429682,-28.769625493188236
0.0145,10.9677274093544,-6.021939855134848,-0.2603232586368644,12.549175158379338,-10.707404150717535,-6.527235303244491,12.51218622562681,-28.76942536075833
0.01455,10.967632550891805,-6.021843644711377,-0.26055165245097833,12.54940680735373,-10.707080898440823,-6.527563162642351,12.51205677147975,-28.76924823320831
0.0146,10.967542014938966,-6.021755219305671,-0.2607889788341629,12.54963860125508,-10.706753036104802,-6.527883381949407,12.511934853198628,-28.76909282498528
0.014650000000000002,10.967456091895329,-6.021674410074522,-0.26103523682975194,12.549870202912135,-10.706420855065572,-6.528195792837613,12.511820644038911,-28.768957819230813
0.014700000000000001,10.967375065478192,-6.021601037251702,-0.26129041249242396,12.550101275188872,-10.706084652985762,-6.528500237937173,12.5117143061494,-28.768841869850093
0.014750000000000001,10.967299212479979,-6.021534910558105,-0.2615544791567312,12.550331481717416,-10.70574473332325,-6.528796571159312,12.511615990555894,-28.76874360369711
0.0148,10.96722880243341,-6.021475829514007,-0.2618273975759466,12.550560487462327,-10.705401404857469,-6.529084657948316,12.511525837017098,-28.768661622570928
0.01485,10.967164097212464,-6.021423583696887,-0.26210911601464687,12.55078795921515,-10.70505498119782,-6.529364375518262,12.511443973798034,-28.768594505135844
0.0149,10.967105350688477,-6.021377953051466,-0.2623995704546947,12.551013566156087,-10.70470578023378,-6.52963561310462,12.51137051751702,-28.76854080893042
0.014950000000000001,10.96705280838867,-6.021338708203143,-0.2626986848127478,12.55123698038909,-10.704354123575923,-6.529898272185946,12.511305572996422,-28.768499072385623
0.015000000000000001,10.9670067070779,-6.021305610719419,-0.26300637098249907,12.551457877318665,-10.7040003360954,-6.5301522665992415,12.51124923302117,-28.768467816804073
0.015050000000000001,10.966967274304467,-6.021278413361376,-0.2633225287041093,12.551675935903003,-10.703644745600357,-6.530397522541623,12.511201578061032,-28.768445548379216
0.0151,10.966934727976938,-6.021256860376265,-0.26364704545809536,12.55189083894417,-10.703287682518845,-6.5306339785679075,12.511162676039937,-28.768430760311787
0.01515,10.966909276025783,-6.021240687860142,-0.263979796566875,12.55210227352701,-10.702929479458911,-6.5308615856668695,12.511132582213444,-28.768421935020967
0.0152,10.966891116161872,-6.0212296241851115,-0.2643206454273234,12.552309931527262,-10.70257047073455,-6.53108030734215,12.511111339162262,-28.76841754640188
0.015250000000000001,10.96688043565226,-6.021223390431265,-0.2646694436722261,12.55251351005282,-10.70221099198003,-6.531290119621555,12.511098976803313,-28.768416062064162
0.015300000000000001,10.966877411084784,-6.0212217008065085,-0.2650260313544433,12.552712711883608,-10.701851379730336,-6.531491011077102,12.511095512385191,-28.7684159455468
0.01535,10.966882208217305,-6.0212242631091915,-0.26539023740952633,12.55290724604542,-10.701491970807778,-6.531682982936228,12.511100950578573,-28.768415658518425
0.0154,10.966894981889608,-6.021230779211923,-0.26576188024899694,12.553096828403984,-10.701133101640616,-6.531866049192058,12.51111528363177,-28.768413662924615
0.01545,10.966915875812358,-6.021240945469306,-0.26614076808938153,12.553281182072203,-10.700775107722977,-6.532040236602894,12.511138491382038,-28.768408423100755
0.0155,10.96694502222957,-6.02125445306752,-0.2665266990568193,12.553460037689685,-10.700418323172753,-6.532205584622163,12.511170541128092,-28.768398407930107
0.015550000000000001,10.966982541652198,-6.021270988421536,-0.2669194614054439,12.553633133756227,-10.700063080246755,-6.53236214533469,12.511211387587972,-28.768382093036205
0.015600000000000001,10.967028542669372,-6.021290233613514,-0.26731883382377836,12.553800216993412,-10.699709708845592,-6.5325099833799,12.5112609729449,-28.768357962969134
0.01565,10.96708312168372,-6.021311866802627,-0.2677245855733739,12.553961042622714,-10.699358536110346,-6.532649175820084,12.511319226812898,-28.7683245134441
0.015700000000000002,10.967146362639786,-6.021335562643054,-0.268136476532798,12.55411537461034,-10.699009886106989,-6.53277981196729,12.51138606620038,-28.76828025362751
0.01575,10.967218336933279,-6.021360992778721,-0.26855425743064143,12.5542629859921,-10.69866407950264,-6.532901993213375,12.511461395669281,-28.76822370833218
0.0158,10.9672991034579,-6.0213878263781995,-0.2689776703351909,12.554403659276604,-10.698321433122707,-6.533015832898405,12.51154510763415,-28.768153420069805
0.01585,10.96738870863196,-6.0214157306453115,-0.26940644923282553,12.554537186843671,-10.697982259399133,-6.533121456198358,12.511637082631939,-28.768067951049893
0.0159,10.967487186393646,-6.021444371306702,-0.26984032052979523,12.554663371280562,-10.697646865863852,-6.533218999973863,12.511737189553253,-28.767965885154556
0.015950000000000002,10.967594558215323,-6.0214734130958645,-0.2702790034933197,12.554782025671766,-10.697315554722,-6.533308612575905,12.511845285888677,-28.767845829856366
0.016,10.967710833125642,-6.021502520229902,-0.2707222107800458,12.554892973888087,-10.696988622345595,-6.5333904536581855,12.511961217978444,-28.76770641808895
0.016050000000000002,10.967836007694883,-6.021531356869712,-0.2711696490119232,12.554996050856559,-10.69666635868296,-6.533464693986843,12.512084821221986,-28.767546310131266
0.0161,10.967970065922458,-6.021559587556339,-0.27162101912129344,12.555091102748133,-10.696349046801162,-6.533531515191791,12.512215920190267,-28.767364195610774
0.01615,10.968112979054306,-6.021586877641987,-0.27207601644428575,12.555177987107566,-10.696036962610018,-6.533591109465583,12.512354328674107,-28.76715879563879
0.0162,10.968264705514331,-6.0216128937563225,-0.27253433093789325,12.555256573019758,-10.695730374576438,-6.533643679263437,12.5124998498495,-28.766928864835013
0.01625,10.968425191012358,-6.021637304305442,-0.2729956476543917,12.555326741318508,-10.695429543357964,-6.533689437013065,12.512652276613355,-28.76667319309314
0.016300000000000002,10.96859436864473,-6.021659779960042,-0.2734596471763414,12.55538838476889,-10.695134721468389,-6.533728604808844,12.512811391907627,-28.766390607318264
0.01635,10.968772158947901,-6.021679994130392,-0.2739260059425299,12.555441408220544,-10.694846153005374,-6.533761414090153,12.512976968995858,-28.766079973213788
0.0164,10.968958470115659,-6.0216976234552195,-0.2743943967696184,12.555485728773807,-10.69456407334604,-6.533788105318587,12.513148771889844,-28.76574019676246
0.01645,10.969153198383333,-6.0217123482870925,-0.2748644896230489,12.555521275940745,-10.694288708760284,-6.5338089276536495,12.513326555920953,-28.76537022532437
0.0165,10.96935622829899,-6.021723853141331,-0.27533595232310676,12.55554799175559,-10.694020275975884,-6.533824138614261,12.513510068194819,-28.76496904883649
0.016550000000000002,10.969567432801977,-6.021731827119216,-0.2758084510326582,12.555565830836736,-10.693758981769315,-6.533834003717519,12.513699047864716,-28.76453570133254
0.0166,10.96978667331304,-6.021735964333193,-0.2762816506634403,12.55557476042789,-10.693505022649598,-6.533838796094699,12.513893226415997,-28.764069262444234
0.01665,10.970013799913072,-6.021735964333199,-0.27675521531246366,12.55557476042789,-10.69325858460061,-6.533838796094693,12.514092328028713,-28.76356885871073
0.0167,10.970248651479768,-6.021731532528231,-0.27722880868649585,12.555565823406539,-10.693019842793273,-6.533834290878307,12.514296069900952,-28.76303366496068
0.01675,10.97049105574253,-6.021722380610514,-0.2777020944224338,12.555547954611392,-10.6927889613201,-6.533825574000876,12.5145041625017,-28.762462905883783
0.016800000000000002,10.970740829386015,-6.021708226985184,-0.27817473632151757,12.555521171976277,-10.692566093064496,-6.533812944991095,12.51471630986889,-28.761855857516387
0.01685,10.970997778330139,-6.02168879719181,-0.2786463987150602,12.555485506124905,-10.692351379615078,-6.533796708933096,12.514932210058118,-28.761211848304573
0.016900000000000002,10.971261698172876,-6.0216638243000045,-0.2791167470974247,12.55544100034186,-10.69214495107545,-6.533777176041856,12.515151555721511,-28.760530259703867
0.01695,10.971532374633801,-6.021633049280257,-0.2795854487984601,12.555387710506245,-10.691946925835339,-6.533754661225987,12.515374034675187,-28.759810526677228
0.017,10.971809583892172,-6.021596221364802,-0.28005217348689404,12.555325705010958,-10.691757410405275,-6.5337294836461535,12.5155993303694,-28.759052138384646
0.01705,10.972093092943766,-6.021553098392851,-0.28051659369138515,12.555255064658057,-10.691576499252378,-6.533701966265204,12.515827122367456,-28.75825463876817
0.0171,10.972382660076697,-6.0215034471215025,-0.28097838548395426,12.55517588250308,-10.691404274592744,-6.533672435381572,12.516057086912312,-28.757417626736622
0.017150000000000002,10.97267803526555,-6.021447043527934,-0.28143722905594765,12.555088263680245,-10.691240806209604,-6.53364122015231,12.516288897417251,-28.75654075649482
0.0172,10.972978960321411,-6.021383673146983,-0.28189280899457697,12.554992325260683,-10.691086151326834,-6.5336086521136965,12.516522224759457,-28.755623738552163
0.01725,10.973285169023539,-6.0213131314219215,-0.28234481449934495,12.554888196123198,-10.690940354524196,-6.533575064701277,12.516756737563691,-28.754666340824087
0.0173,10.973596387461871,-6.021235224014594,-0.28279293974927333,12.554776016791637,-10.690803447712598,-6.533540792777038,12.51699210265111,-28.753668389105904
0.01735,10.973912334455536,-6.021149767087147,-0.2832368843070505,12.554655939251337,-10.690675450148484,-6.533506172164189,12.517227985540925,-28.75262976726514
0.017400000000000002,10.974232721890269,-6.021056587592857,-0.2836763534573695,12.554528126769496,-10.690556368432901,-6.533471539176636,12.517464050885163,-28.751550417648943
0.01745,10.97455725509641,-6.020955523548693,-0.2841110585781546,12.554392753696128,-10.69044619651826,-6.533437230147437,12.517699962930122,-28.750430341328922
0.0175,10.974885633405043,-6.020846424239868,-0.28454071764690914,12.554250005206956,-10.690344915758132,-6.533403580967088,12.517935386101113,-28.74926959768098
0.01755,10.97521755079566,-6.020729150365181,-0.284965055852952,12.554100076980822,-10.690252494942708,-6.533370926615639,12.518169985638881,-28.74806830352654
0.0176,10.975552696456145,-6.0206035741787085,-0.28538380616659415,12.55394317485236,-10.690168890289545,-6.533339600673651,12.51840342815725,-28.746826632452656
0.017650000000000002,10.97589075519408,-6.020469579662794,-0.2857967097326996,12.553779514496187,-10.690094045461379,-6.533309934833394,12.51863538208538,-28.745544814585525
0.0177,10.976231407800139,-6.020327062709771,-0.28620351616521855,12.55360932113147,-10.69002789163492,-6.533282258421695,12.518865518072069,-28.74422313650513
0.017750000000000002,10.97657433147385,-6.02017593127051,-0.2866039839043198,12.55343282918753,-10.689970347569528,-6.533256897917018,12.519093509428682,-28.742861940890045
0.0178,10.976919200249506,-6.0200161054906935,-0.2869978805497984,12.553250281960965,-10.689921319699705,-6.533234176470271,12.519319032566171,-28.741461626113406
0.01785,10.977265685297883,-6.01984751789606,-0.2873849829973327,12.553061931350113,-10.689880702300552,-6.5332144134540515,12.519541767346668,-28.740022646309473
0.0179,10.977613455207479,-6.019670113590904,-0.2877650775384792,12.552868037611466,-10.689848377669003,-6.5331979240205635,12.519761397423348,-28.73854551153925
0.01795,10.977962176468203,-6.019483850355536,-0.2881379601817458,12.552668869004979,-10.689824216286457,-6.533185018649445,12.51997761070912,-28.737030787105986
0.018000000000000002,10.978311514113669,-6.019288698638272,-0.28850343708443005,12.552464701357714,-10.689808077029237,-6.533176002719439,12.520190099933593,-28.73547909209967
0.01805,10.978661132288597,-6.019084641554848,-0.28886132486959193,12.552255817658654,-10.689799807419,-6.533171176103805,12.520398563137906,-28.733891098137203
0.0181,10.979010694735193,-6.018871674908779,-0.2892114509055657,12.552042507652654,-10.689799243829627,-6.533170832743876,12.520602704108494,-28.73226752836633
0.01815,10.979359865363259,-6.018649807139942,-0.2895536536863008,12.551825067348839,-10.689806211676958,-6.533175260208899,12.520802232849746,-28.730609155998437
0.0182,10.97970830886856,-6.018419059210766,-0.28988778320770975,12.551603798494718,-10.68982052566085,-6.533184739283953,12.520996866068959,-28.728916802486378
0.018250000000000002,10.980055691218269,-6.018179464545738,-0.2902137011863379,12.55137900811899,-10.689841990031931,-6.533199543573247,12.521186327570353,-28.727191336209952
0.0183,10.980401679990218,-6.0179310690541605,-0.2905312811392409,12.55115100815218,-10.68987039885098,-6.53321993909802,12.52137034856087,-28.725433671818433
0.01835,10.9807459447036,-6.017673931157495,-0.2908404084356345,12.550920115064086,-10.689905536267968,-6.533246183906592,12.521548667950663,-28.723644769611457
0.0184,10.981088157221086,-6.017408121761696,-0.29114098039514635,12.550686649463408,-10.689947176825939,-6.533278527701708,12.521721032689747,-28.72182563454357
0.01845,10.98142799219616,-6.017133724182999,-0.29143290641261027,12.550450935666358,-10.68999508578355,-6.533317211483359,12.521887198121926,-28.719977314943854
0.018500000000000003,10.981765127504973,-6.016850834069722,-0.2917161080282805,12.550213301295083,-10.69004901947669,-6.533362467225357,12.522046928323253,-28.7181009012551
0.01855,10.982099244675684,-6.016559559310746,-0.2919905189828778,12.549974076880234,-10.690108725692808,-6.533414517569488,12.522199996431928,-28.716197524726418
0.018600000000000002,10.982430029411667,-6.0162600198434895,-0.29225608540252984,12.549733595336745,-10.690173944009137,-6.5334735754932565,12.522346185012228,-28.714268355497683
0.01865,10.982757172206805,-6.0159523473422665,-0.29251276606811444,12.549492191327351,-10.690244406138687,-6.533539843985086,12.522485286441862,-28.712314600003
0.0187,10.983080368893344,-6.015636684920462,-0.2927605325486859,12.549250200705066,-10.69031983634466,-6.533613515784605,12.522617103246878,-28.710337498579438
0.01875,10.983399321052921,-6.01531318692673,-0.292999369191693,12.549007960066383,-10.69039995186123,-6.533694773139653,12.52274144836187,-28.708338323755207
0.0188,10.983713736406171,-6.014982018741342,-0.29322927314971214,12.548765806253591,-10.690484463256459,-6.5337837875122515,12.522858145371579,-28.70631837858688
0.018850000000000002,10.984023329236956,-6.014643356514431,-0.29345025442964273,12.548524075809842,-10.690573074807318,-6.533880719295408,12.522967028755001,-28.704278994688526
0.0189,10.984327820751808,-6.014297386948339,-0.29366233580318124,12.548283104560399,-10.69066548494863,-6.53398571761206,12.523067944094043,-28.702221530581543
0.01895,10.984626939345825,-6.0139443071718315,-0.29386555261570585,12.54804322730707,-10.690761386730122,-6.534098920135239,12.52316074824429,-28.700147370619764
0.019,10.984920420894893,-6.0135843245832845,-0.294059952663907,12.547804777452944,-10.690860468230985,-6.5342204528696595,12.52324530951412,-28.698057923733266
0.01905,10.985208009140463,-6.013217656571159,-0.29424559616126494,12.54756808651307,-10.690962412979204,-6.534350429941908,12.52332150786615,-28.69595462147741
0.019100000000000002,10.985489456106937,-6.012844530163374,-0.29442255570044623,12.547333483603667,-10.691066900406494,-6.534488953440292,12.523389235113322,-28.693838915725916
0.01915,10.985764522498267,-6.012465181664705,-0.29459091617783684,12.547101294952677,-10.691173606320433,-6.534636113287967,12.523448395091185,-28.691712276362413
0.019200000000000002,10.986032978085108,-6.0120798562673885,-0.29475077470684513,12.546871843400078,-10.691282203378263,-6.534791987132688,12.523498903809177,-28.689576188886175
0.01925,10.986294602096223,-6.011688807611527,-0.29490224055158315,12.546645447838243,-10.69139236154464,-6.5349566402267145,12.523540689581772,-28.687432151807705
0.0193,10.98654918359421,-6.011292297317536,-0.2950454350557973,12.546422422616782,-10.69150374853841,-6.535130125299247,12.523573693132633,-28.68528167396722
0.019350000000000003,10.986796521790067,-6.010890594561828,-0.2951804914729639,12.546203077057307,-10.691616030317102,-6.53531248249548,12.523597867666071,-28.683126272161587
0.0194,10.987036426272294,-6.010483975752514,-0.2953075546791506,12.54598771513856,-10.691728871593147,-6.535503739386043,12.523613178911747,-28.68096746936069
0.019450000000000002,10.987268717199813,-6.010072724248089,-0.2954267808919557,12.545776635179887,-10.691841936307863,-6.5357039109317965,12.523619605158425,-28.67880679317611
0.0195,10.987493225519453,-6.0096571300197095,-0.29553833745212826,12.545570129413752,-10.691954888067322,-6.535912999394044,12.523617137282367,-28.676645774049703
0.01955,10.987709793185983,-6.009237489284943,-0.2956424025682591,12.545368483607186,-10.692067390617728,-6.536130994322246,12.523605778764468,-28.674485943322168
0.0196,10.987918273349194,-6.008814104178636,-0.29573916499444924,12.54517197680543,-10.692179108354745,-6.536357872626793,12.523585545696458,-28.672328831522986
0.01965,10.988118530554424,-6.008387282374484,-0.29582882375874103,12.544980880981996,-10.692289706795682,-6.536593598607513,12.523556466775439,-28.670175966432986
0.019700000000000002,10.988310440991713,-6.007957336565169,-0.29591158797139855,12.5447954604968,-10.692398853020315,-6.53683812393163,12.52351858327342,-28.668028870472142
0.01975,10.988493892738443,-6.007524583887811,-0.2959876766001988,12.544615971566254,-10.692506216138245,-6.537091387678441,12.52347194897511,-28.665889057882058
0.0198,10.988668785947104,-6.00708934540079,-0.29605731816387787,12.54444266187038,-10.692611467783228,-6.537353316469589,12.523416630092438,-28.663758032234533
0.01985,10.98883503299831,-6.006651945580781,-0.2961207504025595,12.544275770189667,-10.692714282595752,-6.537623824608887,12.523352705158485,-28.661637284097154
0.0199,10.988992558635333,-6.006212711804907,-0.2961782199510857,12.544115526008035,-10.692814338684247,-6.537902814203126,12.523280264898233,-28.659528288678985
0.019950000000000002,10.989141300059645,-6.00577197387552,-0.29622998198166467,12.543962149164356,-10.692911318077979,-6.538190175288838,12.523199412085765,-28.65743250373234
0.02,10.989281206981133,-6.0053300636274045,-0.2962762997988057,12.543815849625762,-10.693004907182324,-6.538485785998356,12.523110261401353,-28.655351367884073
0.020050000000000002,10.989412241645912,-6.004887314575557,-0.2963174444078254,12.54367682735509,-10.693094797238086,-6.538789512779534,12.523012939288511,-28.653286299178045
0.0201,10.989534378864908,-6.004444061538414,-0.296353694101569,12.543545272150398,-10.693180684763336,-6.539101210611984,12.522907583800084,-28.651238693516554
0.02015,10.98964760604849,-6.004000640203691,-0.2963853340859144,12.543421363353517,-10.693262271962574,-6.539420723149823,12.522794344422238,-28.64920992285701
0.020200000000000003,10.98975192323785,-6.003557386647503,-0.2964126561065494,12.543305269516237,-10.693339267131298,-6.539747882868733,12.52267338187337,-28.64720133322712
0.02025,10.989847343120957,-6.003114636838122,-0.2964359580398115,12.543197148166925,-10.693411385081145,-6.540082511328802,12.5225448678822,-28.64521424271115
0.020300000000000002,10.989933891035088,-6.002672726106135,-0.29645554347857517,12.543097145576848,-10.693478347556512,-6.540424419470716,12.522408984938165,-28.643249939329397
0.02035,10.990011604958202,-6.0022319885468365,-0.29647172133744704,12.543005396379979,-10.693539883620756,-6.540773407833142,12.52226592599961,-28.641309678668836
0.0204,10.99008053547061,-6.001792756424168,-0.296484805432946,12.542922023214139,-10.693595730037664,-6.541129266789972,12.522115894176816,-28.639394681583628
0.02045,10.990140745672425,-6.001355359684078,-0.29649511401103446,12.542847136595048,-10.693645631661393,-6.541491776910967,12.521959102428745,-28.637506132430698
0.0205,10.990192311073738,-6.000920125541524,-0.2965029692627226,12.54278083489567,-10.693689341811018,-6.541860709354142,12.521795773271243,-28.63564517765936
0.020550000000000002,10.990235319475639,-6.000487378041809,-0.2965086968576171,12.54272320424087,-10.693726622618023,-6.54223582619906,12.52162613846496,-28.63381292431664
0.0206,10.99026987083548,-6.000057437637229,-0.2965126254769966,12.542674318401906,-10.693757245358483,-6.542616880764677,12.521450438696785,-28.632010438647153
0.02065,10.990296077113593,-5.999630620849446,-0.29651508633857354,12.542634238806377,-10.693780990775023,-6.543003617956931,12.521268923286199,-28.630238745076593
0.0207,10.990314062114287,-5.999207239930605,-0.29651641272804014,12.54260301456523,-10.693797649386246,-6.543395774634624,12.521081849885928,-28.628498825201298
0.02075,10.990323961323302,-5.998787602416055,-0.296516939541889,12.542580682392284,-10.693807021781414,-6.543793079976225,12.520889484127624,-28.62679161634889
0.020800000000000003,10.990325921728463,-5.998372010614101,-0.2965170028268626,12.542567266433611,-10.693808918901597,-6.544195255819509,12.520692099222602,-28.625118009921376
0.02085,10.990320101617396,-5.997960761115076,-0.2965169393067999,12.542562778101535,-10.693803162310596,-6.544602016986458,12.520489975551737,-28.623478849864636
0.020900000000000002,10.990306670353833,-5.997554144322631,-0.29651708589835374,12.542567216000135,-10.69378958445548,-6.545013071677503,12.520283400247198,-28.621874931272743
0.02095,10.99028580813275,-5.997152443975103,-0.296517779223871,12.54258056592596,-10.69376802890888,-6.545428121950854,12.520072666750808,-28.620306998997343
0.021,10.990257705713137,-5.996755936664211,-0.2965193551216728,12.542602800844039,-10.693738350591467,-6.545846864179827,12.5198580743515,-28.61877574629404
0.021050000000000003,10.990222564132877,-5.9963648914150935,-0.29652214815256506,12.542633880876744,-10.693700415980311,-6.546268989461649,12.51963992773638,-28.61728181375304
0.0211,10.990180594417618,-5.9959795693794735,-0.2965264911202291,12.542673753464134,-10.69365410329739,-6.546694184084657,12.519418536590655,-28.61582578869621
0.021150000000000002,10.99013201728806,-5.9956002235833825,-0.2965327146163112,12.542722353640801,-10.69359930267175,-6.547122130057419,12.519194215222209,-28.614408204795765
0.0212,10.990077062855105,-5.995227098620078,-0.2965411465682904,12.542779604195522,-10.693535916286816,-6.547552505575441,12.518967282149212,-28.613029541498275
0.02125,10.9900159702977,-5.994860430301056,-0.2965521117756323,12.54284541571688,-10.693463858522065,-6.547984985415822,12.518738059652332,-28.611690223317282
0.0213,10.989948987535275,-5.994500445359676,-0.2965659314562275,12.542919686719186,-10.693383056079046,-6.548419241359515,12.518506873347354,-28.610390619348227
0.02135,10.98987637089319,-5.994147361175687,-0.29658292280487086,12.543002303820463,-10.693293448088319,-6.548854942644774,12.518274051761527,-28.6091310428818
0.021400000000000002,10.989798384736273,-5.993801385402636,-0.2966033985322675,12.543093141808868,-10.693194986204007,-6.549291756406234,12.518039925835296,-28.60791175069623
0.02145,10.989715301065882,-5.993462715532229,-0.2966276663834024,12.54319206365421,-10.693087634682477,-6.549729348121981,12.517804828361744,-28.606732942175398
0.021500000000000002,10.989627399111544,-5.993131538546112,-0.2966560286716943,12.54329892063173,-10.692971370439846,-6.550167382085618,12.517569093462967,-28.605594758789422
0.02155,10.989534964931977,-5.992808030674947,-0.29668878184432373,12.543413552569769,-10.692846183087653,-6.550605521894821,12.517333056125999,-28.60449728398525
0.0216,10.98943829100481,-5.992492357160717,-0.29672621606706395,12.54353578814044,-10.692712074937745,-6.551043430979725,12.517097051730179,-28.60344054311459
0.021650000000000003,10.989337675798144,-5.992184672002611,-0.2967686148206734,12.543665445153872,-10.69256906097747,-6.551480773151258,12.516861415550608,-28.60242450333531
0.0217,10.9892334233482,-5.991885117768221,-0.2968162545098046,12.543802330863656,-10.692417168838395,-6.551917213095438,12.516626482298074,-28.60144907376175
0.021750000000000002,10.989125842857831,-5.9915938254898915,-0.2968694040999222,12.543946242321374,-10.692256438757909,-6.552352416831482,12.516392585717917,-28.600514105911376
0.0218,10.989015248294477,-5.991310914568969,-0.29692832478072984,12.544096966765462,-10.692086923513745,-6.552786052196492,12.51616005819204,-28.599619394184494
0.02185,10.988901957955116,-5.9910364926078215,-0.29699326961115347,12.54425428192424,-10.691908688343961,-6.553217789316419,12.515929230277248,-28.598764676125988
0.0219,10.988786293994883,-5.990770655189037,-0.2970644831183009,12.544417956199949,-10.691721810876587,-6.553647301010913,12.515700430186234,-28.597949632554585
0.02195,10.98866858195552,-5.990513485698309,-0.2971422009082086,12.54458774889543,-10.691526381047314,-6.554074263197119,12.515473983289235,-28.59717388786819
0.022000000000000002,10.988549150307772,-5.990265055213281,-0.2972266493275586,12.54476341055779,-10.691322500980217,-6.554498355344506,12.515250211659335,-28.59643701058413
0.02205,10.988428329967908,-5.990025422365056,-0.2973180451216711,12.544944683301154,-10.691110284846232,-6.554919260936093,12.515029433581887,-28.595738513826603
0.0221,10.9883064537758,-5.989794633159273,-0.29741659506987406,12.545131301080033,-10.69088985870593,-6.55533666792076,12.514811963010652,-28.595077855736292
0.02215,10.988183855995594,-5.9895727208822205,-0.29752249567957983,12.545322990076397,-10.690661360316012,-6.555750269194175,12.51459810908439,-28.594454440172846
0.0222,10.98806087187481,-5.989359706136513,-0.29763593296915347,12.54551946922542,-10.690424938905652,-6.556159763088906,12.51438817575665,-28.59386761781078
0.022250000000000002,10.987937837208769,-5.9891555968898915,-0.29775708226200226,12.545720450718607,-10.690180754946772,-6.556564853828716,12.51418246143637,-28.593316687277238
0.0223,10.98781508786531,-5.988960388464326,-0.29788610795414483,12.545925640428829,-10.689928979911167,-6.556965251964505,12.513981258564971,-28.59280089613761
0.022350000000000002,10.987692959306333,-5.988774063538353,-0.2980231632950058,12.546134738337273,-10.689669796011326,-6.557360674798917,12.51378485319688,-28.592319441942134
0.0224,10.987571786144624,-5.988596592218529,-0.2981683901928673,12.546347438978806,-10.689403395951762,-6.557750846760278,12.513593524644019,-28.591871473473965
0.02245,10.987451901699702,-5.9884279321167995,-0.2983219190119452,12.54656343185647,-10.689129982687753,-6.558135499739669,12.513407545122194,-28.59145609202412
0.022500000000000003,10.987333637502575,-5.98826802836622,-0.2984838683440563,12.546782401808834,-10.68884976915852,-6.558514373442613,12.51322717932303,-28.591072352531512
0.02255,10.987217322765966,-5.988116813613992,-0.2986543447637672,12.54700402935417,-10.688562978002194,-6.5588872157401745,12.513052683944679,-28.590719264708486
0.022600000000000002,10.987103283881169,-5.987974208077011,-0.29883344261730455,12.54722799108112,-10.688269841263866,-6.55925378300411,12.512884307275757,-28.59039579436031
0.02265,10.986991843962915,-5.987840119675546,-0.29902124389736984,12.547453960139913,-10.687970600065542,-6.559613840464366,12.512722288858795,-28.590100864914692
0.0227,10.986883322399295,-5.987714444182111,-0.2992178181624334,12.547681606765508,-10.687665504236866,-6.559967162583399,12.512566859165345,-28.589833359002387
0.02275,10.986778034376142,-5.987597065350164,-0.29942322243675623,12.547910598754031,-10.687354811939384,-6.5603135334038685,12.512418239238968,-28.589592120013798
0.0228,10.986676290420712,-5.987487855078462,-0.2996375011471911,12.548140601962485,-10.687038789273522,-6.560652746884021,12.512276640372235,-28.589375953757738
0.022850000000000002,10.986578396014778,-5.987386673657598,-0.2998606861579214,12.548371280889324,-10.68671770985685,-6.560984607231725,12.51214226388396,-28.58918363029961
0.0229,10.986484651226093,-5.987293370033345,-0.30009279680407075,12.5486022992192,-10.686391854422018,-6.561308929185856,12.512015300920622,-28.58901388582807
0.02295,10.986395350277165,-5.9872077820064105,-0.3003338398289997,12.54883332024586,-10.686061510448164,-6.561625538239448,12.511895932172303,-28.58886542440442
0.023,10.98631078108232,-5.98712973641305,-0.30058380930800827,12.549064007274872,-10.68572697177431,-6.561934270861822,12.511784327551647,-28.588736919705532
0.02305,10.98623122483385,-5.987059049365211,-0.3008426866422338,12.54929402408528,-10.685388538191617,-6.562234974720067,12.511680645944416,-28.588627016899625
0.023100000000000002,10.986156955617533,-5.986995526523609,-0.3011104405604212,12.549523035384585,-10.685046515057113,-6.562527508860977,12.51158503500165,-28.588534334591053
0.02315,10.986088239991146,-5.9869389633450965,-0.30138702708573917,12.549750707223298,-10.68470121290541,-6.562811743878204,12.511497630887016,-28.588457466743726
0.023200000000000002,10.986025336546419,-5.9868891453274165,-0.3016723895407335,12.54997670743496,-10.684352947005685,-6.563087562107543,12.511418558008485,-28.58839498463121
0.02325,10.98596849552594,-5.986845848310762,-0.30196645864516786,12.550200706138844,-10.684002036880768,-6.563354857828081,12.511347928825428,-28.58834543889561
0.0233,10.985917958509452,-5.986808838836442,-0.302269152686472,12.550422376275504,-10.683648805822981,-6.563613537439059,12.511285843744066,-28.58830736168482
0.023350000000000003,10.985873958114457,-5.986777874513784,-0.3025803777121929,12.550641394130231,-10.68329358040226,-6.563863519616446,12.511232391029477,-28.588279268792196
0.0234,10.98583671767047,-5.98675270436677,-0.30290002770029395,12.550857439814045,-10.682936689970175,-6.564104735447272,12.511187646684848,-28.58825966177315
0.023450000000000002,10.985806450895252,-5.986733069185185,-0.30322798471812323,12.551070197716198,-10.68257846617713,-6.564337128531013,12.511151674334668,-28.588247030076072
0.0235,10.985783361617957,-5.986718701908803,-0.3035641191250043,12.551279356966443,-10.682219242492954,-6.56456065505764,12.511124525165055,-28.588239853203753
0.02355,10.985767643522065,-5.986709328022998,-0.3039082897805733,12.55148461188019,-10.681859353741492,-6.56477528385719,12.511106237886956,-28.588236602877807
0.0236,10.985759479844205,-5.986704665927566,-0.30426034416100733,12.551685662331947,-10.681499135683202,-6.56498099640438,12.51109683864791,-28.588235745192325
0.02365,10.985759043045517,-5.986704427295826,-0.30462011844289605,12.55188221410541,-10.681138924602623,-6.565177786809583,12.511096340915124,-28.58823574278883
0.023700000000000002,10.985766494538908,-5.9867083174733216,-0.3049874377068114,12.552073979305712,-10.6807790568321,-6.565365661832387,12.511104745426678,-28.58823505706814
0.02375,10.985781984483722,-5.986716035913878,-0.30536211622702414,12.552260676800554,-10.680419868256699,-6.565544640886676,12.511122040219872,-28.58823215040475
0.0238,10.985805651578238,-5.986727276612956,-0.3057439577199705,12.552442032619803,-10.680061693858267,-6.565714756006846,12.511148200656484,-28.5882254883551
0.02385,10.985837622839059,-5.986741728534032,-0.3061327556048909,12.552617780344764,-10.67970486723417,-6.565876051810732,12.511183189433236,-28.588213541866317
0.0239,10.98587801343219,-5.986759076060261,-0.3065282933825676,12.552787661533168,-10.679349720049622,-6.566028585472907,12.511226956649883,-28.588194789473274
0.023950000000000003,10.98592692656756,-5.9867789994696565,-0.306930345064873,12.552951426137698,-10.678996581502686,-6.566172426668044,12.511279439944303,-28.588167719450755
0.024,10.985984453388623,-5.986801175401786,-0.3073386755367724,12.553108832868363,-10.678645777851848,-6.56630765746658,12.511340564619314,-28.588130831942
0.024050000000000002,10.986050672826984,-5.986825277306264,-0.3077530408606918,12.55325964951238,-10.678297631966288,-6.566434372206114,12.511410243730138,-28.58808264109018
0.0241,10.986125651461933,-5.9868509758938355,-0.3081731885817342,12.553403653240993,-10.677952462880196,-6.566552677347157,12.511488378177509,-28.588021677169046
0.02415,10.98620944341643,-5.98687793960017,-0.30859885805317727,12.55354063091015,-10.677610585363254,-6.566662691309981,12.511574856838909,-28.587946488684146
0.024200000000000003,10.986302090275638,-5.986905835055578,-0.3090297807698297,12.553670379349926,-10.677272309505806,-6.566764544294348,12.511669556722532,-28.587855644447803
0.02425,10.986403621001882,-5.986934327551739,-0.30946568067825597,12.55379270563404,-10.676937940323624,-6.566858378082303,12.511772343116728,-28.587747735649145
0.024300000000000002,10.986514051856094,-5.986963081509797,-0.30990627448651425,12.553907427339052,-10.676607777369584,-6.566944345829252,12.511883069745844,-28.587621377914594
0.02435,10.986633386374944,-5.986991760962628,-0.31035127207860447,12.554014372819465,-10.676282114296338,-6.567022611856838,12.512001578981796,-28.587475213302454
0.0244,10.986761615412396,-5.987020030047592,-0.31080037704142793,12.554113381488731,-10.675961238370967,-6.5670933514411365,12.512127702117265,-28.587307912197584
0.02445,10.986898717186259,-5.987047553492,-0.31125328715721656,12.55420430406427,-10.675645430029046,-6.567156750572268,12.512261259639825,-28.587118175164836
0.0245,10.987044657305884,-5.987073997087482,-0.3117096948240576,12.554287002774904,-10.675334962481823,-6.567213005687421,12.51240206148423,-28.586904734798193
0.024550000000000002,10.987199388827218,-5.987099028165086,-0.3121692875320736,12.554361351560724,-10.675030101295139,-6.567262323395629,12.512549907309081,-28.58666635751188
0.0246,10.987362852347719,-5.987122316070437,-0.3126317483964805,12.55442723625966,-10.674731103951236,-6.567304920189218,12.51270458680853,-28.58640184524328
0.024650000000000002,10.987534976087662,-5.98714353262969,-0.3130967565916424,12.55448455475585,-10.674438219496018,-6.567341022126158,12.512865880007634,-28.586110037147602
0.0247,10.987715675943768,-5.987162352607614,-0.3135639876824453,12.554533217101241,-10.674151688261325,-6.567370864493631,12.513033557529619,-28.58578981132042
0.02475,10.987904855569669,-5.987178454166738,-0.3140331140028928,12.55457314563555,-10.673871741566776,-6.56739469146881,12.5132073808872,-28.58544008646461
0.024800000000000003,10.98810240651227,-5.9871915193281415,-0.3145038051134644,12.554604275101429,-10.673598601398808,-6.567412755773289,12.513387102823742,-28.58505982344026
0.02485,10.988308208373315,-5.987201234427026,-0.31497572826076053,12.55462655274278,-10.673332480112554,-6.567425318315752,12.513572467674006,-28.584648026737348
0.024900000000000002,10.988522128975227,-5.987207290561226,-0.3154485488307158,12.554639938385845,-10.673073580144514,-6.567432647824614,12.51376321172523,-28.5842037459095
0.02495,10.988744024555533,-5.987209384033328,-0.3159219308379072,12.554644404504637,-10.672822093717626,-6.567435020471311,12.513959063600202,-28.583726076918467
0.025,10.98897374000891,-5.987207216784708,-0.31639553747171834,12.554639936266609,-10.672578202537192,-6.5674327194818956,12.5141597446782,-28.583214163340667
0.025050000000000003,10.989211109150393,-5.987200496817748,-0.31686903168054964,12.554626531552692,-10.672342077469843,-6.567426034734946,12.514364969528783,-28.5826671974789
0.0251,10.989455954960196,-5.987188938607108,-0.31734207671206227,12.554604200951585,-10.672113878248137,-6.567415262344483,12.51457444632415,-28.582084421469414
0.025150000000000002,10.989708089810835,-5.987172263503111,-0.31781433655347335,12.55457296773666,-10.67189375325736,-6.567400704233551,12.514787877232065,-28.581465128395074
0.0252,10.989967315713287,-5.987150200127229,-0.3182854763549578,12.554532867829868,-10.67168183935833,-6.5673826677026375,12.515004958821624,-28.58080866332428
0.02525,10.990233424595477,-5.987122484757704,-0.3187551629112187,12.554483949746546,-10.671478261684255,-6.5673614649888465,12.515225382492593,-28.580114424238545
0.0253,10.990506198578492,-5.987088861706162,-0.3192230651103114,12.55442627452556,-10.67128313346818,-6.567337412819399,12.515448834898342,-28.57938186292819
0.02535,10.990785410240052,-5.987049083688873,-0.31968885428818244,12.554359915656923,-10.67109655595187,-6.567310831968046,12.515674998354879,-28.57861048589365
0.025400000000000002,10.991070822923586,-5.987002912185054,-0.32015220462654936,12.554284958995376,-10.670918618297035,-6.567282046810319,12.515903551283643,-28.57779985509431
0.02545,10.991362191116995,-5.986950117774128,-0.320612793678182,12.554201502639417,-10.670749397438811,-6.567251384865293,12.516134168705282,-28.57694958845954
0.025500000000000002,10.991659260841757,-5.986890480456362,-0.321070302901848,12.554109656784147,-10.670588957939907,-6.567219176327785,12.516366522734439,-28.576059360309937
0.02555,10.991961770017403,-5.986823789964385,-0.3215244181288001,12.554009543563321,-10.670437351888602,-6.567185753598937,12.516600283048414,-28.575128901795484
0.0256,10.99226944884108,-5.986749846059532,-0.32197483003486865,12.55390129687045,-10.670294618806212,-6.567151450810919,12.51683511736169,-28.57415800123941
0.025650000000000003,10.992582020202171,-5.986668458807116,-0.32242123464871064,12.553785062149354,-10.670160785553461,-6.567116603342236,12.517070691921015,-28.573146504320516
0.0257,10.992899200090886,-5.986579448838473,-0.3228633338259111,12.553660996168807,-10.670035866264975,-6.567081547330335,12.517306671988747,-28.572094314215416
0.025750000000000002,10.993220697967939,-5.98648264761094,-0.3233008356464437,12.55352926679735,-10.669919862321496,-6.567046619186409,12.517542722290889,-28.57100139181774
0.0258,10.993546217123502,-5.9863778976625,-0.32373345475653287,12.55339005277964,-10.669812762366968,-6.567012155117139,12.517778507453011,-28.569867755959482
0.02585,10.993875455075498,-5.986265052845501,-0.3241609127022403,12.553243543504635,-10.66971454237326,-6.566978490659132,12.518013692460592,-28.56869348346227
0.025900000000000003,10.994208104010099,-5.986143978534852,-0.324582938301944,12.553089938748242,-10.669625165708153,-6.5669459602133875,12.518247943144058,-28.56747870899403
0.02595,10.994543851223023,-5.98601455182106,-0.32499926804017465,12.552929448391827,-10.669544583182846,-6.566914896570766,12.518480926657176,-28.566223624863333
0.026000000000000002,10.994882379550237,-5.98587666169382,-0.32540964641898446,12.552762292138349,-10.669472733131254,-6.566885630444529,12.518712311941474,-28.56492848079948
0.02605,10.99522336783323,-5.985730209197984,-0.32581382630727723,12.552588699213423,-10.669409541525955,-6.56685849001544,12.518941770207705,-28.563593583546524
0.0261,10.995566491434488,-5.985575107550978,-0.32621156937141454,12.552408908012499,-10.669354922063075,-6.566833800461521,12.519168975442852,-28.562219296193156
0.02615,10.995911422743127,-5.985411282243299,-0.3266026465170526,12.552223165715125,-10.669308776226078,-6.566811883471824,12.519393604900285,-28.560806037456953
0.0262,10.996257831625137,-5.985238671146118,-0.32698683822241426,12.552031727922278,-10.669270993402723,-6.56679305677616,12.519615339544584,-28.559354281119273
0.026250000000000002,10.996605385859294,-5.985057224612088,-0.32736393481157733,12.551834858304886,-10.669241451047718,-6.5667776336928,12.519833864480429,-28.557864555465123
0.0263,10.9969537516077,-5.98486690554506,-0.3277337367604403,12.551632828219532,-10.669220014847262,-6.56676592267447,12.520048869396922,-28.556337442523294
0.026350000000000002,10.997302593890991,-5.984667689450775,-0.328096054984169,12.551425916314408,-10.669206538906817,-6.566758226863631,12.520260049006874,-28.554773577220903
0.0264,10.997651577024076,-5.984459564493804,-0.3284507110407007,12.551214408165418,-10.669200865983372,-6.566754843671611,12.520467103454308,-28.5531736466505
0.02645,10.998000365046185,-5.984242531545965,-0.32879753731008265,12.550998595915956,-10.6692028277361,-6.5667560643699945,12.520669738712849,-28.551538389316583
0.026500000000000003,10.998348622202283,-5.984016604189892,-0.3291363772170176,12.55077877787932,-10.669212244985264,-6.566762173689426,12.520867667007714,-28.549868594090707
0.02655,10.998696013464109,-5.983781808677587,-0.3294670854788612,12.550555258106955,-10.66922892798525,-6.566773449429366,12.521060607250972,-28.5481650989003
0.026600000000000002,10.9990422050388,-5.983538183873196,-0.3297895283468059,12.550328345939333,-10.66925267669199,-6.566790162066135,12.521248285458336,-28.54642878938261
0.02665,10.999386864847294,-5.983285781194519,-0.3301035838234518,12.55009835554992,-10.66928328102384,-6.566812574355402,12.521430435138777,-28.544660597601087
0.0267,10.999729663003592,-5.983024664533337,-0.3304091418569893,12.549865605483909,-10.669320521146606,-6.566840940950571,12.521606797674783,-28.542861500676093
0.026750000000000003,11.000070272314312,-5.982754910138626,-0.3307061045347604,12.549630418174383,-10.669364167779552,-6.566875508035754,12.521777122702709,-28.5410325192236
0.0268,11.000408368761112,-5.982476606488023,-0.3309943862643032,12.54939311944351,-10.669413982496808,-6.56691651295549,12.521941168472482,-28.539174715785492
0.026850000000000002,11.000743631924596,-5.982189854185005,-0.33127391387647775,12.549154038043344,-10.669469718048116,-6.566964183858336,12.522098702168242,-28.537289193492686
0.0269,11.001075745384274,-5.981894765861009,-0.33154462665752593,12.548913505241917,-10.669531118726747,-6.56701873938091,12.522249500210314,-28.535377094801785
0.02695,11.001404397154097,-5.98159146603149,-0.3318064764005477,12.54867185438316,-10.66959792075355,-6.567080388351669,12.522393348566487,-28.533439599970304
0.027,11.001729280140426,-5.981280090910497,-0.3320594274844123,12.548429420406428,-10.669669852656012,-6.567149329495933,12.522530043063242,-28.531477925317475
0.02705,11.002050092572906,-5.980960788226269,-0.3323034569037675,12.54818653939328,-10.669746635669142,-6.56722575116701,12.522659389673732,-28.529493321549754
0.027100000000000003,11.002366538418318,-5.980633717031939,-0.3325385542643147,12.547943548133896,-10.669827984153999,-6.567309831101957,12.52278120478859,-28.527487072105302
0.02715,11.002678327822386,-5.980299047464662,-0.33276472182205175,12.547700783634257,-10.669913606000337,-6.567401736169594,12.522895315486718,-28.52546049123129
0.027200000000000002,11.002985177572338,-5.979956960452808,-0.33298197454451706,12.54745858257445,-10.670003203027822,-6.5675016221216405,12.523001559799653,-28.523414921808424
0.02725,11.003286811528612,-5.979607647422009,-0.33319034012066084,12.547217280793218,-10.670096471407952,-6.567609633371208,12.523099786948407,-28.521351733239566
0.0273,11.003582961006927,-5.979251310027234,-0.3333898589212545,12.546977212804542,-10.67019310208567,-6.567725902777305,12.52318985754925,-28.51927231955253
0.027350000000000003,11.003873365140867,-5.978888159882972,-0.33358058394322315,12.546738711312479,-10.670292781197642,-6.567850551429508,12.523271643801607,-28.517178097538988
0.0274,11.004157771249517,-5.978518418262094,-0.33376258073541465,12.546502106728804,-10.670395190514103,-6.56798368846671,12.523345029665606,-28.515070504757418
0.027450000000000002,11.004435935191665,-5.978142315783848,-0.33393592729102245,12.54626772671298,-10.670500007900639,-6.568125410929128,12.52340991102276,-28.512950997522665
0.0275,11.004707621684798,-5.977760092121702,-0.33410071390540025,12.546035895743039,-10.670606907779401,-6.5682758036213365,12.523466195815372,-28.510821049053053
0.02755,11.004972604606426,-5.977371995713526,-0.3342570430074989,12.545806934711708,-10.670715561598927,-6.568434938998185,12.523513804171664,-28.508682147666246
0.027600000000000003,11.005230667314757,-5.976978283420242,-0.3344050289988835,12.545581160501975,-10.670825638315877,-6.568602877081735,12.523552668523514,-28.506535794726414
0.02765,11.005481602987363,-5.9765792201244174,-0.33454479811604193,12.545358885510257,-10.670936804871321,-6.568779665385834,12.523582733711478,-28.50438350231123
0.027700000000000002,11.005725214937646,-5.97617507832242,-0.33467648827427143,12.545140417172417,-10.671048726663376,-6.568965338850001,12.52360395706748,-28.502226790902004
0.02775,11.005961316895476,-5.975766137735676,-0.3348002488688744,12.544926057534617,-10.671161068026608,-6.569159919798937,12.52361630847528,-28.50006718722924
0.027800000000000002,11.006189733281289,-5.975352684896593,-0.334916240576529,12.544716102803594,-10.67127349270476,-6.569363417907002,12.523619770413319,-28.49790622203094
0.02785,11.00641029947901,-5.974935012694095,-0.335024635166991,12.544510842850805,-10.671385664312018,-6.569575830156709,12.523614337977492,-28.495745427651265
0.0279,11.006622862074826,-5.974513419936453,-0.335125615269255,12.544310560766231,-10.67149724680557,-6.56979714082978,12.523600018882311,-28.493586335783363
0.027950000000000003,11.006827279051041,-5.974088210961197,-0.3352193740803777,12.544115532502284,-10.671607904970662,-6.570027321541085,12.523576833445295,-28.491430475499556
0.028,11.00702341996181,-5.97365969525108,-0.3353061150665552,12.543926026523424,-10.671717304895255,-6.570266331272344,12.523544814558496,-28.489279371345287
0.028050000000000002,11.007211166109888,-5.973228187015624,-0.33538605167250096,12.543742303426423,-10.671825114437386,-6.570514116410798,12.523504007644673,-28.487134541292217
0.0281,11.007390410715113,-5.97279400475116,-0.335459407009059,12.543564615589741,-10.671931003706055,-6.570770610838581,12.523454470596139,-28.484997494622608
0.02815,11.007561059063029,-5.9723574708040115,-0.33552641351892215,12.543393206861822,-10.672034645544109,-6.571035736057807,12.523396273697852,-28.482869729869233
0.028200000000000003,11.00772302863756,-5.971918910929294,-0.3355873126436301,12.543228312235266,-10.672135715993933,-6.571309401305972,12.523329499534562,-28.480752732771972
0.02825,11.00787624924971,-5.971478653811184,-0.3356423544952752,12.543070157489415,-10.672233894754436,-6.571591503678229,12.52325424287627,-28.47864797408751
0.028300000000000002,11.008020663159726,-5.971037030539674,-0.33569179752201384,12.542918958818715,-10.672328865637715,-6.571881928279043,12.523170610537395,-28.47655690723763
0.02835,11.008156225173094,-5.970594374092179,-0.3357359081554643,12.542774922478316,-10.672420317017627,-6.572180548386135,12.523078721215414,-28.474480966033205
0.0284,11.008282902701106,-5.970151018857158,-0.3357749604308589,12.542638244481823,-10.672507942270247,-6.572487225624666,12.52297870531858,-28.472421562643643
0.028450000000000003,11.00840067579938,-5.969707300170485,-0.33580923559116316,12.542509110330293,-10.672591440208217,-6.572801810159808,12.522870704780477,-28.47038008566466
0.0285,11.00850953719396,-5.969263553833615,-0.3358390216893608,12.542387694726362,-10.672670515504599,-6.57312414089275,12.522754872855122,-28.46835789813892
0.028550000000000002,11.00860949228593,-5.968820115644267,-0.3358646131753992,12.542274161318398,-10.672744879110528,-6.573454045674129,12.522631373899317,-28.466356335672724
0.0286,11.00870055913041,-5.968377320968693,-0.33588631045807593,12.542168662535696,-10.672814248672335,-6.573791341567001,12.522500383152385,-28.464376704774732
0.028650000000000002,11.008782768401874,-5.967935504317748,-0.33590441946407645,12.542071339444965,-10.672878348937799,-6.574135835127214,12.522362086505819,-28.46242028123853
0.0287,11.008856163354398,-5.967494998877988,-0.33591925121028404,12.541982321540399,-10.672936912144117,-6.574487322662409,12.52221668024715,-28.46048830835413
0.02875,11.008920799768822,-5.967056136015331,-0.3359311213710112,12.54190172652634,-10.67298967839781,-6.574845590511009,12.522064370779317,-28.458581995036347
0.028800000000000003,11.008976745879158,-5.966619244787796,-0.33594034982982557,12.541829660163387,-10.673036396049334,-6.575210415375592,12.52190537432623,-28.456702514033523
0.02885,11.009024082279588,-5.966184651461226,-0.33594726022739,12.541766216119653,-10.673076822052197,-6.57558156465843,12.521739916622746,-28.45485100018919
0.028900000000000002,11.00906290181416,-5.965752679009877,-0.33595217950992995,12.541711475779149,-10.673110722304228,-6.575958796769266,12.521568232582306,-28.453028548679146
0.02895,11.009093309445937,-5.965323646617824,-0.3359554374672148,12.541665508068812,-10.673137871978723,-6.576341861450986,12.521390565946941,-28.45123621329514
0.029,11.009115422104005,-5.964897869209184,-0.3359573662582919,12.541628369355443,-10.673158055845713,-6.576730500146256,12.521207168931616,-28.449475004891305
0.029050000000000003,11.009129368510772,-5.9644756570206185,-0.3359582999324644,12.541600103393051,-10.673171068578311,-6.577124446372435,12.521018301871374,-28.44774589004216
0.0291,11.009135288994239,-5.964057315199461,-0.33595857395001455,12.541580741291218,-10.673176715044224,-6.577523426091753,12.520824232867518,-28.44604978983511
0.029150000000000002,11.009133335287412,-5.9636431433963235,-0.33595852470399046,12.541570301489635,-10.673174810583419,-6.5779271580933125,12.520625237419836,-28.444387578667282
0.0292,11.009123670313725,-5.963233435354705,-0.33595848904205744,12.541568789744398,-10.673165181271663,-6.578335354389687,12.520421598045099,-28.442760083059465
0.02925,11.009106467958544,-5.962828478520436,-0.33595880378992915,12.541576199153987,-10.673147664168608,-6.5787477206335465,12.520213603892747,-28.441168080578795
0.029300000000000003,11.009081912827106,-5.9624285536522,-0.335959805278171,12.541592510207218,-10.673122107548938,-6.579163956555017,12.520001550349106,-28.439612298794053
0.02935,11.009050199985598,-5.962033934396469,-0.3359618288683322,12.541617690784179,-10.673088371117267,-6.579583756387706,12.519785738609825,-28.438093414123184
0.029400000000000003,11.009011534682447,-5.96164488684923,-0.33596520847305394,12.541651696127833,-10.673046326209393,-6.580006809278603,12.519566475228554,-28.43661205066953
0.02945,11.008966132053184,-5.961261669150698,-0.33597027607721186,12.54169446888432,-10.672995855975973,-6.580432799733625,12.51934407166683,-28.435168779225354
0.029500000000000002,11.008914216810975,-5.960884531107257,-0.3359773612656774,12.541745939203926,-10.672936855545295,-6.580861408096665,12.519118843844266,-28.43376411641503
0.02955,11.008856022921284,-5.960513713818952,-0.33598679074941085,12.541806024817893,-10.672869232171873,-6.581292310998938,12.518891111677345,-28.432398523894076
0.0296,11.008791793263688,-5.960149449329591,-0.33599888789119364,12.54187463111819,-10.672792905372496,-6.581725181788598,12.518661198617595,-28.431072407666115
0.029650000000000003,11.008721779286631,-5.959791960322941,-0.3360139722455224,12.541951651322927,-10.672707807041109,-6.582159690999989,12.51842943120541,-28.42978611759988
0.0297,11.008646240656223,-5.959441459849355,-0.3360323591150269,12.542036966696376,-10.672613881541198,-6.582595506847017,12.518196138632986,-28.42853994708078
0.029750000000000002,11.008565444894728,-5.959098151054088,-0.33605435911012344,12.542130446746265,-10.672511085784604,-6.583032295692177,12.51796165229893,-28.42733413269107
0.0298,11.008479667005913,-5.958762226899286,-0.3360802777096869,12.542231949403597,-10.672399389296228,-6.583469722504309,12.517726305348122,-28.426168853892474
0.02985,11.008389189087676,-5.958433869889196,-0.3361104148290659,12.54234132122169,-10.67227877425861,-6.583907451332495,12.517490432201864,-28.4250442327489
0.029900000000000003,11.008294299932768,-5.958113251803578,-0.3361450643962888,12.542458397592688,-10.67214923553648,-6.584345145789106,12.517254368081273,-28.42396033370769
0.02995,11.008195294615929,-5.957800533435749,-0.3361845139332244,12.54258300296935,-10.672010780682703,-6.584782469533605,12.51701844852086,-28.422917163428597
0.030000000000000002,11.008092474064274,-5.957495864328026,-0.3362290441375509,12.542714951081004,-10.671863429926718,-6.585219086752977,12.516783008865977,-28.42191467063855
0.03005,11.007986144614446,-5.957199382519588,-0.3362789284653565,12.542854045148907,-10.67170721614909,-6.5856546626293175,12.516548383764405,-28.42095274606496
0.030100000000000002,11.007876617569377,-5.956911214341874,-0.3363344327314336,12.543000078151108,-10.671542184837937,-6.586088863809232,12.516314906680103,-28.420031222561118
0.03015,11.007764208759106,-5.956631474259974,-0.336395814741274,12.543152833156812,-10.67136839401783,-6.58652135889684,12.51608290943227,-28.41914987540792
0.0302,11.007649238093961,-5.95636026472371,-0.33646332393401246,12.543312083665064,-10.671185914159949,-6.586951818941354,12.51585272173215,-28.418308422671302
0.030250000000000003,11.00753202911077,-5.956097676029496,-0.3365372010234872,12.543477593918054,-10.670994828087288,-6.587379917888557,12.515624670718735,-28.417506525618474
0.0303,11.007412908526007,-5.955843786223941,-0.3366176776621174,12.543649119252466,-10.670795230863892,-6.587805333028523,12.515399080520256,-28.41674378928733
0.030350000000000002,11.007292205791224,-5.955598661031125,-0.3367049761385224,12.543826406501942,-10.670587229652698,-6.5882277454708165,12.515176271828853,-28.416019763146636
0.0304,11.00717025263041,-5.955362353761316,-0.33679930907292244,12.54400919436932,-10.670370943557486,-6.588646840608004,12.514956561450356,-28.415333941721236
0.03045,11.00704738255949,-5.955134905208873,-0.3369008790961455,12.544197213750957,-10.670146503463352,-6.589062308542083,12.514740261833117,-28.414685765213207
0.030500000000000003,11.006923930403396,-5.954916343573828,-0.3370098785447281,12.5443901880857,-10.669914051858667,-6.589473844511872,12.514527680605834,-28.4140746202242
0.03055,11.006800231813358,-5.954706684408965,-0.3371264891855463,12.544587833746522,-10.669673742627808,-6.589881149337561,12.514319120127606,-28.413499840580613
0.030600000000000002,11.006676622777954,-5.954505930578857,-0.33725088194922226,12.544789860432246,-10.669425740828734,-6.590283929853388,12.514114877038068,-28.41296070822128
0.03065,11.006553439129483,-5.954314072234663,-0.33738321667058,12.544995971558507,-10.669170222458904,-6.590681899323846,12.513915241810807,-28.412456454159567
0.0307,11.006431016056634,-5.954131086820258,-0.3375236418539858,12.545205864675651,-10.668907374202652,-6.591074777855392,12.51372049832714,-28.41198625955883
0.030750000000000003,11.006309687635044,-5.953956939123049,-0.337672294470853,12.545419231919498,-10.668637393164191,-6.591462292796442,12.513530923486803,-28.411549256949744
0.0308,11.00618978637362,-5.953791581358704,-0.337829299788757,12.545635760486787,-10.668360486584861,-6.591844179128078,12.513346786848544,-28.41114453155084
0.030850000000000002,11.006071642757124,-5.953634953260111,-0.33799477121673155,12.545855133110683,-10.668076871540393,-6.592220179850569,12.51316835026937,-28.410771122615234
0.0309,11.005955584778588,-5.953486982162746,-0.33816881014631206,12.546077028509112,-10.667786774632273,-6.592590046346363,12.512995867533093,-28.410428024786132
0.030950000000000002,11.005841937478817,-5.95334758311265,-0.33835150579945766,12.54630112182721,-10.667490431679362,-6.592953538714557,12.512829583995808,-28.410114189528954
0.031,11.005731022498205,-5.95321665899979,-0.3385429351108665,12.546527085106797,-10.667188087387343,-6.593310426107011,12.512669736254209,-28.40982852663998
0.03105,11.005623157614755,-5.9530941006850195,-0.3387431626213444,12.54675458775152,-10.666879994993408,-6.593660487066502,12.51251655179872,-28.409569905760375
0.031100000000000003,11.00551865626062,-5.952979787116412,-0.33895224035037197,12.546983296953645,-10.666566415910244,-6.594003509837229,12.512370248642625,-28.409337157895305
0.03115,11.005417827052604,-5.952873585477356,-0.3391702076864646,12.547212878131585,-10.666247619366137,-6.594339292654232,12.512231034978585,-28.409129077031626
0.031200000000000002,11.005320973355303,-5.952775351382308,-0.3393970913382605,12.547442995420228,-10.665923882017044,-6.59466764403792,12.512099108886522,-28.40894442187757
0.03125,11.005228392852693,-5.952684929088763,-0.33963290531442014,12.547673312171336,-10.66559548753827,-6.59498838308257,12.511974658056639,-28.408781917650355
0.0313,11.005140377117172,-5.952602151714805,-0.33987765089938216,12.547903491430697,-10.665262726217788,-6.595301339715894,12.511857859512887,-28.40864025789293
0.03135,11.005057211199205,-5.952526841484134,-0.34013131665559815,12.54813319642373,-10.664925894543606,-6.595606354939595,12.51174887936761,-28.408518106357548
0.031400000000000004,11.004979173246515,-5.952458810003413,-0.3403938784708781,12.548362091063597,-10.664585294775634,-6.595903281060182,12.51164787261761,-28.40841409895609
0.03145,11.004906534135246,-5.95239785855192,-0.3406652996200025,12.548589840449706,-10.664241234515242,-6.596191981897787,12.5115549829566,-28.408326845734894
0.0315,11.004839557093911,-5.952343778367962,-0.3409455308180829,12.548816111339606,-10.663894026275829,-6.596472332971643,12.511470342579832,-28.408254932853136
0.03155,11.004778497317465,-5.952296350931932,-0.3412345102753222,12.54904057260565,-10.663543987042143,-6.596744221673718,12.511394071978488,-28.408196924570067
0.0316,11.004723601588795,-5.952255348262579,-0.3415321637630734,12.549262895686683,-10.663191437825722,-6.597007547424101,12.511326279746921,-28.408151365270097
0.031650000000000005,11.00467510792529,-5.952220533238628,-0.3418384047043543,12.549482755044332,-10.662836703220933,-6.597262221805705,12.511267062424094,-28.408116781536112
0.0317,11.004633245234302,-5.952191659931076,-0.3421531342913207,12.549699828623416,-10.66248011094298,-6.597508168692344,12.511216504347972,-28.40809168424707
0.03175,11.0045982329585,-5.952168473933887,-0.3424762416078345,12.549913798300157,-10.662121991350665,-6.597745324366271,12.511174677500343,-28.408074570691756
0.0318,11.004570280741833,-5.952150712715004,-0.34280760376671054,12.550124350325309,-10.661762676975123,-6.597973637610298,12.511141641379501,-28.408063926720015
0.03185,11.004549588149978,-5.952138106006458,-0.34314708610566663,12.550331175789056,-10.661402502044314,-6.598193069782598,12.511117442939538,-28.40805822893323
0.031900000000000005,11.004536344417376,-5.952130376209672,-0.3434945424265782,12.550533971091335,-10.661041801990798,-6.5984035948816615,12.511102116560348,-28.408055946878356
0.03195,11.004530728183466,-5.952127238793181,-0.3438498152166526,12.550732438379303,-10.660680912966814,-6.598605199586118,12.511095684004573,-28.408055545235342
0.032,11.004532907236975,-5.952128402695689,-0.34421273586174805,12.550926285962312,-10.66032017137523,-6.598797883266621,12.511098154384298,-28.40805548600859
0.03205,11.004543038295918,-5.952133570749098,-0.3445831249015376,12.55111522873287,-10.65995991339438,-6.598981657983771,12.511109524168731,-28.40805423072118
0.032100000000000004,11.004561266803025,-5.952142440107798,-0.34496079230227716,12.55129898857754,-10.659600474500746,-6.599156548469741,12.511129777208524,-28.408050242600815
0.032150000000000005,11.004587726707687,-5.952154702670224,-0.3453455376998931,12.55147729475525,-10.659242189007793,-6.599322592085024,12.511158884744638,-28.408041988763802
0.0322,11.004622540245638,-5.952170045501597,-0.34573715064066723,12.55164988426107,-10.658885389604967,-6.59947983875947,12.511196805415892,-28.40802794240862
0.03225,11.00466581774468,-5.952188151270295,-0.3461354108646888,12.55181650219565,-10.658530406879986,-6.599628350925354,12.511243485295964,-28.408006585007477
0.0323,11.004717657464054,-5.952208698699855,-0.34654008862064783,12.551976902131889,-10.658177568843405,-6.5997682034320375,12.51129885796752,-28.407976408487087
0.032350000000000004,11.00477814545854,-5.952231363029349,-0.34695094499571894,12.552130846469698,-10.657827200462819,-6.599899483440347,12.51136284462217,-28.40793591738898
0.0324,11.004847355452805,-5.9522558164759785,-0.34736773226236045,12.552278106779221,-10.657479623190445,-6.600022290303242,12.511435354170548,-28.4078836310159
0.03245,11.004925348731486,-5.952281728701507,-0.34779019424369995,12.552418464132181,-10.65713515448779,-6.600136735430673,12.51151628336816,-28.407818085558816
0.0325,11.00501217407164,-5.95230876729062,-0.3482180667036814,12.552551709422263,-10.656794107367958,-6.600242942131641,12.511605516984211,-28.407737836179034
0.03255,11.005107867710601,-5.952336598235036,-0.34865107775846194,12.552677643671654,-10.656456789952136,-6.600341045436619,12.511702928004405,-28.40764145903564
0.032600000000000004,11.005212453302896,-5.95236488640854,-0.3490889482701127,12.552796078311944,-10.656123505032784,-6.600431191903404,12.511808377819829,-28.407527553299456
0.03265,11.005325941864768,-5.952393296035081,-0.34953139221083307,12.552906835439616,-10.655794549653935,-6.600513539404538,12.511921716401723,-28.407394743165167
0.0327,11.005448331751557,-5.952421491163738,-0.3499781170470991,12.553009748062152,-10.655470214704458,-6.600588256898412,12.512042782508422,-28.407241679818732
0.03275,11.005579608669134,-5.952449136147488,-0.3504288241613498,12.553104660336727,-10.655150784507788,-6.60065552418924,12.512171403924134,-28.407067043344888
0.0328,11.00571974567941,-5.952475896116744,-0.35088320925764904,12.55319142778795,-10.654836536421762,-6.60071553167121,12.512307397690025,-28.40686954462563
0.032850000000000004,11.00586870320788,-5.95250143745004,-0.35134096275195087,12.553269917507142,-10.654527740455933,-6.6007684800571065,12.512450570335753,-28.40664792722163
0.0329,11.006026429091317,-5.952525428249673,-0.3518017702114486,12.553340008345668,-10.654224658879869,-6.600814580095997,12.512600718148706,-28.406400969185178
0.03295,11.006192858666834,-5.952547538818341,-0.35226531284368884,12.553401591097158,-10.653927545823143,-6.600854052278816,12.512757627480086,-28.406127484785912
0.033,11.00636791487929,-5.952567442131616,-0.3527312679744878,12.553454568656804,-10.653636646904799,-6.600887126525189,12.512921075065151,-28.405826326178737
0.03305,11.006551508399246,-5.952584814304369,-0.35319930951036044,12.553498856159077,-10.653352198888886,-6.600914041854706,12.513090828349833,-28.405496385023277
0.033100000000000004,11.00674353775477,-5.952599335051727,-0.35366910841635796,12.553534381098492,-10.653074429338412,-6.600935046046762,12.513266645826926,-28.405136594050077
0.03315,11.006943889484472,-5.952610688144385,-0.3541403332019949,12.553561083431724,-10.652803556282477,-6.6009503952873425,12.513448277388225,-28.40474592855668
0.0332,11.00715243831174,-5.952618561857838,-0.3546126503916707,12.553578915659626,-10.652539787920068,-6.600960353801795,12.513635464692367,-28.40432340783195
0.03325,11.007369047321841,-5.952622649413656,-0.35508572497757723,12.553587842891107,-10.652283322344266,-6.60096519347745,12.513827941531375,-28.403868096541096
0.0333,11.00759356813163,-5.9526226494136605,-0.3555592208606609,12.5535878428911,-10.65203434727097,-6.600965193477442,12.514025434187248,-28.40337910609705
0.033350000000000005,11.007825841079068,-5.952618266268959,-0.35603280130144815,12.553578906113815,-10.65179303977762,-6.600960639844851,12.514227661803462,-28.40285559596705
0.0334,11.008065695455226,-5.952609210621613,-0.3565061294043708,12.553561035719106,-10.651559566050853,-6.600951825097495,12.514434336790274,-28.402296774855998
0.03345,11.008312949752476,-5.952595199757079,-0.35697886860964845,12.553534247570061,-10.651334081142826,-6.600939047812981,12.514645165239767,-28.401701901816455
0.0335,11.008567411909187,-5.952575958007935,-0.35745068316321793,12.553498570212756,-10.65111672874597,-6.600922612204821,12.51485984733361,-28.401070287330302
0.03355,11.008828879582309,-5.952551217147824,-0.3579212386012781,12.553454044837473,-10.650907640981028,-6.600902827689648,12.515078077770571,-28.400401294289367
0.033600000000000005,11.009097140461378,-5.952520716771738,-0.35839020227391233,12.553400725216559,-10.650706938187467,-6.600880008444816,12.51529954622388,-28.39969433883014
0.03365,11.009371972588191,-5.952484204663929,-0.35885724385042794,12.553338677621925,-10.650514728737761,-6.600854472957993,12.51552393779757,-28.39894889110558
0.0337,11.00965314466801,-5.952441437155648,-0.35932203577088695,12.553267980729391,-10.650331108897124,-6.600826543573741,12.515750933470423,-28.398164476033774
0.03375,11.009940416394878,-5.952392179471189,-0.35978425369090694,12.553188725507525,-10.65015616270397,-6.600796546036333,12.515980210546642,-28.39734067396826
0.033800000000000004,11.010233538794179,-5.952336206060773,-0.36024357694601455,12.553101015086432,-10.649989961848165,-6.600764809025657,12.51621144311529,-28.396477121277265
0.033850000000000005,11.01053225457007,-5.952273300921622,-0.3606996889975008,12.553004964611741,-10.64983256557257,-6.600731663690123,12.51644430250829,-28.395573510864462
0.0339,11.010836298460507,-5.952203257907252,-0.3611522778484023,12.552900701088003,-10.649684020612105,-6.6006974431807475,12.516678457759358,-28.39462959262537
0.03395,11.011145397604293,-5.952125881023564,-0.36160103646622604,12.552788363205261,-10.649544361138068,-6.600662482181697,12.516913576067095,-28.393645173824257
0.034,11.011459271921495,-5.952040984710929,-0.3620456632251306,12.552668101144096,-10.649413608696367,-6.600627116433169,12.517149323263045,-28.392620119385384
0.034050000000000004,11.011777634518522,-5.9519483941078795,-0.36248586235575075,12.552540076359312,-10.64929177216277,-6.600591682251431,12.517385364292565,-28.39155435205647
0.0341,11.012100192111797,-5.951847945296377,-0.3629213443900692,12.552404461344524,-10.649178847721728,-6.600556516048149,12.517621363703144,-28.390447852457598
0.03415,11.012426645448253,-5.951739485533825,-0.3633518265852712,12.552261439382594,-10.649074818862982,-6.6005219538487685,12.517856986123507,-28.3893006590838
0.0342,11.012756689729176,-5.951622873470916,-0.36377703332853584,12.552111204282726,-10.648979656400641,-6.600488330811807,12.518091896738772,-28.388112868243606
0.03425,11.013090015056443,-5.951497979347592,-0.3641966965455318,12.551953960097258,-10.648893318510913,-6.600455980749666,12.518325761774792,-28.386884633861083
0.034300000000000004,11.013426306882394,-5.951364685173015,-0.36461055609412124,12.551789920823484,-10.648815750788271,-6.600425235650468,12.518558248977941,-28.385616167206
0.03435,11.01376524644303,-5.951222884897378,-0.3650183601070466,12.551619310106538,-10.648746886335983,-6.60039642520916,12.518789028076261,-28.384307736628042
0.0344,11.01410651119504,-5.9510724845689715,-0.3654198653089569,12.551442360937687,-10.64868664588608,-6.600369876368712,12.519017771236802,-28.382959667223894
0.03445,11.014449775275976,-5.95091340246795,-0.36581483735701453,12.551259315327174,-10.64863493791896,-6.600345912859224,12.51924415353218,-28.381572340360858
0.0345,11.014794709969177,-5.950745569222286,-0.3662030511851343,12.551070423957142,-10.648591658784044,-6.600324854734858,12.519467853402702,-28.380146193119238
0.034550000000000004,11.015140984161318,-5.950568927912179,-0.36658429131188386,12.550875945832626,-10.648556692849438,-6.600307017920447,12.519688553106434,-28.378681717705213
0.0346,11.015488264812653,-5.950383434152599,-0.366958352139573,12.550676147919967,-10.648529912673084,-6.60029271376737,12.519905939169947,-28.37717946074891
0.03465,11.015836217443569,-5.95018905615089,-0.3673250382726778,12.550471304756048,-10.648511179170892,-6.600282248605161,12.520119702841471,-28.37564002246776
0.0347,11.016184506619652,-5.949985774746884,-0.3676841648275555,12.55026169804043,-10.648500341792097,-6.6002759232935455,12.520329540534352,-28.374064055763675
0.03475,11.016532796432077,-5.949773583437631,-0.3680355577049993,12.55004761622675,-10.648497238727076,-6.600274032789118,12.520535154259017,-28.3724522652697
0.034800000000000005,11.01688075097709,-5.949552488384521,-0.3683790538341685,12.549829354111731,-10.648501697142924,-6.600276865727213,12.520736252045724,-28.37080540632896
0.03485,11.01722803483026,-5.949322508405725,-0.36871450139775735,12.54960721241741,-10.648513533432503,-6.600284704011682,12.520932548355686,-28.369124283927135
0.0349,11.017574313519702,-5.949083674951267,-0.3690417600398157,12.549381497366582,-10.648532553479882,-6.600297822415313,12.521123764482994,-28.367409751558576
0.03495,11.01791925400141,-5.948836032058009,-0.3693607010567269,12.549152520251988,-10.648558552944683,-6.600316488193975,12.521309628948828,-28.365662710008316
0.035,11.018262525124243,-5.948579636293134,-0.36967120756309685,12.548920597005587,-10.648591317561145,-6.600340960712452,12.521489877881091,-28.36388410611164
0.035050000000000005,11.018603798088462,-5.948314556683852,-0.36997317463571044,12.54868604776785,-10.648630623452753,-6.600371491083999,12.52166425538181,-28.36207493147365
0.0351,11.018942746918551,-5.948040874617263,-0.37026650946298906,12.548449196436298,-10.648676237455565,-6.600408321819034,12.52183251389295,-28.36023622103901
0.03515,11.019279048941163,-5.947758683714129,-0.37055113150289326,12.548210370187585,-10.648727917438272,-6.600451686473456,12.521994414554358,-28.358369051546983
0.0352,11.01961238524328,-5.947468089696328,-0.3708269726107982,12.547969899001835,-10.648785412632483,-6.600501809305505,12.52214972754132,-28.356474540005465
0.035250000000000004,11.019942441121751,-5.947169210240137,-0.37109397713284215,12.547728115196275,-10.648848463988907,-6.600558904956137,12.522298232387884,-28.354553842128148
0.035300000000000005,11.02026890654189,-5.9468621747991355,-0.37135210199717394,12.54748535294133,-10.64891680454472,-6.600623178142193,12.522439718303724,-28.352608150631134
0.03535,11.02059147658781,-5.9465471244099,-0.3716013167966566,12.547241947762899,-10.648990159791154,-6.600694823352998,12.522573984475699,-28.350638693479585
0.0354,11.020909851887879,-5.946224211497292,-0.3718416038271141,12.546998236065306,-10.649068248060766,-6.600774024568013,12.522700840347339,-28.34864673218821
0.03545,11.021223739029232,-5.945893599668254,-0.3720729580883503,12.546754554673498,-10.649150780940884,-6.6008609550052455,12.522820105883392,-28.34663356010059
0.035500000000000004,11.02153285097328,-5.945555463481224,-0.3722953872789528,12.546511240366671,-10.649237463694327,-6.600955776885447,12.522931611823752,-28.344600500569456
0.03555,11.021836907463877,-5.945209988198703,-0.37250891178227297,12.546268629403269,-10.649327995681602,-6.601058641204567,12.523035199923,-28.342548905086364
0.0356,11.022135635423568,-5.944857369527184,-0.37271356463148225,12.546027057051392,-10.649422070792088,-6.601169687524205,12.523130723173649,-28.34048015138753
0.03565,11.022428769340793,-5.944497813341626,-0.37290939145820606,12.545786857119852,-10.649519377882589,-6.601289043778227,12.52321804601417,-28.33839564151828
0.0357,11.022716051648748,-5.944131535392523,-0.37309645043103573,12.545548361483178,-10.649619601217719,-6.601416826090654,12.523297044521577,-28.336296799846526
0.035750000000000004,11.022997233097671,-5.943758760992823,-0.37327481218323905,12.545311899599417,-10.649722420914438,-6.601553138606591,12.523367606588808,-28.3341850710105
0.0358,11.023272073119857,-5.943379724683496,-0.3734445597293155,12.545077798019616,-10.649827513390541,-6.601698073336116,12.523429632085733,-28.332061917797084
0.03585,11.023540340174605,-5.9429946698940865,-0.373605788358589,12.544846379905483,-10.649934551816017,-6.6018517100113945,12.5234830330003,-28.329928819044532
0.0359,11.02380181206867,-5.942603848607138,-0.37375860549388357,12.544617964573504,-10.650043206574791,-6.602014115966366,12.523527733560098,-28.327787267614568
0.03595,11.02405627626973,-5.942207521002935,-0.37390313053157825,12.544392867048218,-10.650153145738154,-6.602185346045286,12.523563670338643,-28.325638768301143
0.036000000000000004,11.024303530214132,-5.94180595508027,-0.37403949467388753,12.544171397608125,-10.650264035540246,-6.602365442527855,12.523590792345425,-28.323484835655627
0.03605,11.024543381590293,-5.941399426281484,-0.37416784073730475,12.543953861349513,-10.650375540852988,-6.602554435068029,12.523609061096737,-28.32132699188244
0.0361,11.024775648599649,-5.9409882171221575,-0.37428832293083186,12.543740557782836,-10.650487325668816,-6.602752340660679,12.523618450669124,-28.319166764802652
0.03615,11.025000160215175,-5.940572616792643,-0.3744011066281283,12.543531780425626,-10.650599053587051,-6.60295916363298,12.52361894773756,-28.317005685709606
0.0362,11.025216756433911,-5.940152920732602,-0.3745063681414831,12.543327816373573,-10.65071038829243,-6.603174895640972,12.5236105515957,-28.314845287129042
0.036250000000000004,11.025425288507574,-5.939729430205657,-0.37460429447868443,12.543128945881286,-10.650820994028885,-6.603399515675629,12.523593274157124,-28.312687100627322
0.0363,11.025625619153155,-5.939302451873075,-0.374695083077394,12.542935441964923,-10.650930536075762,-6.603632990091848,12.523567139938681,-28.3105326546591
0.03635,11.02581762275109,-5.938872297351675,-0.3747789415299771,12.542747570003526,-10.65103868122111,-6.603875272651849,12.52353218602562,-28.30838347237828
0.0364,11.026001185527628,-5.938439282761043,-0.3748560872975674,12.54256558734013,-10.65114509823006,-6.604126304579086,12.523488462017928,-28.306241069439977
0.03645,11.026176205717693,-5.938003728268635,-0.3749267474036986,12.542389742903836,-10.651249458313998,-6.6043860146352005,12.52343602995868,-28.304106951835873
0.036500000000000005,11.026342593707211,-5.937565957636713,-0.37499115810799766,12.542220276857643,-10.65135143559921,-6.604654319220929,12.52337496424539,-28.301982613781107
0.03655,11.026500272154177,-5.937126297775946,-0.37504956456310673,12.54205742026933,-10.651450707591076,-6.604931122493383,12.523305351525963,-28.299869535673526
0.0366,11.026649176094201,-5.936685078293841,-0.3751022204587151,12.541901394800899,-10.651546955635483,-6.605216316507057,12.523227290578722,-28.297769182065174
0.03665,11.026789253034805,-5.936242631023039,-0.3751493876579639,12.541752412402426,-10.651639865376838,-6.605509781379385,12.523140892173146,-28.295682999576318
0.0367,11.026920463032445,-5.935799289544322,-0.3751913358254733,12.541610675012429,-10.651729127206973,-6.605811385468106,12.523046278913073,-28.29361241482479
0.036750000000000005,11.027042778746738,-5.93535538872279,-0.3752283420414997,12.54147637428261,-10.651814436705243,-6.606120985559817,12.522943585066223,-28.291558832456943
0.0368,11.02715618547948,-5.934911264236009,-0.37526069040775334,12.541349691314004,-10.651895495071726,-6.606438427077995,12.522832956376677,-28.289523633178224
0.03685,11.027260681202165,-5.934467252074966,-0.37528867165106666,12.541230796377658,-10.651972009551097,-6.60676354430269,12.522714549854493,-28.287508171698107
0.0369,11.027356276562742,-5.934023688047253,-0.3753125827168566,12.54111984864351,-10.652043693845885,-6.607096160596256,12.52258853354823,-28.285513774727832
0.036950000000000004,11.027442994867602,-5.9335809073059,-0.3753327263459693,12.541016995952159,-10.652110268521634,-6.607436088646258,12.522455086307943,-28.28354173913402
0.037000000000000005,11.027520872045903,-5.933139243880412,-0.3753494106416032,12.540922374609616,-10.6521714614043,-6.607783130729202,12.522314397533783,-28.281593330138215
0.03705,11.027589956598922,-5.932699030195665,-0.37536294863171255,12.540836109182187,-10.652227007967213,-6.6081370789865215,12.522166666905772,-28.279669779498676
0.0371,11.027650309529841,-5.932260596600627,-0.3753736578221195,12.540758312316624,-10.65227665170772,-6.608497715715996,12.522012104101083,-28.27777228377278
0.03715,11.027702004254564,-5.931824270912827,-0.37538185974041594,12.540689084601942,-10.652320144514151,-6.60886481368911,12.521850928502168,-28.275902002682702
0.037200000000000004,11.027745126496361,-5.9313903779640595,-0.3753878794759314,12.54062851444864,-10.652357247020433,-6.6092381364845805,12.521683368891296,-28.274060057519684
0.03725,11.02777977416474,-5.93095923914289,-0.375392045218101,12.540576677969105,-10.652387728946639,-6.6096174388262146,12.521509663129736,-28.272247529568176
0.0373,11.027806057217925,-5.930531171933691,-0.37539468779137997,12.54053363886845,-10.652411369426542,-6.610002466934758,12.521330057820915,-28.270465458550117
0.03735,11.02782409750834,-5.930106489451716,-0.37539614018679923,12.540499448349339,-10.65242795732154,-6.610392958897623,12.521144807956778,-28.268714841088634
0.0374,11.027834028609643,-5.929685499990764,-0.3753967370896781,12.540474145031283,-10.652437291519965,-6.610788645040517,12.52095417655386,-28.266996629260973
0.037450000000000004,11.027835995626354,-5.929268506586959,-0.3753968144042878,12.540457754888227,-10.65243918122206,-6.611189248301266,12.520758434281696,-28.26531172925269
0.0375,11.027830154987292,-5.928855806578144,-0.3753967087761564,12.54045029119674,-10.652433446211136,-6.611594484618593,12.52055785907491,-28.26366100002786
0.03755,11.027816674221665,-5.928447691165153,-0.3753967571115356,12.540451754497603,-10.652419917110132,-6.612004063332451,12.520352735730844,-28.262045252042938
0.0376,11.027795731719184,-5.928044445005698,-0.3753972960959524,12.540462132597838,-10.652398435623232,-6.612417687592142,12.520143355508626,-28.260465246125445
0.03765,11.027767516476446,-5.927646345832173,-0.3753986617146029,12.540481400610664,-10.652368854761844,-6.612835054778491,12.519930015727349,-28.258921692477394
0.037700000000000004,11.027732227828954,-5.927253664061784,-0.37540118877482637,12.540509520999391,-10.652331039054124,-6.613255856937607,12.519713019347975,-28.257415249677685
0.03775,11.027690075167744,-5.926866662407835,-0.3754052104295591,12.540546443627559,-10.652284864738183,-6.613679781219722,12.51949267454215,-28.255946523721242
0.0378,11.027641277643093,-5.92648559551465,-0.3754110577052872,12.540592105845159,-10.652230219937806,-6.614106510330507,12.519269294260765,-28.25451606718025
0.03785,11.027586063854994,-5.926110709603753,-0.37541905903497463,12.540646432597125,-10.652167004820019,-6.614535722993374,12.51904319579612,-28.253124378438354
0.0379,11.027524671528207,-5.925742242114108,-0.3754295397921391,12.540709336521555,-10.652095131736068,-6.614967094407446,12.518814700327617,-28.251771900933228
0.037950000000000005,11.027457347172318,-5.925380421349603,-0.37544282182570266,12.540780718051584,-10.652014525346614,-6.615400296701979,12.51858413245755,-28.25045902245991
0.038,11.027384345729176,-5.9250254661459465,-0.37545922300048307,12.54086046554817,-10.651925122728697,-6.61583499940222,12.518351819744918,-28.24918607457876
0.03805,11.027305930208229,-5.924677585553387,-0.37547905674394083,12.5409484554556,-10.651826873464291,-6.616270869902212,12.518118092235921,-28.24795333211264
0.0381,11.027222371310968,-5.924336978539181,-0.37550263159763236,12.541044552469714,-10.651719739713334,-6.61670757393053,12.517883281994118,-28.246761012746575
0.03815,11.027133947046195,-5.924003833710565,-0.37553025077590246,12.541148609726259,-10.651603696270293,-6.61714477601569,12.517647722632079,-28.245609276729287
0.038200000000000005,11.02704094233441,-5.923678329049266,-0.3755622117336871,12.541260469013192,-10.651478730600724,-6.617582139963925,12.517411748838784,-28.24449822664428
0.03825,11.026943648603552,-5.92336063166345,-0.37559880574553,12.541379961007168,-10.651344842858022,-6.618019329343718,12.51717569590755,-28.243427907269535
0.0383,11.026842363379755,-5.923050897567327,-0.37564031749685955,12.541506905533701,-10.651202045882897,-6.6184560079663735,12.516939899272487,-28.242398305559114
0.03835,11.026737389868613,-5.922749271468475,-0.37568702468381077,12.541641111834123,-10.651050365184803,-6.618891840365646,12.516704694040154,-28.241409350676204
0.038400000000000004,11.026629036521665,-5.922455886551028,-0.3757391976170604,12.541782378829167,-10.650889838904606,-6.619326492278137,12.516470414506067,-28.240460914041336
0.038450000000000005,11.0265176165955,-5.9221708642771524,-0.37579709883647355,12.541930495398514,-10.65072051775903,-6.619759631121362,12.516237393673233,-28.239552809470215
0.0385,11.02640344770739,-5.921894314216843,-0.3758609827403853,12.542085240686454,-10.650542464967005,-6.620190926469607,12.516005962780907,-28.23868479343331
0.03855,11.026286851380357,-5.92162633388355,-0.37593109522157586,12.542246384408203,-10.650355756158776,-6.62062005052465,12.515776450826634,-28.237856565361938
0.0386,11.026168152578201,-5.921367008578633,-0.37600767330712065,12.542413687152848,-10.65016047927108,-6.621046678574216,12.515549184083502,-28.237067768011908
0.038650000000000004,11.02604767924094,-5.921116411269052,-0.3760909448155515,12.542586900715813,-10.649956734425386,-6.621470489446756,12.515324485633371,-28.236317987960554
0.038700000000000005,11.025925761821254,-5.9208746024927414,-0.3761811280373551,12.542765768465387,-10.649744633783902,-6.621891165972645,12.515102674913905,-28.23560675621368
0.03875,11.025802732815738,-5.9206416302774425,-0.37627843142670697,12.542950025714969,-10.649524301389027,-6.622308395437529,12.514884067267316,-28.234933548878463
0.0388,11.025678926294834,-5.920417530078237,-0.3763830533043006,12.54313940009883,-10.64929587299053,-6.622721870020595,12.51466897349665,-28.2342977879152
0.03885,11.025554677433366,-5.920202324737399,-0.37649518157926437,12.543333611968041,-10.649059495854104,-6.623131287230641,12.51445769943304,-28.233698841978416
0.038900000000000004,11.025430322037476,-5.919996024456432,-0.3766149934900981,12.543532374801655,-10.648815328547379,-6.62353635034522,12.514250545505446,-28.23313602731558
0.03895,11.025306196068055,-5.919798626781013,-0.37674265535690976,12.543735395618882,-10.648563540711146,-6.623936768837865,12.514047806313313,-28.232608608726284
0.039,11.025182635163345,-5.919610116602755,-0.3768783223442882,12.543942375391627,-10.64830431281906,-6.62433225878887,12.513849770206331,-28.23211580059183
0.03905,11.025059974156912,-5.9194304661719475,-0.37702213823499203,12.544153009459183,-10.648037835921919,-6.624722543287235,12.513656718865251,-28.231656767960054
0.0391,11.024938546592612,-5.919259635124098,-0.37717423521761667,12.544366987949731,-10.647764311374996,-6.625107352825633,12.513468926886464,-28.231230627693225
0.039150000000000004,11.024818684246958,-5.919097570534061,-0.3773347336960817,12.544583996218464,-10.647483950550878,-6.625486425684405,12.51328666138609,-28.2308364497122
0.0392,11.024700716657641,-5.918944206993848,-0.37750374211819326,12.544803715296338,-10.647196974539444,-6.625859508302488,12.513110181620617,-28.23047325832379
0.03925,11.024584970650572,-5.918799466701752,-0.3776813568146257,12.545025822336457,-10.646903613835942,-6.6262263556347065,12.512939738611523,-28.230140033597998
0.0393,11.024471769874424,-5.9186632595745765,-0.37786766185821563,12.545249991071264,-10.646604108016211,-6.62658673149669,12.512775574787396,-28.22983571282336
0.03935,11.024361434351468,-5.918535483390478,-0.37806272895623816,12.545475892292947,-10.646298705395232,-6.626940408902466,12.512617923654831,-28.229559192051482
0.039400000000000004,11.024254280031203,-5.918416023944189,-0.378266617361345,12.545703194336594,-10.64598766266986,-6.627287170392404,12.512467009477614,-28.229309327686707
0.03945,11.024150618339785,-5.918304755206502,-0.37847937378631624,12.545931563549095,-10.645671244553466,-6.627626808342591,12.512323046954204,-28.22908493810307
0.0395,11.024050755738406,-5.918201539503806,-0.3787010323350007,12.546160664759645,-10.645349723403406,-6.627959125255839,12.512186240912566,-28.228884805323947
0.03955,11.0239549932918,-5.918106227716757,-0.3789316144599128,12.546390161761526,-10.645023378831887,-6.628283934044766,12.512056786022955,-28.228707676758
0.0396,11.023863626234345,-5.918018659485169,-0.37917112893219623,12.546619717789126,-10.644692497302149,-6.628601058303953,12.511934866511544,-28.228552266966528
0.039650000000000005,11.023776943539142,-5.917938663425271,-0.37941957181713515,12.546848995984378,-10.644357371722007,-6.62891033255911,12.511820655882534,-28.22841725947534
0.0397,11.023695227502113,-5.9178660573694035,-0.37967692646962947,12.547077659866762,-10.644018301032485,-6.629211602497354,12.511714316664115,-28.22830130864557
0.03975,11.023618753337233,-5.9178006486240164,-0.37994316355466917,12.54730537381092,-10.643675589782568,-6.629504725186901,12.511616000172925,-28.228203041595304
0.0398,11.02354778878313,-5.917742234243524,-0.3802182410900544,12.547531803526496,-10.643329547693074,-6.629789569282969,12.511525846296085,-28.228121060161424
0.039850000000000003,11.023482593727225,-5.917690601324848,-0.380502104510146,12.547756616538521,-10.642980489217079,-6.630066015213675,12.511443983298474,-28.22805394290786
0.039900000000000005,11.023423419842306,-5.917645527315661,-0.38079468674822387,12.547979482664639,-10.642628733094082,-6.630333955348976,12.511370527647516,-28.22800024716302
0.03995,11.023370510231722,-5.917606780333542,-0.3810959083344197,12.54820007448696,-10.642274601897304,-6.630593294153417,12.511305583850787,-28.227958511083393
0.04,11.023324099092221,-5.917574119501724,-0.38140567751739646,12.548418067823928,-10.641918421574825,-6.6308439483222035,12.51124924431705,-28.227927255746504
0.04005,11.023284411389547,-5.917547295296561,-0.3817238904060624,12.548633142198073,-10.641560520983486,-6.6310858469015095,12.511201589234162,-28.227904987264274
0.040100000000000004,11.023251662532976,-5.917526049896583,-0.38205043111402603,12.548844981287395,-10.641201231418949,-6.631318931390809,12.51116268644688,-28.227890198905587
0.040150000000000005,11.023226058057109,-5.917510117540741,-0.3823851719093649,12.54905327336444,-10.640840886147744,-6.631543155823693,12.511132591345449,-28.227881373240734
0.0402,11.023207793328272,-5.9174992249057095,-0.38272797339248166,12.54925771173742,-10.640479819935788,-6.6317584868317105,12.511111346785016,-28.22787698430987
0.04025,11.023197053265507,-5.917493091493976,-0.38307868469701295,12.549457995188309,-10.640118368568494,-6.631964903694333,12.511098983023047,-28.22787549980372
0.0403,11.023194012065014,-5.9174914300262795,-0.38343714369459453,12.54965382839607,-10.639756868370421,-6.632162398369786,12.511095517661932,-28.227875383254638
0.040350000000000004,11.023198832945914,-5.917493946848226,-0.3838031772153095,12.54984492235248,-10.639395655730603,-6.632350975504255,12.511100955617197,-28.22787509623879
0.040400000000000005,11.023211667928154,-5.917500342355052,-0.3841766013014973,12.550030994778973,-10.639035066626656,-6.632530652423921,12.511115289122692,-28.227873100582087
0.04045,11.023232657625963,-5.917510311423148,-0.38455722148291616,12.550211770535666,-10.638675436143046,-6.632701459112519,12.511138497752746,-28.227867860559638
0.0405,11.02326193105066,-5.917523543845429,-0.38494483305875754,12.550386982015123,-10.638317097991905,-6.632863438169693,12.511170548454517,-28.227857845090444
0.04055,11.023299605432978,-5.917539724774773,-0.38533922139175336,12.55055636952366,-10.637960384041222,-6.633016644748887,12.5112113956014,-28.227841529922124
0.040600000000000004,11.02334578606175,-5.917558535173396,-0.38574016221713103,12.550719681651435,-10.637605623844621,-6.633161146478036,12.511260981063774,-28.227817399803897
0.04065,11.02340056613333,-5.91757965226499,-0.3861474219620607,12.55087667562909,-10.637253144171272,-6.6332970233641,12.511319234290573,-28.22778395064716
0.0407,11.023464026616669,-5.9176027499919615,-0.386560758075097,12.551027117670976,-10.636903268541566,-6.633424367679015,12.511386072407175,-28.22773969167222
0.04075,11.023536236131292,-5.917627499476081,-0.3869799193636091,12.551170783304311,-10.636556316767683,-6.633543283828228,12.511461400326311,-28.22768314754041
0.0408,11.023617250835239,-5.917653569481242,-0.3874046463374566,12.551307457683869,-10.636212604497782,-6.633653888202629,12.511545110868855,-28.227612860472497
0.040850000000000004,11.023707114339405,-5.917680626883906,-0.3878346715710823,12.551436935896486,-10.635872442768322,-6.633756309012582,12.511637084911564,-28.227527392340264
0.0409,11.023805857653496,-5.917708337150539,-0.38826972009182537,12.55155902325627,-10.635536137561672,-6.633850686105732,12.511737191566027,-28.22742532671712
0.04095,11.023913499142623,-5.9177363648144174,-0.3887095097759207,12.551673535583634,-10.635203989366698,-6.633937170769216,12.511845288366777,-28.227305270902313
0.041,11.024030044496257,-5.917764373952127,-0.389153751746364,12.551780299466841,-10.634876292749896,-6.6340159255147135,12.511961221470164,-28.227165857916262
0.04105,11.024155486731043,-5.917792028664873,-0.3896021507914779,12.551879152511082,-10.634553335939565,-6.634087123846212,12.5120848258854,-28.2270057484411
0.041100000000000005,11.024289806218288,-5.9178189935598535,-0.39005440580261463,12.551969943573095,-10.63423540041567,-6.6341509500132405,12.512215925727393,-28.226823632707063
0.04115,11.02443297071247,-5.917844934226392,-0.3905102102051503,12.552052532975361,-10.63392276050732,-6.634207598748968,12.512354334468037,-28.226618232354507
0.0412,11.02458493538894,-5.917869517708652,-0.39096925238411995,12.552126792701529,-10.633615683004816,-6.634257274992873,12.512499855194006,-28.226388302261235
0.04125,11.024745642906483,-5.917892412978738,-0.3914312161225176,12.55219260657717,-10.63331442678397,-6.6343001935984365,12.512652280886606,-28.226132632316464
0.0413,11.024915023487493,-5.917913291406884,-0.3918957810500606,12.552249870434693,-10.633019242437433,-6.634336579027803,12.512811394715836,-28.225850049143826
0.041350000000000005,11.025092995007922,-5.917931827227319,-0.3923626230904868,12.552298492260299,-10.63273037191743,-6.634366665032978,12.512976970340944,-28.225539417784628
0.0414,11.025279463106141,-5.917947698001447,-0.3928314149136794,12.552338392324696,-10.632448048192462,-6.634390694323245,12.513148772226383,-28.225199643328263
0.04145,11.025474321314334,-5.91796058507705,-0.3933018264001176,12.552369503297449,-10.632172494914215,-6.634408918220394,12.513326555975725,-28.224829672476663
0.0415,11.025677451210052,-5.917970174042951,-0.39377352511380614,12.552391770344165,-10.631903926096244,-6.634421596301214,12.51351006868112,-28.224428495045608
0.041550000000000004,11.02588872259364,-5.91797615517726,-0.39424617678515766,12.552405151205672,-10.631642545808484,-6.634428996028417,12.513699049292509,-28.223995145383128
0.041600000000000005,11.026107993684677,-5.917978223888617,-0.3947194457971223,12.55240961625842,-10.631388547887557,-6.634431392369803,12.5138932290002,-28.223528703717356
0.04165,11.026335111323679,-5.917976081149057,-0.3951929956638777,12.552405148555955,-10.6311421156598,-6.634429067406893,12.514092331618052,-28.223028297458164
0.0417,11.026569911189096,-5.917969433918826,-0.395666489508591,12.55239174385235,-10.630903421680502,-6.634422309933524,12.514296073976285,-28.22249310243217
0.04175,11.026812218040858,-5.917957995562458,-0.39613959054844133,12.552369410607307,-10.630672627492418,-6.634411415044854,12.51450416633343,-28.22192234402411
0.041800000000000004,11.027061845971508,-5.917941486255224,-0.39661196257295994,12.552338169973082,-10.630449883398548,-6.634396683717858,12.514716312790366,-28.221315298261928
0.041850000000000005,11.027318598654094,-5.917919633381394,-0.39708327040564145,12.552298055764723,-10.63023532824845,-6.634378422383329,12.514932211697491,-28.22067129287504
0.0419,11.027582269611104,-5.917892171922964,-0.3975531803691066,12.552249114413433,-10.630029089242,-6.6343569424904745,12.51515155607587,-28.21998970826778
0.04195,11.027852642512324,-5.917858844836972,-0.39802136076400463,12.552191404901091,-10.629831281748313,-6.634332560064113,12.51537403405832,-28.219269978383352
0.042,11.028129491481662,-5.917819403421693,-0.39848748234333226,12.552124998676717,-10.62964200913833,-6.634305595255024,12.515599329333048,-28.218511591502928
0.042050000000000004,11.0284125814122,-5.917773607672016,-0.39895121877590567,12.552049979556315,-10.629461362636299,-6.6342763718842965,12.515827121589302,-28.217714090982625
0.042100000000000005,11.028701668304885,-5.917721226620996,-0.3994122471155317,12.55196644360365,-10.629289421189354,-6.634245216982649,12.516057086977177,-28.216877075883023
0.04215,11.02899649962509,-5.917662038667243,-0.39987024827373774,12.551874498991575,-10.629126251351355,-6.634212460324327,12.51628889857636,-28.216000201502435
0.0422,11.029296814667536,-5.917595831888929,-0.4003249074809124,12.551774265846088,-10.628971907186623,-6.634178433957158,12.516522226865762,-28.215083179837777
0.04225,11.029602344931872,-5.917522404343529,-0.40077591473444524,12.55166587607442,-10.628826430197426,-6.6341434717308925,12.516756740195692,-28.214125779964444
0.042300000000000004,11.02991281450536,-5.917441564354058,-0.40122296523705037,12.551549473176964,-10.62868984926831,-6.634107908822908,12.516992105259735,-28.21312782834631
0.04235,11.030227940448958,-5.917353130782549,-0.40166575982442865,12.551425212043963,-10.628562180624527,-6.634072081261411,12.517227987563496,-28.21208920908669
0.0424,11.03054743319602,-5.9172569332885665,-0.40210400538543883,12.551293258736358,-10.628443427810582,-6.634036325447789,12.51746405189721,-28.21100986409172
0.04245,11.030870996965032,-5.91715281257078,-0.40253741527637216,12.551153790250524,-10.628333581688661,-6.634000977679746,12.517699962812602,-28.209889793135087
0.0425,11.031198330172886,-5.917040620596242,-0.4029657097206774,12.5510069942694,-10.62823262045221,-6.633966373673159,12.517935385094264,-28.20872905387222
0.042550000000000004,11.031529125853789,-5.91692022081476,-0.40338861620050925,12.550853068898867,-10.628140509653278,-6.6339328480841075,12.518169984228805,-28.20752776178247
0.0426,11.031863072100293,-5.91679148835294,-0.4038058698521832,12.550692222384377,-10.628057202248106,-6.633900734031437,12.518403426883793,-28.206286089981756
0.04265,11.032199852517866,-5.91665431018824,-0.4042172138559976,12.550524672810322,-10.62798263866187,-6.633870362622082,12.518635381388991,-28.205004268925858
0.0427,11.032539146674898,-5.916508585309691,-0.4046223998025998,12.550350647789173,-10.627916746872295,-6.633842062479483,12.518865518207207,-28.203682586070325
0.04275,11.032880630557377,-5.916354224862293,-0.4050211880452001,12.550170384137813,-10.627859442512179,-6.633816159275517,12.519093510401383,-28.202321385455136
0.042800000000000005,11.033223977038642,-5.9161911522692465,-0.4054133480492156,12.549984127536256,-10.627810628989426,-6.633792975267009,12.519319034104422,-28.2009210671681
0.04285,11.033568856349193,-5.916019303337869,-0.4057986587242466,12.549792132175208,-10.627770197624946,-6.6337728288373405,12.519541768981208,-28.199482086743163
0.0429,11.033914936539544,-5.9158386263531835,-0.4061769087286053,12.549594660398018,-10.627738027810942,-6.633756034044839,12.519761398678602,-28.19800495452498
0.04295,11.03426188394798,-5.915649082153234,-0.40654789675994585,12.54939198233243,-10.627713987188036,-6.633742900179198,12.519977611271022,-28.196490234950144
0.043000000000000003,11.034609363673193,-5.915450644185649,-0.40691143183915357,12.549184375508137,-10.627697931834035,-6.6337337313224864,12.520190099701383,-28.19493854574332
0.043050000000000005,11.03495704004522,-5.915243298548842,-0.4072673335801075,12.548972124463578,-10.627689706465107,-6.633728825914735,12.52039856221321,-28.193350557056185
0.0431,11.035304577101313,-5.9150270440131365,-0.40761543244513315,12.548755520342977,-10.627689144656177,-6.633728476329842,12.520602702777529,-28.191726990515964
0.04315,11.035651639066328,-5.914801892021947,-0.4079555699873206,12.548534860482112,-10.627696069079008,-6.633732968460163,12.52080223151431,-28.190068618184966
0.0432,11.035997890830084,-5.914567866675931,-0.4082875990799426,12.548310447983935,-10.627710291750137,-6.633742581308005,12.520996865103095,-28.188376261459336
0.043250000000000004,11.036342998425372,-5.914325004698484,-0.4086113841320232,12.548082591283404,-10.627731614293348,-6.63375758658492,12.521186327185394,-28.18665078989242
0.043300000000000005,11.03668662951172,-5.91407335537781,-0.4089268012900946,12.547851603701888,-10.627759828221626,-6.633778248324079,12.521370348761055,-28.18489311991267
0.04335,11.037028453852026,-5.9138129804930495,-0.4092337386161456,12.547617802999342,-10.627794715235883,-6.633804822506296,12.521548668570805,-28.183104213494023
0.0434,11.037368143777128,-5.91354395422967,-0.4095320962392778,12.547381510926586,-10.627836047537846,-6.633837556696917,12.521721033463109,-28.181285076810497
0.04345,11.037705374651164,-5.913266363074153,-0.4098217864953145,12.547143052768982,-10.627883588155846,-6.633876689694832,12.521887198751926,-28.179436758806997
0.043500000000000004,11.03803982533626,-5.912980305688052,-0.4101027340531215,12.546902756882051,-10.627937091283137,-6.633922451194,12.522046928564198,-28.177560349689845
0.043550000000000005,11.038371178644272,-5.912685892771433,-0.4103748760147172,12.546660954229957,-10.62799630262956,-6.63397506145852,12.522199996170917,-28.17565697940388
0.0436,11.038699121780695,-5.9123832469119195,-0.41063816199518205,12.546417977923943,-10.628060959785511,-6.634034731012023,12.522346184304547,-28.173727816069867
0.04365,11.039023346790671,-5.9120725024101475,-0.41089255419607107,12.546174162748489,-10.628130792594602,-6.634101660338341,12.522485285467244,-28.17177406432366
0.0437,11.039343551000169,-5.911753805086612,-0.4111380274665077,12.54592984467902,-10.628205523533659,-6.634176039592404,12.522617102226079,-28.16979696359213
0.043750000000000004,11.039659437445549,-5.911427312075353,-0.4113745693418353,12.545685360402196,-10.628284868103712,-6.634258048326839,12.522741447491878,-28.167797786342483
0.0438,11.039970715297319,-5.911093191599823,-0.41160218006221205,12.54544104683575,-10.628368535235108,-6.6343478552359265,12.522858144784685,-28.165777836273573
0.04385,11.040277100278972,-5.910751622728208,-0.41182087257725675,12.545197240643931,-10.628456227701717,-6.634445617915725,12.522967028485239,-28.163738446436305
0.0439,11.040578315072564,-5.910402795116838,-0.4120306725309943,12.544954277754067,-10.628547642541568,-6.634551482637225,12.523067944069275,-28.161680977335834
0.04395,11.040874089712336,-5.910046908740905,-0.41223161822458215,12.54471249287786,-10.628642471487751,-6.634665584136952,12.523160748325445,-28.159606815009592
0.044000000000000004,11.041164161969832,-5.909684173607863,-0.41242376055892643,12.544472219037797,-10.628740401410907,-6.634788045429931,12.523245309557673,-28.157517369054926
0.04405,11.041448277724388,-5.90931480946128,-0.41260716295581856,12.5442337871004,-10.62884111476857,-6.634918977639118,12.523321507770264,-28.15541407065091
0.0441,11.04172619132021,-5.908939045473614,-0.4127819012632875,12.543997525311802,-10.62894429005692,-6.635058479838186,12.523389234836126,-28.153298370565356
0.04415,11.041997665916295,-5.908557119920017,-0.412948063648673,12.543763758830762,-10.629049602267619,-6.635206638910743,12.523448394649872,-28.151171737101667
0.0442,11.042262473824104,-5.90816927983867,-0.4131057504738675,12.543532809265805,-10.629156723350233,-6.635363529427135,12.523498903263953,-28.149035654018622
0.044250000000000005,11.042520396828296,-5.907775780684431,-0.41325507415034124,12.54330499422234,-10.629265322677957,-6.635529213537908,12.523540689006863,-28.146891618460483
0.0443,11.04277122649769,-5.907376885965645,-0.413396158981513,12.543080626849113,-10.629375067516179,-6.635703740883469,12.523573692584975,-28.14474113884084
0.04435,11.0430147644873,-5.9069728668612225,-0.4135291409937692,12.542860015380752,-10.629485623493531,-6.635887148519527,12.523597867167373,-28.142585732666763
0.0444,11.043250822821772,-5.906564001832364,-0.41365416774650254,12.54264346269266,-10.629596655075272,-6.636079460860294,12.523613178451964,-28.14042692438185
0.04445,11.04347922416027,-5.906150576230172,-0.41377139811927954,12.542431265873791,-10.629707826040994,-6.636280689643621,12.523619604713469,-28.138266243233087
0.044500000000000005,11.043699802049971,-5.905732881887316,-0.41388100208456036,12.542223715804626,-10.629818799965415,-6.63649083391731,12.523617136834055,-28.136105221098195
0.04455,11.043912401164908,-5.905311216698328,-0.41398316046713557,12.542021096740642,-10.62992924069777,-6.636709880042312,12.523605778315888,-28.133945390298827
0.0446,11.044116877523933,-5.904885884200524,-0.4140780646834783,12.541823685912355,-10.630038812840455,-6.636937801711829,12.523585545275747,-28.131788281461375
0.04465,11.044313098693033,-5.904457193147309,-0.4141659164654897,12.541631753140056,-10.630147182227546,-6.637174559992749,12.523556466422448,-28.129635421380748
0.044700000000000004,11.04450094397378,-5.904025457069286,-0.41424692757161935,12.541445560454827,-10.630254016402162,-6.637420103385534,12.523518583016513,-28.127488330864633
0.044750000000000005,11.044680304575062,-5.903590993828838,-0.4143213194861815,12.541265361726525,-10.63035898508888,-6.637674367897687,12.523471948812169,-28.12534852258722
0.0448,11.044851083767579,-5.903154125169352,-0.4143893231062019,12.541091402300475,-10.630461760661378,-6.637937277131121,12.523416629981842,-28.123217498958088
0.04485,11.045013197022753,-5.902715176255093,-0.41445117841556484,12.540923918643022,-10.630562018607193,-6.638208742387929,12.523352705022685,-28.121096749986524
0.0449,11.04516657213398,-5.902274475206397,-0.41450713414524415,12.540763138001711,-10.630659437988736,-6.638488662795313,12.523280264645475,-28.118987751164383
0.044950000000000004,11.045311149318934,-5.901832352633878,-0.41455744741966133,12.540609278080327,-10.630753701899273,-6.638776925446448,12.523199411646573,-28.116891961385218
0.045000000000000005,11.045446881306058,-5.901389141163784,-0.4146023833929747,12.540462546722257,-10.630844497913081,-6.639073405558474,12.523110260761882,-28.114810820860978
0.04505,11.045573733402918,-5.90094517495999,-0.4146422148726551,12.540323141609871,-10.630931518530263,-6.639377966649883,12.52301293850342,-28.112745749063397
0.0451,11.045691683543298,-5.900500789254371,-0.4146772219279455,12.540191249991008,-10.631014461615356,-6.639690460736637,12.522907582981238,-28.110698142744116
0.04515,11.04580072231695,-5.900056319875913,-0.4147076914886963,12.54006704842227,-10.631093030828254,-6.640010728546358,12.522794343709606,-28.108669373986036
0.045200000000000004,11.045900852984229,-5.899612102768819,-0.4147339169375988,12.539950702517922,-10.631166936046629,-6.640338599749103,12.522673381394807,-28.106660788241822
0.045250000000000005,11.045992091471508,-5.899168473513751,-0.4147561976927096,12.539842366714696,-10.631235893778795,-6.640673893200943,12.52254486770759,-28.104673702425305
0.0453,11.046074466347033,-5.898725766858214,-0.4147748387808015,12.539742184059419,-10.63129962756623,-6.641016417201203,12.522408985042812,-28.102709403080723
0.04535,11.04614801878042,-5.898284316242073,-0.41479015040364636,12.539650286007626,-10.63135786837677,-6.641365969765552,12.52226592626246,-28.100769144566332
0.0454,11.046212802485849,-5.897844453315372,-0.4148024474991332,12.539566792228033,-10.631410354986718,-6.641722338912661,12.522115894420764,-28.09885414724076
0.045450000000000004,11.04626888364603,-5.897406507464172,-0.4148120492946545,12.539491810424993,-10.631456834351374,-6.6420853029608224,12.521959102476227,-28.09696559572182
0.0455,11.046316340817524,-5.896970805343966,-0.4148192788527832,12.539425436182723,-10.631497061964742,-6.642454630838755,12.521795772990844,-28.095104637214682
0.04555,11.046355264819232,-5.8965376704127115,-0.4148244626116298,12.539367752826822,-10.631530802207605,-6.64283008241411,12.521626137814359,-28.09327237987335
0.0456,11.0463857586031,-5.8961074224695365,-0.4148279299200468,12.539318831305138,-10.631557828683048,-6.6432114088356045,12.521450437755593,-28.091469891221976
0.04565,11.046407937107158,-5.895680377201857,-0.4148300125680935,12.539278730088938,-10.631577924539062,-6.643598352887078,12.521268922242148,-28.0896981966467
0.045700000000000005,11.046421927091941,-5.895256845736047,-0.4148310443146209,12.539247495092068,-10.63159088277732,-6.643990649356019,12.52108184896718,-28.08795827793622
0.04575,11.046427866960025,-5.8948371341971875,-0.4148313604122243,12.539225159611982,-10.631596506547798,-6.64438802541479,12.520889483525567,-28.0862510718939
0.0458,11.046425906559024,-5.894421543280098,-0.4148312971302339,12.539211744291105,-10.63159460942879,-6.644790201011007,12.520692099040806,-28.084577469029725
0.04585,11.046416206969102,-5.894010367820644,-0.4148311912775566,12.539207257088043,-10.631585015691543,-6.645196889267396,12.52048997577838,-28.08293831228521
0.0459,11.0463989402738,-5.893603896369871,-0.41483137972381806,12.539211693259391,-10.63156756054998,-6.645607796889515,12.520283400745697,-28.081334395804348
0.045950000000000005,11.046374289315297,-5.893202410784178,-0.41483219892056467,12.539225035365241,-10.631542090394733,-6.646022624581064,12.520072667285861,-28.079766463801437
0.046,11.04634244743476,-5.892806185828748,-0.4148339844231761,12.539247253295093,-10.631508463011583,-6.6464410674663466,12.519858074664445,-28.078235209513306
0.04605,11.04630361819683,-5.892415488781597,-0.41483707041256074,12.539278304302435,-10.631466547784267,-6.646862815520838,12.519639927642553,-28.07674127418686
0.0461,11.046258015099383,-5.892030579045578,-0.4148417892190263,12.539318133056723,-10.631416225880358,-6.647287554011144,12.519418536040543,-28.07528524612927
0.046150000000000004,11.04620586126963,-5.891651707784009,-0.41484847084868415,12.539366671725181,-10.631357390420947,-6.647714963941175,12.519194214300764,-28.073867659881863
0.046200000000000005,11.046147389147292,-5.891279117569346,-0.4148574425142128,12.539423840075594,-10.63128994663308,-6.648144722506246,12.518967281044958,-28.072488995473357
0.04625,11.04608284015387,-5.89091304203642,-0.41486902816954985,12.539489545591984,-10.631213811984322,-6.6485765035555655,12.518738058621429,-28.071149677720467
0.0463,11.046012464349126,-5.8905537055498876,-0.414883548049327,12.539563683608808,-10.6311289162998,-6.6490099780589205,12.518506872647542,-28.069850075612575
0.04635,11.045936520076262,-5.890201322888837,-0.41490131821471304,12.539646137465326,-10.631035201861547,-6.649444814576491,12.518274051550234,-28.06859050178901
0.046400000000000004,11.045855273594793,-5.889856098941777,-0.4149226501049508,12.539736778674499,-10.630932623489839,-6.649880679732722,12.518039926100395,-28.067371212084122
0.046450000000000005,11.045768998701702,-5.889518228414341,-0.41494785009463453,12.539835467105316,-10.630821148607067,-6.6503172386909775,12.517804828942829,-28.066192405148087
0.0465,11.045677976342386,-5.889187895551429,-0.41497721905829654,12.539942051178876,-10.630700757284089,-6.650754155627447,12.517569094123854,-28.065054222147523
0.04655,11.04558249420964,-5.888865273870992,-0.4150110519403327,12.540056368077085,-10.630571442269307,-6.651191094206095,12.517333056613703,-28.063956746538278
0.0466,11.045482846333028,-5.888550525912845,-0.41504963733387745,12.54017824396905,-10.63043320899915,-6.651627718056205,12.517097051827378,-28.0629000039192
0.046650000000000004,11.045379332661565,-5.888243803011403,-0.415093257070368,12.540307494259773,-10.630286075591194,-6.6520636912483715,12.516861415150741,-28.061883961996603
0.046700000000000005,11.045272258637562,-5.887945245083044,-0.4151421858178745,12.540443923852667,-10.630130072819686,-6.652498678769624,12.516626481465545,-28.06090853062662
0.04675,11.045161934760579,-5.887654980422171,-0.41519669068891885,12.540587327423463,-10.629965244071657,-6.65293234700129,12.516392584669674,-28.05997356191383
0.0468,11.045048676145669,-5.8873731255201,-0.41525703086097415,12.540737489716134,-10.629791645284694,-6.653364364196035,12.516160057202988,-28.05907885041432
0.04685,11.044932802078458,-5.887099784907628,-0.4153234572118648,12.540894185859509,-10.629609344866594,-6.653794400951882,12.515929229581324,-28.058224133441296
0.046900000000000004,11.044814635562071,-5.88683505100756,-0.41539621196476684,12.541057181690029,-10.629418423597306,-6.65422213068247,12.515700429927897,-28.057409091428607
0.046950000000000006,11.044694502855618,-5.886579003998143,-0.41547552834237733,12.541226234081151,-10.629218974513241,-6.6546472300830075,12.515473983502218,-28.056633348356723
0.047,11.04457273301005,-5.886331711698456,-0.4155616302358607,12.541401091289519,-10.629011102774188,-6.655069379591067,12.515250212236909,-28.05589647227341
0.04705,11.044449657401266,-5.886093229473778,-0.41565473188777624,12.541581493314602,-10.628794925513493,-6.6554882638408275,12.515029434281328,-28.055197975901454
0.0471,11.044325609257093,-5.885863600153808,-0.415755037584926,12.54176717226348,-10.628570571672165,-6.655903572109671,12.514811963545743,-28.05453731731195
0.047150000000000004,11.0442009231813,-5.885642853968034,-0.41586274136453133,12.5419578527256,-10.628338181816767,-6.656314998757566,12.514598109250798,-28.053913900673894
0.0472,11.044075934677526,-5.885431008503063,-0.41597802673664963,12.542153252162493,-10.628097907940873,-6.656722243659431,12.51438817548715,-28.053327077093265
0.04725,11.043950979671688,-5.885228068678099,-0.4161010664222158,12.542353081309765,-10.627849913249475,-6.657125012631663,12.514182460782157,-28.052776145529464
0.0473,11.04382639403468,-5.885034026738789,-0.41623202210850946,12.54255704459091,-10.62759437192617,-6.657523017852118,12.513981257675367,-28.05226035378615
0.04735,11.04370251310697,-5.884848862272997,-0.41637104422086907,12.542764840541873,-10.627331468886098,-6.657915978268875,12.513784852305916,-28.05177889958736
0.047400000000000005,11.04357967122288,-5.884672542240554,-0.4165182717101887,12.542976162241288,-10.62706139951269,-6.658303620000731,12.513593524006088,-28.05133093171177
0.04745,11.043458201233634,-5.884505021018358,-0.41667383185600376,12.543190697748432,-10.626784369377635,-6.658685676730076,12.513407544900975,-28.050915551192517
0.0475,11.043338434035462,-5.884346240467297,-0.4168378400892268,12.543408130551745,-10.626500593946238,-6.659061890084447,12.513227179522733,-28.050531812595345
0.04755,11.043220698101338,-5.884196130017406,-0.4170103998300672,12.543628140020541,-10.626210298271275,-6.659432010003139,12.513052684436586,-28.050178725363626
0.0476,11.043105319010255,-5.884054606763243,-0.417191602336609,12.543850401854636,-10.625913716673642,-6.65979579509139,12.512884307869403,-28.04985525521103
0.047650000000000005,11.042992618980028,-5.88392157557666,-0.417381526571218,12.544074588540598,-10.62561109240881,-6.660153012963934,12.512722289349504,-28.049560325577964
0.0477,11.042882916410278,-5.883796929244623,-0.41758023908882325,12.544300369819009,-10.625302677321452,-6.660503440574386,12.512566859367203,-28.049292819168432
0.04775,11.042776525430371,-5.883680548622778,-0.41778779394164883,12.544527413153624,-10.62498873148872,-6.660846864530847,12.512418239047083,-28.04905157954095
0.0478,11.042673755449623,-5.883572302801852,-0.41800423259785296,12.544755384199854,-10.624669522851772,-6.661183081398001,12.5122766398283,-28.04883541274753
0.047850000000000004,11.042574910717692,-5.883472049295061,-0.4182295838821269,12.544983947280992,-10.624345326835563,-6.66151189798593,12.512142263163733,-28.04864308903677
0.047900000000000005,11.042480289895682,-5.883379634245462,-0.4184638639390487,12.54521276587115,-10.624016425956635,-6.661833131625688,12.512015300237962,-28.048473344615537
0.04795,11.042390185632913,-5.883294892645417,-0.4187070762139626,12.545441503077218,-10.62368310941895,-6.6621466104318,12.511895931695951,-28.04832488344847
0.048,11.042304884150642,-5.883217648571662,-0.4189592114487701,12.545669822118896,-10.62334567270187,-6.6624521735472335,12.511784327385213,-28.048196379106624
0.04805,11.04222466483666,-5.883147715436223,-0.4192202476968282,12.54589738680846,-10.62300441713983,-6.662749671372236,12.511680646115035,-28.048086476657787
0.048100000000000004,11.042149799846863,-5.883084896250876,-0.41949015035403636,12.546123862028566,-10.622659649492824,-6.663038965777687,12.511585035428297,-28.047993794597406
0.048150000000000005,11.042080553715435,-5.883028983904653,-0.4197688722075024,12.546348914207819,-10.622311681507933,-6.663319930303164,12.51149763138701,-28.047916926814697
0.0482,11.042017182978125,-5.882979761457952,-0.4200563535018662,12.546572211794121,-10.621960829476256,-6.663592450336168,12.511418558377304,-28.04785444459854
0.04825,11.041959935806162,-5.882937002450646,-0.4203525220199557,12.546793425722923,-10.621607413786206,-6.663856423272276,12.511347928930416,-28.04780489867777
0.0483,11.041909051649403,-5.882900471221471,-0.4206572931801028,12.547012229881581,-10.621251758469299,-6.664111758660111,12.511285843557202,-28.047766821288075
0.048350000000000004,11.041864760895784,-5.88286992324374,-0.42097057015758915,12.54722830157474,-10.620894190738193,-6.664358378331002,12.511232390604768,-28.047738728270343
0.048400000000000006,11.04182728454827,-5.88284510547714,-0.4212922440265613,12.547441321986957,-10.620535040521709,-6.66459621650982,12.511187646136197,-28.047719121196998
0.04845,11.04179683391149,-5.882825756728169,-0.42162219391435596,12.547650976635873,-10.620174639997137,-6.664825219907706,12.511151673822924,-28.047706489512972
0.0485,11.041773610289923,-5.882811608020694,-0.4219602871727477,12.547856955819263,-10.619813323117178,-6.665045347798569,12.511124524852193,-28.047699312693123
0.04855,11.041757804705398,-5.882802382981159,-0.4223063795725159,12.548058955059448,-10.619451425132885,-6.66525657207829,12.511106237858481,-28.047696062417728
0.048600000000000004,11.041749597628977,-5.882797798233232,-0.42266031551380767,12.548256675538894,-10.619089282115167,-6.6654588773056656,12.511096838872179,-28.047695204755406
0.048650000000000006,11.04174915872065,-5.882797563798167,-0.4230219282449368,12.548449824523011,-10.618727230475715,-6.665652260724844,12.511096341277923,-28.04769520235258
0.0487,11.041756646584307,-5.882801383505463,-0.42339104009529566,12.54863811577402,-10.618365606489009,-6.665836732268553,12.511104745791338,-28.047694516631744
0.04875,11.041772208542982,-5.882808955414179,-0.42376746272795984,12.548821269957715,-10.618004745815025,-6.666012314543534,12.511122040458778,-28.047691609989286
0.0488,11.041795980427008,-5.882819972241974,-0.42415099740538553,12.548999015040005,-10.617644983021622,-6.666179042798028,12.511148200672192,-28.04768494799658
0.048850000000000005,11.041828086377347,-5.882834121800218,-0.4245414352693735,12.549171086672441,-10.617286651107973,-6.6663369648722215,12.511183189200317,-28.047673001592884
0.0489,11.041868638669921,-5.88285108743931,-0.4249385576361772,12.549337228567973,-10.616930081033743,-6.6664861411286624,12.511226956243268,-28.047654249274064
0.04895,11.041917737557977,-5.882870548500341,-0.4253421363073551,12.549497192865905,-10.61657560125062,-6.666626644365563,12.511279439506184,-28.047627179267785
0.049,11.041975471130117,-5.882892180771531,-0.42575193389668303,12.549650740485822,-10.616223537233434,-6.666758559714289,12.511340564288941,-28.047590291693908
0.04905,11.042041915188683,-5.882915656950931,-0.42616770417359756,12.549797641470027,-10.615874211015088,-6.666881984519093,12.511410243596929,-28.04754210070593
0.049100000000000005,11.042117133145474,-5.882940647112815,-0.42658919241649873,12.549937675311389,-10.615527940728976,-6.666997028198573,12.511488378268869,-28.04748113660947
0.04915,11.042201175929577,-5.882966819176192,-0.42701613577253156,12.550070631265884,-10.615185040157046,-6.667103812089692,12.511574857116452,-28.0474059479626
0.0492,11.042294081913676,-5.882993839376381,-0.4274482636321401,12.550196308652279,-10.614845818281529,-6.667202469275898,12.51166955708175,-28.047315103648106
0.04925,11.042395876861372,-5.883021372739981,-0.4278852980176556,12.550314517138265,-10.614510578843714,-6.667293144398287,12.511772343414838,-28.047207194913515
0.049300000000000004,11.042506573887527,-5.8830490835605485,-0.4283269539748143,12.550425077009775,-10.614179619912711,-6.667375993449226,12.5118830698633,-28.047080837385014
0.049350000000000005,11.042626173432948,-5.883076635874382,-0.42877293997008187,12.55052781942448,-10.613853233462864,-6.667451183550098,12.512001578874477,-28.0469346730502
0.0494,11.042754663263413,-5.883103693938647,-0.42922295830431184,12.550622586652134,-10.613531704959096,-6.667518892713486,12.512127701820358,-28.046767372196822
0.04945,11.042892018490827,-5.883129922710464,-0.4296767055393344,12.550709232300077,-10.61321531295149,-6.667579309589613,12.51226125924246,-28.04657763530688
0.0495,11.043038201607976,-5.883154988323185,-0.4301338729290499,12.550787621521552,-10.61290432867893,-6.667632633198365,12.512402061107416,-28.04636419490906
0.049550000000000004,11.043193162540843,-5.883178558561669,-0.43059414685754505,12.550857631207657,-10.612599015683298,-6.6676790726459885,12.512549907077636,-28.046125817388248
0.049600000000000005,11.043356838725026,-5.88320030333569,-0.4310572092894144,12.550919150163374,-10.61229962943561,-6.667718846827688,12.512704586802325,-28.04586130473457
0.04965,11.043529155198907,-5.8832198951497165,-0.43152273822645437,12.5509720792662,-10.612006416972449,-6.667752184116484,12.512865880221595,-28.04556949624058
0.0497,11.043710024709142,-5.883237009568472,-0.43199040816714784,12.551016331607016,-10.611719616541992,-6.667779322038543,12.513033557879455,-28.045249270153825
0.04975,11.043899347834138,-5.883251325677919,-0.43245989057009926,12.551051832613316,-10.611439457264042,-6.667800506935394,12.513207381250512,-28.04489954527101
0.049800000000000004,11.044097013124713,-5.883262526541313,-0.43293085431864364,12.551078520154675,-10.61116615880607,-6.667815993613359,12.513387103079465,-28.044519282474223
0.049850000000000005,11.044302897258728,-5.883270299649879,-0.43340296618788515,12.551096344630746,-10.610899931070843,-6.667826044980868,12.513572467730384,-28.04410748621417
0.0499,11.0445168652146,-5.883274337367271,-0.43387589131851917,12.551105269041908,-10.610640973896079,-6.667830931674636,12.513763211549676,-28.043663205926645
0.04995,11.044738770463715,-5.883274337367256,-0.4343492936927386,12.551105269041901,-10.610389476770974,-6.667830931674647,12.513959063242474,-28.04318553737978
0.05,11.044968455175772,-5.883270003064295,-0.43482283660702686,12.551096332972763,-10.610145618568746,-6.667826329908468,12.514159744257064,-28.042673623963793
0.050050000000000004,11.045205750442351,-5.883261044035547,-0.4352961831504359,12.551078461881842,-10.609909567291915,-6.667817417846295,12.514364969181257,-28.042126657905794
0.050100000000000006,11.045450476523309,-5.883247176434414,-0.4357689966902935,12.551051669520572,-10.609681479833014,-6.667804493086152,12.514574446154871,-28.04154388140039
0.05015,11.04570244310677,-5.883228123393876,-0.43624094135527614,12.551015982324586,-10.609461501751493,-6.667787858930708,12.514787877289312,-28.04092458766876
0.0502,11.045961449577478,-5.883203615420108,-0.4367116825112312,12.550971439376118,-10.609249767066245,-6.667767823956008,12.515004959089868,-28.040268121959702
0.05025,11.046227285302503,-5.883173390776067,-0.43718088723776694,12.550918092348162,-10.60904639806473,-6.667744701572095,12.515225382888518,-28.039573882471988
0.050300000000000004,11.046499729935348,-5.883137195852581,-0.43764822480640014,12.550856005430264,-10.608851505128944,-6.667718809577685,12.515448835286968,-28.038841321185835
0.050350000000000006,11.046778553727645,-5.883094785529125,-0.4381133671494235,12.550785255236923,-10.608665186578223,-6.667690469707795,12.515674998601435,-28.038069944635783
0.0504,11.04706351784999,-5.883045923523201,-0.438575989321373,12.550705930699102,-10.608487528528615,-6.667660007175902,12.515903551310034,-28.037259314617227
0.05045,11.047354374729649,-5.882990382726791,-0.4390357699588348,12.55061813293822,-10.608318604770815,-6.667627750211428,12.516134168508831,-28.03640904880394
0.0505,11.047650868402936,-5.88292794552971,-0.43949239173641014,12.550521975122729,-10.608158476666524,-6.667594029593016,12.516366522374556,-28.03551882128064
0.050550000000000005,11.047952734878217,-5.88285840412952,-0.4399455418175118,12.550417582307597,-10.608007193060704,-6.6675591781780765,12.516600282630279,-28.03458836299808
0.0506,11.04825970251179,-5.8827815608274046,-0.4403949123006524,12.550305091256439,-10.607864790211142,-6.667523530429031,12.516835117015678,-28.033617462143454
0.05065,11.048571492396427,-5.882697228309362,-0.4408402006583811,12.550184650246885,-10.607731291738046,-6.667487421937521,12.51707069176146,-28.032605964424096
0.0507,11.048887818759482,-5.88260522991196,-0.44128111016855825,12.550056418859723,-10.60760670859092,-6.667451188947761,12.51730667206485,-28.03155377326815
0.05075,11.04920838937182,-5.8825053998732635,-0.4417173503401075,12.54992056775072,-10.607491039031714,-6.667415167877455,12.517542722567505,-28.030460849942106
0.050800000000000005,11.049532905967563,-5.882397583567006,-0.44214863733064236,12.549777278406264,-10.607384268636919,-6.667379694839258,12.517778507834963,-28.029327213577517
0.05085,11.049861064667065,-5.882281637722369,-0.4425746943476913,12.549626742885572,-10.60728637031937,-6.667345105163202,12.518013692832058,-28.028152941132788
0.0509,11.050192556404303,-5.882157430629414,-0.44299525203789697,12.549469163548707,-10.607197304366409,-6.667311732919289,12.51824794339535,-28.02693816728792
0.05095,11.050527067366879,-5.882024842326048,-0.44341004887157665,12.549304752768295,-10.607117018495302,-6.667279910442244,12.518480926707873,-28.025683084237848
0.051000000000000004,11.050864279443422,-5.8818837647683955,-0.4438188315145449,12.549133732627299,-10.607045447928877,-6.667249967858904,12.51871231177251,-28.024387941403397
0.051050000000000005,11.051203870671465,-5.881734101986303,-0.44422135518355343,12.548956334605212,-10.606982515487909,-6.667222232618906,12.518941769878657,-28.02305304508174
0.0511,11.05154551569193,-5.8815757702216676,-0.4446173839920239,12.548772799250301,-10.606928131699908,-6.667197029028631,12.519168975066558,-28.021678758013902
0.05115,11.051888886215469,-5.881408698046669,-0.44500669128889114,12.548583375836332,-10.606882194926579,-6.667174677789662,12.519393604592517,-28.02026549884644
0.0512,11.052233651492694,-5.8812328264639016,-0.4453890599838564,12.548388322006849,-10.606844591508837,-6.667155495542945,12.51961533938899,-28.01881374151243
0.051250000000000004,11.052579478784462,-5.88104810899037,-0.4457642828566989,12.54818790340853,-10.606815195927762,-6.667139794418158,12.519833864516999,-28.017324014548116
0.051300000000000005,11.052926033836576,-5.880854511723008,-0.44613216285342777,12.547982393312386,-10.606793870983148,-6.667127881589381,12.520048869613696,-28.015796900326443
0.05135,11.05327298135763,-5.880652013385336,-0.4464925133683886,12.547772072223912,-10.60678046798924,-6.667120058838579,12.520260049333784,-28.01423303420872
0.0514,11.05361998549589,-5.880440605357332,-0.4468451585098446,12.547557227483713,-10.606774826986047,-6.667116622126381,12.52046710378209,-28.01263310363167
0.05145,11.053966710316333,-5.8802202916879605,-0.44718993334968216,12.54733815285852,-10.606776776966655,-6.667117861170561,12.520669738938112,-28.010997847125328
0.051500000000000004,11.054312820277529,-5.879991089089515,-0.4475266841563515,12.547115148124345,-10.606786136121178,-6.667124059034827,12.520867667071808,-28.009328053259026
0.051550000000000006,11.054657980705178,-5.879753026916507,-0.4478552686088835,12.546888518642714,-10.606802712096293,-6.667135491726202,12.521060607149161,-28.00762455953347
0.0516,11.055001858266333,-5.879506147125121,-0.4481755559988878,12.546658574927353,-10.606826302267443,-6.66715242780223,12.521248285229161,-28.005888251194172
0.05165,11.0553441214452,-5.879250504212845,-0.44848742741861686,12.54642563220108,-10.606856694026586,-6.6671751279882345,12.521430434852878,-28.004120059962805
0.0517,11.055684441015346,-5.878986165140777,-0.44879077592963595,12.546190009947924,-10.60689366508571,-6.667203844807148,12.521606797421228,-28.002320962707667
0.051750000000000004,11.05602249050622,-5.878713209239881,-0.4490855067133284,12.545952031460306,-10.606936983792892,-6.667238822220424,12.521777122560152,-28.00049198006297
0.051800000000000006,11.05635794666929,-5.878431728097186,-0.44937153720903406,12.54571202337683,-10.60698640946026,-6.667280295279648,12.52194116847611,-27.998634174969382
0.05185,11.056690489942639,-5.878141825421469,-0.4496487972362357,12.545470315213738,-10.607041692706398,-6.6673284897922676,12.522098702300553,-27.99674865113641
0.0519,11.057019804905835,-5.8778436168951655,-0.4499172290932812,12.545227238896409,-10.607102575812553,-6.667383622001242,12.522249500419449,-27.994836551471522
0.05195,11.057345580726425,-5.877537230011383,-0.45017678763740127,12.544983128288818,-10.607168793089022,-6.667445898277429,12.522393348788405,-27.99289905646847
0.052000000000000005,11.057667511602379,-5.87722280389196,-0.45042744034957183,12.544738318717904,-10.607240071252809,-6.667515514825947,12.522530043235449,-27.9909373825292
0.05205,11.057985297197376,-5.87690048908915,-0.4506691673801777,12.544493146496684,-10.607316129817198,-6.6675926574075355,12.522659389749833,-27.988952780236303
0.0521,11.058298643065582,-5.87657044737364,-0.45090196157491125,12.544247948448142,-10.607396681490671,-6.667677501074503,12.52278120475525,-27.986946532594267
0.05215,11.058607261068767,-5.8762328515063205,-0.45112582848345256,12.544003061428052,-10.607481432585315,-6.667770209921729,12.522895315368764,-27.98491995322275
0.0522,11.058910869786084,-5.875887884993077,-0.45134078635093733,12.543758821846566,-10.607570083435146,-6.66787093685349,12.523001559645405,-27.9828743844984
0.052250000000000005,11.059209194914283,-5.875535741824122,-0.45154686609275707,12.54351556518973,-10.607662328821524,-6.667979823365608,12.523099786807151,-27.980811195655885
0.0523,11.05950196965852,-5.87517662619784,-0.4517441112522976,12.543273625540264,-10.60775785840622,-6.668096999342422,12.523189857456531,-27.978731780847735
0.05235,11.059788935114295,-5.874810752227561,-0.45193257794109365,12.543033335100008,-10.607856357173201,-6.668222582872448,12.523271643774448,-27.97663755715537
0.0524,11.060069840636219,-5.874438343636208,-0.45211233475862683,12.542795023717812,-10.607957505877595,-6.6683566800816,12.523345029700897,-27.97452996258041
0.052450000000000004,11.060344444194016,-5.874059633438731,-0.4522834626947509,12.542559018419853,-10.608060981499264,-6.668499384981125,12.523409911098804,-27.972410454014987
0.052500000000000005,11.060612512718416,-5.873674863608139,-0.4524460550167082,12.542325642941226,-10.608166457701707,-6.668650779333084,12.523466195901408,-27.970280505168375
0.05255,11.060873822433397,-5.873284284729795,-0.45260021713602644,12.54209521726553,-10.60827360529737,-6.6688109325357345,12.523513804242256,-27.968141604476248
0.0526,11.061128159171846,-5.872888155648411,-0.45274606645474075,12.541868057174586,-10.608382092717106,-6.6689799015261775,12.523552668567323,-27.965995253016718
0.05265,11.061375318678582,-5.872486743102267,-0.45288373219739697,12.541644473801174,-10.608491586481188,-6.669157730698905,12.523582733730134,-27.963842962402488
0.052700000000000004,11.061615106901721,-5.872080321342778,-0.45301335522867,12.541424773184744,-10.608601751673048,-6.669344451841966,12.523603957069925,-27.961686252639286
0.052750000000000005,11.061847340268326,-5.871669171745107,-0.4531350878522122,12.541209255837101,-10.60871225241611,-6.669540084091996,12.5236163084719,-27.959526649982262
0.0528,11.062071845944478,-5.8712535824101515,-0.453249093593161,12.540998216317446,-10.608822752351315,-6.669744633907293,12.523619770409892,-27.957365684791228
0.05285,11.062288462081645,-5.870833847754372,-0.4533555469664935,12.540791942811747,-10.608932915115155,-6.669958095057371,12.52361433797141,-27.955204889366374
0.0529,11.062497038048688,-5.870410268088006,-0.45345463323084756,12.540590716719375,-10.609042404817837,-6.670180448631372,12.523600018864746,-27.953045795767935
0.052950000000000004,11.062697434646584,-5.869983149186783,-0.4535465481257797,12.540394812251355,-10.609150886520803,-6.6704116630645665,12.523576833407974,-27.95088993364668
0.053000000000000005,11.062889524306422,-5.8695528018569085,-0.4536314975930471,12.540204496039356,-10.609258026713379,-6.670651694182444,12.523544814500207,-27.948738828082913
0.05305,11.063073191271657,-5.869119541490822,-0.4537096974840175,12.54002002675628,-10.609363493787638,-6.670900485265456,12.52350400757484,-27.946593997421793
0.0531,11.063248331762184,-5.868683687619212,-0.4537813732513312,12.53984165474999,-10.609466958510852,-6.6711579671307755,12.523454470535137,-27.94445695113211
0.05315,11.063414854121174,-5.868245563458108,-0.45384675962787147,12.53966962168766,-10.609568094493302,-6.671424058229549,12.523396273672523,-27.942329187681782
0.053200000000000004,11.063572678945356,-5.867805495449094,-0.45390610029282913,12.539504160212188,-10.609666578652526,-6.6716986647630945,12.523329499567147,-27.940212192420447
0.053250000000000006,11.063721739197472,-5.867363812796273,-0.45395964752368767,12.539345493614933,-10.60976209167378,-6.67198168081866,12.523254242971431,-27.938107435486582
0.0533,11.063861980300747,-5.866920847000953,-0.45400766183680225,12.539193835521049,-10.609854318463944,-6.672272988520096,12.523170610676784,-27.936016369743236
0.05335,11.06399336021688,-5.866476931389832,-0.4540504116181131,12.539049389582662,-10.609942948598768,-6.67257245819283,12.523078721362902,-27.933940428721996
0.0534,11.064115849506724,-5.866032400638368,-0.45408817274222324,12.53891234918582,-10.610027676764497,-6.672879948547452,12.52297870542967,-27.931881024583742
0.053450000000000004,11.064229431372329,-5.865587590294664,-0.45412122818016865,12.538782897176656,-10.610108203192159,-6.6731953068819925,12.52287070481303,-27.929839546120437
0.053500000000000006,11.064334101680549,-5.865142836303214,-0.4541498675964709,12.538661205601235,-10.610184234084077,-6.673518369298019,12.522754872784583,-27.927817356794826
0.05355,11.064429868969865,-5.864698474523335,-0.45417438693828266,12.538547435456346,-10.610255482031583,-6.673848960933007,12.522631373734072,-27.92581579279356
0.0536,11.064516754438502,-5.864254840249439,-0.45419508801448966,12.538441736459154,-10.610321666424012,-6.674186896209716,12.52250038293628,-27.923836161126577
0.05365,11.06459479191342,-5.863812267736645,-0.45421227806511777,12.53834424683739,-10.6103825138483,-6.67453197910075,12.5223620863037,-27.921879737787904
0.053700000000000005,11.064664027802058,-5.8633710897261055,-0.45422626932416527,12.538255093134785,-10.610437758477891,-6.674884003408676,12.522216680123883,-27.91994776595093
0.05375,11.064724521026237,-5.862931636971376,-0.45423737857506646,12.538174390031722,-10.610487142451172,-6.675242753060347,12.522064370781646,-27.91804145420481
0.0538,11.064776342938119,-5.862494237769347,-0.45424592670006636,12.538102240183713,-10.610530416238051,-6.675608002414363,12.521905374467652,-27.91616197484641
0.05385,11.064819577218616,-5.862059217495158,-0.45425223822401145,12.538038734076073,-10.610567338994606,-6.6759795165809175,12.521739916873388,-27.914310462224478
0.0539,11.064854319758451,-5.861626898139359,-0.4542566408526957,12.537983949895093,-10.610597678905757,-6.6763570517557325,12.521568232871955,-27.91248801112875
0.053950000000000005,11.064880678522007,-5.861197597849249,-0.454259465007042,12.53793795341693,-10.610621213514962,-6.67674035556768,12.521390566185667,-27.910695675231313
0.054,11.064898773393947,-5.860771630475941,-0.4542610433535336,12.537900797912034,-10.610637730040416,-6.67712916743609,12.52120716904111,-27.908934465586576
0.05405,11.06490873600874,-5.860349305126093,-0.45426171033091123,12.537872524064886,-10.610647025677828,-6.6775232189387905,12.521018301811333,-27.907205349185304
0.0541,11.064910709563406,-5.859930925720532,-0.4542618016743054,12.537853159915676,-10.610648907889097,-6.677922234195142,12.520824232646461,-27.905509247571025
0.054150000000000004,11.064904848613754,-5.859516790562923,-0.45426165393754075,12.53784272082335,-10.61064319467621,-6.678325930260427,12.520625237094391,-27.90384703553095
0.054200000000000005,11.064891318854293,-5.85910719191565,-0.4542616040139743,12.537841209442936,-10.610629714840323,-6.678734017527285,12.52042159771047,-27.902219539849654
0.05425,11.064870296882551,-5.858702415582087,-0.45426198865740275,12.537848615720154,-10.610608308225146,-6.679146200138066,12.520213603656334,-27.90062753812058
0.0543,11.064841969947597,-5.858302740502068,-0.45426314400273643,12.537864916909571,-10.610578825944858,-6.679562176407504,12.520001550290953,-27.899071757643434
0.05435,11.064806535684017,-5.857908438358546,-0.45426540508838625,12.537890077611122,-10.61054113059563,-6.679981639252572,12.519785738753999,-27.89755287439666
0.054400000000000004,11.064764201830997,-5.857519773190495,-0.45426910538008497,12.53792404981936,-10.61049509645091,-6.680404276628858,12.519566475538934,-27.8960715120658
0.054450000000000005,11.06471518593648,-5.857137001015831,-0.4542745762960552,12.537966772989794,-10.610440609640426,-6.680829771973962,12.51934407205753,-27.89462824114316
0.0545,11.064659715048231,-5.856760369468133,-0.45428214673632755,12.538018174125389,-10.6103775683119,-6.681257804657256,12.519118844199207,-27.893223578110167
0.05455,11.064598025390907,-5.856390117445355,-0.4542921426145667,12.538078167879478,-10.61030588277634,-6.681688050434119,12.518891111883512,-27.8918579846971
0.0546,11.064530362029728,-5.856026474767377,-0.4543048863940363,12.538146656674694,-10.610225475635694,-6.682120181907315,12.51866119860483,-27.8905318672063
0.054650000000000004,11.064456978521601,-5.855669661847534,-0.45432069662866725,12.538223530840567,-10.610136281892931,-6.6825538689930335,12.518429430972441,-27.889245575917816
0.054700000000000006,11.06437813655436,-5.855319889379706,-0.4543398875094901,12.538308668768899,-10.610038249044866,-6.682988779389192,12.518196138247225,-27.887999404582633
0.05475,11.064294105574426,-5.854977358038244,-0.454362768417559,12.53840193708676,-10.609931337156866,-6.683424579048513,12.517961651874058,-27.886793589991804
0.0548,11.064205162403532,-5.8546422581930955,-0.45438964348435507,12.538503190849212,-10.60981551891918,-6.683860932656114,12.51772630501152,-27.885628311629826
0.05485,11.064111590845114,-5.8543147696407205,-0.45442081115950256,12.538612273747898,-10.609690779685609,-6.684297504107179,12.517490432059722,-27.88450369141346
0.054900000000000004,11.064013681280867,-5.853995061347727,-0.454456563786678,12.538729018332415,-10.60955711749419,-6.684733956984687,12.517254368185293,-27.88341979350252
0.054950000000000006,11.063911730257502,-5.853683291210949,-0.4544971871874393,12.538853246248793,-10.609414543070063,-6.685169955037846,12.51701844884523,-27.882376624197786
0.055,11.063806040065652,-5.85337960583459,-0.4545429602559429,12.538984768496075,-10.609263079809711,-6.685605162661487,12.516783009311677,-27.881374131924474
0.05505,11.06369691831023,-5.853084140321815,-0.454594154562342,12.539123385694147,-10.609102763747885,-6.6860392453723305,12.516548384195781,-27.880412207292224
0.0551,11.063584677471805,-5.85279701807999,-0.45465103396466505,12.539268888362777,-10.60893364350714,-6.686471870282786,12.51631490696982,-27.879490683229438
0.055150000000000005,11.06346963446179,-5.852518350643708,-0.4547138542332253,12.539421057218387,-10.608755780228563,-6.6869027065746796,12.516082909492066,-27.878609335202817
0.055200000000000006,11.063352110172104,-5.852248237518142,-0.4547828626869715,12.539579663487574,-10.608569247485134,-6.68733142596943,12.515852721536147,-27.877767881531028
0.05525,11.063232429018646,-5.851986766037004,-0.4548582978411919,12.53974446923138,-10.608374131177456,-6.687757703194373,12.515624670321577,-27.87696598377092
0.0553,11.063110918478824,-5.851734011236089,-0.4549403890676153,12.539915227682586,-10.608170529411208,-6.688181216446496,12.515399080046251,-27.876203247179774
0.05535,11.062987908625784,-5.851490035747516,-0.45502935626860713,12.540091683598812,-10.607958552357175,-6.688601647851294,12.515176271425535,-27.875479221268726
0.055400000000000005,11.062863731660025,-5.851254889712847,-0.4551254095655226,12.540273573627774,-10.607738322094507,-6.689018683914924,12.514956561237728,-27.87479340043861
0.05545,11.062738721437116,-5.851028610711897,-0.4552287490005041,12.540460626682773,-10.607509972436613,-6.6894320159708744,12.51474026187333,-27.87414522468816
0.0555,11.06261321299254,-5.850811223709077,-0.45533956425242844,12.540652564329328,-10.607273648740112,-6.689841340620253,12.51452768088981,-27.873534080399942
0.05555,11.062487542065446,-5.850602741018204,-0.4554580343672396,12.540849101180829,-10.607029507698202,-6.690246360162626,12.514319120573957,-27.872959301203995
0.055600000000000004,11.062362044621093,-5.85040316228455,-0.4555843275025509,12.541049945302701,-10.606777717118543,-6.690646783018146,12.51411487751101,-27.8724201689148
0.055650000000000005,11.062237056372489,-5.850212474485076,-0.45571860068793724,12.541254798627296,-10.606518455684549,-6.691042324142213,12.513915242161483,-27.871915914544385
0.0557,11.06211291230322,-5.850030651946823,-0.4558609996020026,12.54146335737785,-10.606251912701216,-6.691432705431027,12.513720498447416,-27.871445719387204
0.05575,11.06198994619,-5.84985765638285,-0.45601165836280555,12.541675312498018,-10.605978287827194,-6.691817656115166,12.513530923346522,-27.871008716177585
0.0558,11.061868490126963,-5.849693436944698,-0.4561706993362433,12.54189035008989,-10.60569779079072,-6.692196913145197,12.513346786495514,-27.870603990311256
0.055850000000000004,11.061748874053874,-5.8495379302962585,-0.4563382329632124,12.542108151863117,-10.60541064109066,-6.692570221566857,12.513168349806806,-27.870230581146217
0.055900000000000005,11.061631425288088,-5.849391060705704,-0.4565143576038963,12.542328395589672,-10.605117067684189,-6.692937334883968,12.512995867096928,-27.869887483369578
0.05595,11.061516468058246,-5.84925274015207,-0.4566991593972214,12.542550755561237,-10.604817308661023,-6.693298015409168,12.512829583723269,-27.869573648421202
0.056,11.061404323042558,-5.849122868449989,-0.45689271213875693,12.54277490305316,-10.604511610903797,-6.693652034603173,12.512669736233319,-27.869287985982034
0.05605,11.061295306914186,-5.849001333393789,-0.4570950771781089,12.543000506794474,-10.604200229736074,-6.693999173400685,12.512516552029176,-27.86902936552669
0.056100000000000004,11.061189731891512,-5.848888010918112,-0.45730630333175354,12.543227233439152,-10.603883428559758,-6.69433922252104,12.512370249044096,-27.868796617933576
0.056150000000000005,11.061087905292837,-5.8487827652727225,-0.45752642681216305,12.543454748038231,-10.60356147848067,-6.69467198276551,12.512231035429561,-27.86858853714412
0.0562,11.060990129098473,-5.848685449214615,-0.45775547117570164,12.543682714515448,-10.603234657922771,-6.694997265300833,12.512099109256951,-27.868403881877235
0.05625,11.060896699521349,-5.84859590421807,-0.45799344728828706,12.543910796144718,-10.602903252233062,-6.69531489192665,12.511974658235152,-27.868241377399325
0.0563,11.060807906585532,-5.8485139606998695,-0.45824035330887836,12.544138656028146,-10.602567553276652,-6.695624695328276,12.51185785944223,-27.868099717339792
0.056350000000000004,11.060724033713205,-5.848439438259993,-0.4584961746920188,12.544365957575224,-10.602227859021186,-6.695926519315231,12.511748879071853,-27.867977565552103
0.056400000000000006,11.060645357321542,-5.848372145938775,-0.45876088420850203,12.544592364982178,-10.60188447311304,-6.696220219043404,12.511647872196177,-27.867873558021344
0.05645,11.060572146429687,-5.84831188248831,-0.4590344419840341,12.54481754370943,-10.60153770444565,-6.696505661221118,12.511554982544343,-27.867786304808757
0.0565,11.060504662276239,-5.848258436659322,-0.4593167955569948,12.545041160958766,-10.601187866719245,-6.696782724299445,12.511470342297557,-27.86771439203733
0.05655,11.06044315794905,-5.848211587502594,-0.45960787995598934,12.54526288614893,-10.600835277993061,-6.6970512986463335,12.511394071901883,-27.867656383910777
0.056600000000000004,11.060387878025725,-5.848171104683339,-0.4599076177923493,12.545482391385496,-10.600480260233377,-6.697311286702155,12.51132627989661,-27.867610824762888
0.056650000000000006,11.06033905822423,-5.848136748807963,-0.460215919368294,12.545699351925897,-10.600123138855935,-6.697562603117929,12.511267062757417,-27.867576241136046
0.0567,11.060296925067417,-5.848108271764314,-0.46053268280549875,12.545913446641853,-10.599764242261914,-6.697805174877538,12.511216504758199,-27.867551143885283
0.05675,11.060261695562085,-5.848085417075295,-0.4608577941908983,12.546124358476511,-10.599403901371183,-6.69803894140122,12.51117467785206,-27.867534030305933
0.0568,11.0602335768893,-5.848067920263294,-0.4611911277357482,12.546331774893545,-10.59904244915355,-6.698263854630251,12.511141641567413,-27.86752338628142
0.056850000000000005,11.060212766107671,-5.848055509225029,-0.46153254595228066,12.546535388320377,-10.598680220155389,-6.69847987909535,12.51111744292045,-27.86751768844599
0.056900000000000006,11.060199449873647,-5.8480479046189755,-0.4618818998504814,12.546734896586589,-10.598317550023163,-6.698686991967613,12.511102116348653,-27.867515406362333
0.05695,11.060193804177285,-5.848044820263932,-0.46223902915054416,12.54693000335443,-10.59795477502674,-6.698885183090497,12.511095683663257,-27.867515004711333
0.057,11.060195994091698,-5.848045963545571,-0.462603762510784,12.547120418540196,-10.597592231580913,-6.699074454994622,12.511098154017645,-27.86751494548519
0.057050000000000003,11.060206173538084,-5.84805103583296,-0.46297591777212166,12.54730585872755,-10.597230255765961,-6.699254822894586,12.511109523894229,-27.867513690187604
0.057100000000000005,11.060224485067865,-5.8480597329037565,-0.4633553022189662,12.54748604757146,-10.5968691828489,-6.699426314667702,12.51112977711066,-27.867509702032457
0.05715,11.060251059660287,-5.848071745376857,-0.46374171285400234,12.547660716191416,-10.596509346806286,-6.699588970814556,12.511158884843226,-27.867501448139524
0.0572,11.060286016535754,-5.84808675915277,-0.46413493668718975,12.547829603554039,-10.596151079848562,-6.699742844401268,12.511196805667884,-27.867487401727626
0.05725,11.060329462986454,-5.848104455859795,-0.46453475103929076,12.547992456844169,-10.59579471194716,-6.699888000984375,12.511243485619381,-27.867466044294012
0.057300000000000004,11.060381494222723,-5.848124513306765,-0.4649409238560184,12.548149031823412,-10.595440570366705,-6.7000245185166465,12.511298858267432,-27.867435867786327
0.057350000000000005,11.0604421932364,-5.848146605940977,-0.465353214036437,12.548299093176961,-10.595088979199966,-6.700152487235981,12.511362844810431,-27.867395376758775
0.0574,11.060511630683171,-5.848170405311372,-0.46577137177706207,12.548442414848793,-10.594740258906107,-6.70027200953742,12.511435354188484,-27.867343090508413
0.05745,11.060589864782635,-5.848195580536106,-0.4661951389266297,12.548578780363142,-10.594394725856006,-6.700383199827035,12.511516283214211,-27.867277545190746
0.0575,11.06067694123466,-5.848221798772852,-0.46662424935105856,12.548707983131795,-10.5940526918836,-6.700486184358944,12.511605516719351,-27.867197295910806
0.057550000000000004,11.060772893154276,-5.8482487256923745,-0.4670584293131534,12.548829826748564,-10.593714463841115,-6.700581101056191,12.511702927719268,-27.867100918787173
0.057600000000000005,11.060877741026465,-5.848276025954999,-0.4674973978653168,12.548944125269806,-10.593380343161147,-6.7006680993148064,12.51180837759653,-27.866987012984286
0.05765,11.060991492678143,-5.848303363687262,-0.4679408672500077,12.549050703478848,-10.593050625428132,-6.700747339791582,12.51192171629978,-27.86685420270789
0.0577,11.061114143265689,-5.848330402959719,-0.468388543307579,12.549149397134878,-10.592725599958111,-6.700818994175157,12.512042782556941,-27.86670113917102
0.05775,11.061245675281764,-5.848356808264574,-0.4688401258961355,12.54924005320678,-10.592405549385626,-6.7008832449422036,12.51217140410545,-27.866526502516976
0.057800000000000004,11.06138605858107,-5.848382244992929,-0.4692953093192766,12.549322530090782,-10.592090749261793,-6.70094028509785,12.512307397939047,-27.866329003699292
0.057850000000000006,11.061535250422121,-5.848406379910771,-0.46975378275882523,12.54939669781138,-10.591781467663294,-6.700990317900617,12.51245057056819,-27.86610738632129
0.0579,11.061693195526766,-5.848428881632457,-0.47021523071586835,12.549462438206007,-10.591477964810904,-6.701033556573554,12.512600718294971,-27.865860428426462
0.05795,11.061859826158782,-5.848449421092491,-0.4706793334585068,12.549519645093035,-10.591180492700277,-6.701070224000541,12.512757627504127,-27.86558694424004
0.058,11.06203506222039,-5.848467672013579,-0.4711457674757655,12.549568224422837,-10.59088929474463,-6.70110055240926,12.512921074968117,-27.86528578585604
0.058050000000000004,11.06221881136609,-5.8484833113707015,-0.4716142059383341,12.5496080944118,-10.590604605427753,-6.701124783041102,12.513090828165653,-27.86495584487005
0.058100000000000006,11.06241096913494,-5.848496019850994,-0.47208431916503457,12.549639185658952,-10.590326649969903,-6.70114316580796,12.513266645614564,-27.864596053954415
0.05815,11.062611419100001,-5.848505482307897,-0.47255577509178276,12.549661441244659,-10.59005564400822,-6.70115595893676,12.513448277217087,-27.864205388372433
0.0582,11.062820033033798,-5.848511388209262,-0.47302823974400887,12.54967481681162,-10.589791793289788,-6.7011634286023565,12.513635464616483,-27.8637828674327
0.05825,11.063036671091217,-5.848513432079283,-0.47350137771418055,12.54967928062805,-10.58953529337703,-6.701165848548763,12.513827941566115,-27.863327555880044
0.058300000000000005,11.06326118200929,-5.848511313932832,-0.4739748526403105,12.549674813632612,-10.58928632936898,-6.701163499699778,12.514025434309854,-27.86283856521856
0.058350000000000006,11.063493403321113,-5.848504739701937,-0.4744483276818512,12.549661409461326,-10.58904507563926,-6.701156669759388,12.514227661971224,-27.862315054971564
0.0584,11.063733161585379,-5.848493421654413,-0.4749214659970362,12.549639074456662,-10.58881169558834,-6.701145652802255,12.514434336952629,-27.86175623387537
0.05845,11.063980272633613,-5.848477078802814,-0.47539393122352097,12.549607827658466,-10.588586341410089,-6.701130748855651,12.514645165345586,-27.86116136099506
0.0585,11.06423454183199,-5.848455437304658,-0.4758653879555457,12.549567700776903,-10.588369153876446,-6.701112263472245,12.514859847349731,-27.860529746772897
0.058550000000000005,11.064495764357275,-5.848428230851602,-0.47633550221916415,12.549518738147656,-10.588160262138112,-6.701090507296055,12.515078077698998,-27.8598607540009
0.058600000000000006,11.064763725488088,-5.848395201048639,-0.47680394194738746,12.549460996668993,-10.587959783540699,-6.701065795620355,12.515299546096601,-27.859153798719483
0.05865,11.065038200911964,-5.848356097781603,-0.4772703774543077,12.549394545720789,-10.587767823457652,-6.701038447939186,12.515523937658397,-27.858408351034306
0.0587,11.065318957045228,-5.848310679572733,-0.4777344819046346,12.54931946706577,-10.587584475140591,-6.701008787493035,12.515750933361888,-27.857623935856697
0.058750000000000004,11.065605751365142,-5.848258713924031,-0.4781959317795886,12.549235854733086,-10.58740981958555,-6.700977140809053,12.51598021050024,-27.856800133567926
0.058800000000000005,11.06589833275521,-5.848199977648075,-0.47865440733803655,12.54914381488425,-10.587243925417175,-6.700943837236173,12.51621144314195,-27.855936580604
0.05885,11.066196441862777,-5.848134257185183,-0.4791095930708958,12.5490434656621,-10.587086848791875,-6.700909208476918,12.516444302594858,-27.855032969958614
0.0589,11.066499811467146,-5.84806134890737,-0.4795611781495753,12.548934937022748,-10.586938633317574,-6.700873588115375,12.516678457873185,-27.854089051609773
0.05895,11.066808166859122,-5.847981059407963,-0.48000885686878303,12.548818370550396,-10.586799309990333,-6.700837311142433,12.516913576167811,-27.85310463286377
0.059000000000000004,11.06712122623124,-5.847893205776941,-0.4804523290797959,12.54869391925636,-10.586668897151446,-6.70080071347942,12.517149323319195,-27.85207957861838
0.059050000000000005,11.067438701077519,-5.8477976158616904,-0.48089130061451335,12.548561747362099,-10.586547400463006,-6.700764131500408,12.517385364291782,-27.851013811546654
0.0591,11.067760296604048,-5.847694128511538,-0.4813254837051248,12.548422030065636,-10.586434812898926,-6.700727901554096,12.517621363650251,-27.849907312191956
0.05915,11.06808571214927,-5.847582593807187,-0.48175459739463394,12.548274953291926,-10.586331114754636,-6.700692359484742,12.51785698603717,-27.84876011898131
0.0592,11.068414641612058,-5.847462873273546,-0.48217836793601326,12.54812071342871,-10.586236273676045,-6.700657840155165,12.518091896649613,-27.84757232815517
0.059250000000000004,11.06874677388666,-5.847334840077164,-0.4825965291808647,12.547959517047422,-10.586150244705795,-6.700624676970257,12.518325761714568,-27.84634409362053
0.059300000000000005,11.069081793306715,-5.847198379205976,-0.4830088229606906,12.547791580608445,-10.586072970346025,-6.700593201402467,12.518558248963943,-27.845075626713534
0.05935,11.069419380095457,-5.847053387632234,-0.483414999455596,12.547617130152528,-10.58600438063986,-6.700563742520295,12.518789028107092,-27.84376719588132
0.0594,11.069759210819498,-5.846899774459567,-0.4838148175482243,12.547436400979601,-10.585944393271273,-6.70053662652003,12.519017771298932,-27.84241912629265
0.05945,11.07010095884794,-5.846737461052535,-0.48420804516641813,12.547249637314124,-10.585892913681521,-6.70051217626159,12.519244153604525,-27.841031799367013
0.059500000000000004,11.070444294817191,-5.846566381148302,-0.48459445961359715,12.547057091957592,-10.585849835203597,-6.700490710809287,12.519467853460228,-27.839605652219984
0.059550000000000006,11.070788887099008,-5.846386480951297,-0.48497384788412173,12.546859025929402,-10.585815039214886,-6.700472544978107,12.519688553129626,-27.838141177033737
0.0596,11.07113440227133,-5.846197719210133,-0.48534600696556623,12.54665570809609,-10.585788395305771,-6.700457988885956,12.519905939153599,-27.83663892035076
0.05965,11.071480505592337,-5.846000067276478,-0.48571074412767673,12.546447414788899,-10.585769761464661,-6.700447347512421,12.520119702794688,-27.835099482288687
0.0597,11.071826861476906,-5.845793509145915,-0.48606787719578154,12.546234429411117,-10.585758984281124,-6.700440920265201,12.520329540475126,-27.833523515678234
0.059750000000000004,11.072173133974719,-5.845578041480176,-0.4864172348102392,12.546017042035093,-10.585755899164479,-6.7004390005549155,12.520535154207538,-27.831911725123366
0.059800000000000006,11.072518987248811,-5.845353673611671,-0.48675865667186424,12.545795548988517,-10.585760330576944,-6.700441875376842,12.520736252017725,-27.830264865990177
0.05985,11.07286408605394,-5.845120427529674,-0.48709199377102946,12.545570252432219,-10.58577209228291,-6.700449824902546,12.520932548358681,-27.828583743323158
0.0599,11.073208096213369,-5.844878337848886,-0.48741710859874265,12.545341459930958,-10.585790987614626,-6.700463122082072,12.521123764514925,-27.826869210694845
0.05995,11.073550685093904,-5.844627451760632,-0.4877338753421295,12.54510948401561,-10.585816809751776,-6.700482032254982,12.521309628997185,-27.825122168990344
0.060000000000000005,11.073891522079728,-5.844367828964824,-0.4880421800653501,12.544874641737499,-10.58584934201438,-6.700506812772679,12.521489877927,-27.823343565117955
0.060050000000000006,11.074230279041922,-5.844099541585659,-0.48834192087011075,12.544637254218111,-10.585888358171813,-6.700537712632452,12.521664255409927,-27.821534390664592
0.0601,11.074566630803737,-5.843822674070218,-0.4886330080385954,12.544397646193845,-10.585933622765145,-6.700574972123623,12.52183251389703,-27.819695680492536
0.06015,11.074900255602879,-5.843537323068618,-0.4889153641614322,12.544156145554018,-10.585984891441448,-6.700618822485399,12.521994414535117,-27.817828511269376
0.060200000000000004,11.075230835549965,-5.843243597296032,-0.48918892424826305,12.543913082874099,-10.586041911301699,-6.700669485578068,12.522149727505171,-27.815933999934177
0.060250000000000005,11.075558057080721,-5.842941617378082,-0.48945363581955553,12.54366879094622,-10.586104421261162,-6.700727173568139,12.522298232347547,-27.81401330211117
0.0603,11.075881611401694,-5.8426315156796536,-0.4897094589813351,12.54342360430584,-10.586172152420358,-6.700792088626188,12.522439718273725,-27.81206761047167
0.06035,11.076201194930189,-5.842313436116186,-0.48995636648278224,12.543177858754873,-10.586244828447406,-6.700864422638689,12.522573984464882,-27.810098153038716
0.0604,11.076516509727316,-5.841987533947496,-0.4901943437560086,12.542931890883587,-10.58632216597131,-6.700944356936089,12.522700840356274,-27.80810619143727
0.060450000000000004,11.07682726392165,-5.841653975557161,-0.4904233889364531,12.542686037591528,-10.586403874985198,-6.701032062034368,12.522820105906687,-27.80609301910722
0.060500000000000005,11.077133172124375,-5.841312938215645,-0.49064351286638686,12.5424406356075,-10.58648965925799,-6.701127697391851,12.522931611852863,-27.804059959470177
0.06055,11.077433955834973,-5.8409646098282675,-0.49085473907903976,12.542196021010936,-10.586579216755933,-6.701231411182669,12.52303519994861,-27.802008364056306
0.0606,11.077729343836694,-5.840609188668736,-0.49105710376380196,12.541952528754988,-10.58667224007289,-6.701343340086254,12.523130723188281,-27.79993961059579
0.06065,11.078019072582306,-5.840246883097046,-0.4912506557152564,12.54171049218983,-10.586768416867049,-6.701463609092783,12.523218046014453,-27.79785510106888
0.060700000000000004,11.078302886568675,-5.839877911263613,-0.4914354562635201,12.541470242588403,-10.586867430305158,-6.701592331324788,12.523297044509505,-27.795756259725174
0.060750000000000005,11.078580538699732,-5.839502500799657,-0.4916115791859432,12.541232108676795,-10.586968959513785,-6.701729607877139,12.523367606570602,-27.79364453107299
0.0608,11.078851790637893,-5.839120888493594,-0.4917791106021013,12.540996416167152,-10.587072680035792,-6.7018755276735575,12.523429632068154,-27.791521377837714
0.06085,11.079116413143838,-5.838733319953512,-0.4919381488523836,12.540763487292669,-10.587178264291454,-6.702030167339155,12.523483032987611,-27.78938827888949
0.0609,11.079374186403282,-5.838340049256737,-0.4920888043587174,12.540533640348537,-10.587285382044561,-6.7021935910918,12.523527733553935,-27.78724672714713
0.060950000000000004,11.079624900339581,-5.837941338588418,-0.4922311994670607,12.540307189239977,-10.587393700872518,-6.702365850651562,12.523563670338584,-27.78509822746851
0.061000000000000006,11.079868354912502,-5.837537457868714,-0.49236546827364913,12.540084443034882,-10.587502886638855,-6.702546985166167,12.523590792349125,-27.78294429452489
0.06105,11.080104360403261,-5.837128684367855,-0.4924917564350897,12.539865705522825,-10.587612603968175,-6.702737021154969,12.52360906110125,-27.780786450655896
0.0611,11.080332737684401,-5.836715302311492,-0.49261022096072393,12.539651274783646,-10.587722516723678,-6.702935972472151,12.523618450673025,-27.778626223717932
0.06115,11.080553318473791,-5.836297602477689,-0.4927210299883723,12.539441442764392,-10.58783228848542,-6.703143840286705,12.523618947741399,-27.776465144932835
0.061200000000000004,11.080765945573722,-5.835875881783774,-0.49282436254549267,12.539236494864053,-10.587941583028226,-6.703360613080277,12.523610551600997,-27.774304746727502
0.061250000000000006,11.080970473094316,-5.835450442864483,-0.4929204082938133,12.539036709528357,-10.588050064800505,-6.703586266663875,12.523593274165183,-27.772146560571702
0.0613,11.081166766661088,-5.835021593641621,-0.49300936725941463,12.53884235785446,-10.588157399401673,-6.703820764212839,12.52356713994931,-27.769992114815338
0.06135,11.08135470360615,-5.834589646886004,-0.49309144954874584,12.538653703204714,-10.588263254057406,-6.704064056318705,12.523532186036153,-27.767842932529163
0.0614,11.08153417314277,-5.834154919772657,-0.49316687504947454,12.538471000831741,-10.588367298093297,-6.704316081059085,12.52348846202361,-27.765700529353456
0.061450000000000005,11.081705076523324,-5.83371773342889,-0.4932358731181132,12.53829449751584,-10.588469203405214,-6.704576764086947,12.523436029954619,-27.76356641135286
0.061500000000000006,11.08186732717996,-5.833278412477086,-0.49329868225400253,12.53812443121271,-10.58856864492596,-6.704846018735621,12.523374964229488,-27.76144207288624
0.06155,11.082020850848062,-5.832837284571844,-0.4933555497605696,12.537961030713273,-10.58866530108749,-6.705123746141428,12.523305351500564,-27.759328994489795
0.0616,11.082165585671829,-5.832394679933783,-0.49340673139326185,12.537804515319001,-10.588758854278566,-6.705409835385217,12.523227290549707,-27.757228640784092
0.06165,11.08230148229187,-5.831950930880776,-0.4934524909951938,12.537655094531134,-10.588848991296677,-6.705704163650359,12.523140892148811,-27.755142458408297
0.061700000000000005,11.082428503915422,-5.831506371355093,-0.49349310012223635,12.537512967751747,-10.588935403793188,-6.706006596396651,12.52304627890323,-27.753071873974022
0.061750000000000006,11.082546626368638,-5.831061336448419,-0.49352883765660316,12.537378324000162,-10.589017788712033,-6.706316987551743,12.52294358507849,-27.75101829204789
0.0618,11.082655838130533,-5.83061616192651,-0.4935599894092812,12.537251341646098,-10.58909584872125,-6.706635179719589,12.52283295641076,-27.748983093170676
0.06185,11.082756140349494,-5.8301711837519505,-0.49358684771400757,12.537132188156509,-10.589169292635487,-6.706961004404557,12.522714549901153,-27.7469676319049
0.061900000000000004,11.082847546841602,-5.829726737606388,-0.49360971101132145,12.537021019856256,-10.58923783583028,-6.707294282249868,12.522588533593833,-27.744973234917875
0.061950000000000005,11.082930084071249,-5.829283158412294,-0.49362888342427025,12.536917981705676,-10.589301200646979,-6.707634823293376,12.522455086338331,-27.743001199099332
0.062,11.083003791113653,-5.82884077985613,-0.4936446743259767,12.536823207094418,-10.589359116787675,-6.707982427238287,12.52231439753664,-27.74105278972214
0.06205,11.083068719599217,-5.828399933913527,-0.4936573978994548,12.536736817650612,-10.58941132169976,-6.708336883737085,12.52216666687526,-27.739129238648424
0.0621,11.083124933640311,-5.827960950376116,-0.4936673726910991,12.536658923067165,-10.589457560949215,-6.708697972691053,12.522012104042563,-27.737231742578565
0.062150000000000004,11.083172509739919,-5.827524156382394,-0.49367492115711165,12.536589620946204,-10.589497588582805,-6.7090654645638095,12.521850928432064,-27.735361461353737
0.062200000000000005,11.083211536682763,-5.827089875952213,-0.49368036920494196,12.536528996659632,-10.589531167477821,-6.709439120707418,12.52168336883195,-27.73351951630902
0.06225,11.083242115408996,-5.826658429526108,-0.4936840457297197,12.536477123227831,-10.589558069679276,-6.709818693701724,12.521509663101465,-27.73170698868182
0.0623,11.083264358870379,-5.826230133510538,-0.49368628214596233,12.536434061217685,-10.589578076724417,-6.7102039277071475,12.521330057834618,-27.729924918080116
0.06235,11.083278391869646,-5.825805299828374,-0.4936874119163143,12.536399858656907,-10.589590979953332,-6.7105945588285305,12.521144808011487,-27.728174301006234
0.062400000000000004,11.083284350883117,-5.825384235475082,-0.49368777007744596,12.536374550964652,-10.589596580805669,-6.710990315489572,12.520954176637344,-27.726456089438024
0.062450000000000006,11.08328238386646,-5.824967242082292,-0.49368769276322244,12.536358160901774,-10.589594691103239,-6.711390918819482,12.520758434370354,-27.724771189474268
0.0625,11.083272650044403,-5.82455461548893,-0.49368751672677613,12.536350698539428,-10.589585133317627,-6.711796083050496,12.520557859138531,-27.723120460043557
0.06255000000000001,11.083255319684326,-5.824146645319866,-0.49368757886169096,12.53635216124334,-10.589567740822638,-6.712205515923468,12.520352735745968,-27.721504711676516
0.0626,11.083230573853918,-5.823743614572972,-0.49368821572238863,12.536362533675796,-10.589542358131528,-6.71261891910282,12.520143355468806,-27.719924705344617
0.06265,11.083198604163714,-5.823345799215903,-0.4936897630457318,12.536381787818074,-10.58950884111798,-6.7130359886021695,12.51993001564234,-27.71838115136926
0.0627,11.083159612494256,-5.822953467794207,-0.49369255527289024,12.536409883010661,-10.589467057221364,-6.713456415216456,12.519713019239717,-27.716874708408213
0.06275,11.083113810709103,-5.822566881048552,-0.49369692507405083,12.536446766010222,-10.58941688563505,-6.713879884961669,12.519492674442295,-27.715405982507818
0.06280000000000001,11.083061420353248,-5.8221862915441775,-0.4937032028748522,12.536492371065778,-10.589358217478392,-6.714306079521597,12.519269294202736,-27.713975526234627
0.06285,11.083002672338019,-5.821811943312409,-0.49371171638645056,12.536546620013493,-10.589290955951565,-6.714734676701083,12.519043195801615,-27.712583837883592
0.0629,11.082937806612756,-5.8214440715039615,-0.4937227901395442,12.536609422387999,-10.589215016473212,-6.715165350884036,12.518814700397758,-27.71123136076105
0.06295,11.082867071823546,-5.821082902054865,-0.49373674502274834,12.536680675551368,-10.589130326800802,-6.715597773496501,12.518584132572906,-27.70991848254548
0.063,11.082790724959729,-5.820728651365094,-0.493753897826513,12.536760264839709,-10.589036827133215,-6.716031613474616,12.51835181987133,-27.708645534724795
0.06305000000000001,11.082709030988202,-5.820381525990788,-0.49377456079217313,12.536848063725586,-10.588934470196026,-6.716466537734797,12.518118092334896,-27.707412792113903
0.0631,11.082622262476551,-5.820041722349812,-0.4937990411676781,12.536943933996755,-10.588823221308873,-6.716902211646943,12.517883282034283,-27.70622047244934
0.06315,11.082530699205313,-5.8197094264419444,-0.49382764077073477,12.537047725953157,-10.588703058434579,-6.717338299511211,12.517647722597301,-27.70506873606566
0.0632,11.082434627769771,-5.819384813584183,-0.49386065555922043,12.5371592786199,-10.588573972210552,-6.7177744650357205,12.517411748734828,-27.703957685654792
0.06325,11.082334341172123,-5.819068048160642,-0.49389837520983804,12.537278419974731,-10.588435965962285,-6.718210371814088,12.517175695764882,-27.702887366104598
0.06330000000000001,11.08223013840466,-5.818759283388576,-0.4939410827060593,12.537404967192726,-10.5882890556986,-6.71864568380415,12.516939899136103,-27.70185776442145
0.06335,11.082122324024438,-5.818458661101284,-0.49398905393582043,12.537538726908245,-10.588133270088614,-6.719080065806962,12.516704693951413,-27.700868809739163
0.0634,11.082011207720349,-5.818166311546447,-0.4940425572995229,12.53767949549016,-10.587968650420823,-6.719513183943715,12.516470414491994,-27.699920373406368
0.06345,11.081897103872475,-5.817882353201247,-0.4941018533277276,12.537827059330933,-10.587795250544746,-6.719944706129684,12.516237393742083,-27.699012269158292
0.0635,11.08178033110511,-5.817606892604062,-0.4941671943110493,12.537981195151337,-10.587613136794062,-6.720374302547273,12.51600596291574,-27.6981442533692
0.06355000000000001,11.081661211833863,-5.8173400242033155,-0.4942388239418121,12.538141670318806,-10.58742238789205,-6.7208016461154925,12.51577645098621,-27.697316025387053
0.0636,11.081540071806913,-5.817081830223209,-0.4943169769668265,12.538308243177402,-10.587223094840088,-6.721226412954194,12.515549184217821,-27.69652722794926
0.06365,11.081417239641473,-5.816832380546023,-0.4944018788533212,12.538480663390905,-10.58701536078815,-6.721648282844877,12.5153244857012,-27.695777447676054
0.0637,11.081293046356247,-5.816591732612266,-0.49449374546835284,12.538658672298897,-10.586799300887895,-6.722066939686627,12.515102674893111,-27.695066215645127
0.06375,11.081167824900385,-5.816359931339076,-0.49459278277112084,12.53884200328407,-10.586575042129262,-6.7224820719449925,12.514884067161558,-27.694393008048163
0.06380000000000001,11.081041909679666,-5.8161370090558355,-0.4946991865197937,12.539030382151024,-10.58634272315987,-6.722893373095191,12.514668973336297,-27.693757246923592
0.06385,11.080915636080826,-5.815922985458042,-0.49481314199355286,12.539223527517118,-10.586102494087271,-6.723300542059074,12.514457699266067,-27.69315830096793
0.0639,11.080789339994338,-5.815717867579707,-0.4949348237287788,12.539421151212894,-10.585854516265563,-6.723703283633187,12.514250545382971,-27.692595486426193
0.06395,11.080663357336881,-5.815521649783246,-0.4950643952709212,12.539622958691714,-10.585598962065959,-6.724101308908465,12.51404780627459,-27.692068068054652
0.064,11.080538023573666,-5.8153343137683455,-0.4952020089421749,12.539828649449749,-10.585336014631487,-6.724494335681404,12.51384977026468,-27.69157526016166
0.06405000000000001,11.080413673241665,-5.81515582859828,-0.49534780562567016,12.540037917454432,-10.585065867615995,-6.724882088856158,12.5136567190027,-27.691116227718172
0.0641,11.080290639473693,-5.814986150743544,-0.4955019145647543,12.540250451578899,-10.584788724908938,-6.725264300835355,12.513468927062053,-27.690690087537604
0.06415,11.080169253524284,-5.8148252241440685,-0.495664453178242,12.540465936043868,-10.584504800346043,-6.725640711899798,12.513286661548475,-27.690295909528135
0.06420000000000001,11.080049844298877,-5.814672980288593,-0.4958355268943716,12.540684050867391,-10.584214317404507,-6.726011070578797,12.513110181719242,-27.689932718008627
0.06425,11.0799327378857,-5.814529338312149,-0.4960152290003934,12.54090447231976,-10.583917508885309,-6.726375134007614,12.512939738613145,-27.689599493093198
0.06430000000000001,11.079818257091363,-5.814394205110489,-0.4962036405087887,12.54112687338275,-10.583614616582574,-6.726732668272257,12.51277557469155,-27.68929517213776
0.06435,11.079706720981509,-5.814267475472209,-0.4964008300420577,12.541350924214813,-10.583305890939453,-6.727083448742602,12.512617923492144,-27.68901865124855
0.0644,11.079598444427043,-5.814149032228702,-0.49660685373559843,12.541576292621063,-10.582991590691444,-6.727427260392359,12.512467009295815,-27.68876878685222
0.06445000000000001,11.079493737656408,-5.814038746420903,-0.49682175515787186,12.541802644525719,-10.582671982498537,-6.727763898104814,12.51232304680674,-27.688544397322282
0.0645,11.079392905814297,-5.81393647748284,-0.49704556524844506,12.542029644447437,-10.582347340565853,-6.7280931669646,12.51218624084591,-27.688344264661062
0.06455,11.079296248527582,-5.813842073441997,-0.49727830227447184,12.542256955977376,-10.582017946253112,-6.728414882535385,12.512056786058864,-27.688167136235567
0.0646,11.079204059479691,-5.813755371135303,-0.49751997180543034,12.542484242257743,-10.58168408767426,-6.728728871122437,12.511934866638166,-27.68801172655982
0.06465,11.079116625992896,-5.813676196441875,-0.49777056670446307,12.542711166460657,-10.581346059288434,-6.729034970018783,12.511820656060694,-27.68787671912936
0.06470000000000001,11.079034228619687,-5.813604364530461,-0.49803006713906334,12.542937392267577,-10.581004161480626,-6.729333027737117,12.511714316839809,-27.687760768297004
0.06475,11.078957140743507,-5.813539680121972,-0.49829844060927403,12.543162584347437,-10.580658700134233,-6.729622904225465,12.511616000292857,-27.68766250119091
0.0648,11.078885628189415,-5.813481937767252,-0.49857564199247967,12.543386408832701,-10.580309986196934,-6.729904471065448,12.511525846324583,-27.687580519674185
0.06485,11.078819948845991,-5.813430922138931,-0.4988616136077248,12.543608533794167,-10.579958335238267,-6.730177611655237,12.511443983227075,-27.687513402338617
0.0649,11.078760352298412,-5.813386408338057,-0.4991562852980708,12.54382862971371,-10.57960406700034,-6.730442221375652,12.511370527496533,-27.687459706535403
0.06495000000000001,11.078707079473197,-5.813348162213709,-0.49945957453009254,12.544046369952685,-10.579247504943107,-6.730698207738975,12.51130558366644,-27.687417970434424
0.065,11.078660362295286,-5.813315940695811,-0.4997713865108637,12.544261431216283,-10.578888975784421,-6.730945490520472,12.511249244157867,-27.687386715111597
0.06505,11.07862042335847,-5.813289492141512,-0.5000916143236985,12.544473494014266,-10.578528809034772,-6.731184001872753,12.511201589147957,-27.68736444666337
0.0651,11.07858747560937,-5.813268556693391,-0.5004201390812019,12.544682243116004,-10.578167336528171,-6.7314136864226075,12.511162686455997,-27.687349658341024
0.06515,11.078561722044501,-5.813252866648896,-0.5007568300940481,12.54488736799844,-10.577804891950452,-6.731634501349544,12.511132591446358,-27.687340832703082
0.06520000000000001,11.078543355421296,-5.813242146841344,-0.5011015450565514,12.545088563287795,-10.577441810364746,-6.731846416446451,12.511111346949235,-27.687336443785405
0.06525,11.078532557984333,-5.813236115031149,-0.5014541302500277,12.545285529194212,-10.577078427734305,-6.732049414163061,12.511098983199732,-27.687334959280648
0.0653,11.078529501205907,-5.813234482307461,-0.5018144207606183,12.545477971937812,-10.57671508044529,-6.732243489630351,12.51109551779452,-27.687334842729783
0.06535,11.07853434554188,-5.81323695349908,-0.5021822407129788,12.545665604166139,-10.576352104828903,-6.732428650667053,12.511100955666466,-27.687334555718742
0.0654,11.078547240203337,-5.813243227593628,-0.5025574035210213,12.545848145362937,-10.575989836682313,-6.732604917769307,12.511115289077157,-27.68733256007513
0.06545000000000001,11.078568322943681,-5.813252998166277,-0.50293971215244,12.546025322247196,-10.575628610791242,-6.732772324080916,12.51113849762764,-27.68732732007075
0.0655,11.078597719863009,-5.813265953815195,-0.5033289594090066,12.546196869161644,-10.575268760454001,-6.732930915346448,12.51117054828767,-27.6873173046145
0.06555,11.078635545228874,-5.813281778604943,-0.5037249282216424,12.546362528451054,-10.574910617007232,-6.733080749846109,12.511211395443246,-27.687300989442498
0.0656,11.07868190131378,-5.813300152516001,-0.5041273919599815,12.54652205082912,-10.574554509353797,-6.733221898313115,12.511260980961914,-27.68727685929718
0.06565,11.07873687824987,-5.813320751899453,-0.5045361147549616,12.546675195732869,-10.574200763494906,-6.7333544438334165,12.511319234275756,-27.68724341009036
0.06570000000000001,11.078800553900718,-5.813343249938087,-0.5049508518338194,12.546821731664938,-10.573849702066905,-6.733478481726854,12.5113860724826,-27.687199151055463
0.06575,11.078872993751135,-5.813367317111313,-0.5053713498695674,12.546961436523233,-10.573501643881567,-6.73359411941192,12.511461400465024,-27.68714260687646
0.0658,11.078954250814128,-5.813392621663289,-0.5057973473415575,12.547094097916586,-10.57315690347257,-6.733701476253296,12.51154511102612,-27.68707231979266
0.06585,11.079044365554664,-5.813418830075467,-0.5062285749053037,12.547219513466501,-10.572815790649358,-6.733800683391033,12.51163708504225,-27.686986851685024
0.0659,11.079143365832175,-5.81344560754044,-0.5066647557762304,12.547337491095012,-10.572478610055942,-6.7338918835545725,12.511737191633078,-27.68688478612717
0.06595000000000001,11.07925126686116,-5.813472618438133,-0.5071056061239081,12.547447849298042,-10.57214566073725,-6.7339752308599055,12.51184528834874,-27.68676473040656
0.066,11.079368071188961,-5.813499526813834,-0.5075508354740873,12.547550417403377,-10.571817235714873,-6.73405089058954,12.511961221373172,-27.68662531751575
0.06605,11.079493768692307,-5.813525996855126,-0.508000147122502,12.547645035813403,-10.571493621569806,-6.734119038958275,12.512084825743552,-27.686465208098394
0.0661,11.079628336591378,-5.813551693370499,-0.5084532385569364,12.547731556232435,-10.571175098034443,-6.734179862861936,12.51221592558607,-27.686283092363738
0.06615,11.079771739482803,-5.813576282265729,-0.5089098018885216,12.547809841877758,-10.57086193759428,-6.734233559612031,12.512354334367469,-27.68607769195089
0.06620000000000001,11.079923929390231,-5.813599431019031,-0.5093695242897082,12.54787976767413,-10.570554405100522,-6.734280336655102,12.512499855161598,-27.685847761749613
0.06625,11.080084845832575,-5.81362080915468,-0.5098320884393468,12.547941220431857,-10.570252757393224,-6.734320411277173,12.51265228093089,-27.685592091676302
0.0663,11.08025441591017,-5.813640088712559,-0.5102971729749053,12.547994099007695,-10.569957242935265,-6.7343540102951405,12.512811394821812,-27.68530950839421
0.06635,11.080432554408333,-5.813656944714713,-0.5107644529488267,12.54803831444868,-10.569668101459508,-6.734381369733975,12.512976970474355,-27.684998876983453
0.0664,11.080619163918605,-5.813671055627818,-0.5112336002904434,12.548073790118535,-10.569385563628162,-6.734402734490717,12.51314877234523,-27.684659102555695
0.06645000000000001,11.080814134977322,-5.813682103820426,-0.5117042842729461,12.548100461806728,-10.569109850704377,-6.734418357986302,12.513326556043964,-27.684289131809706
0.0665,11.081017346220804,-5.813689776014619,-0.5121761719829349,12.548118277819722,-10.56884117423787,-6.734428501805101,12.5135100686811,-27.683887954527773
0.06655,11.08122866455769,-5.81369376373194,-0.5126489287929769,12.548127199054557,-10.568579735764711,-6.734433435322616,12.513699049228835,-27.68345460501135
0.0666,11.081447945358754,-5.813693763731927,-0.5131222188388445,12.548127199054557,-10.56832572651991,-6.73443343532263,12.513893228893686,-27.682988163448485
0.06665,11.0816750326626,-5.813689478443744,-0.5135957054974565,12.548118264046998,-10.568079327165142,-6.734428785603252,12.51409233149992,-27.682487757218386
0.06670000000000001,11.081909759397414,-5.813680616389367,-0.514069051865148,12.548100392962711,-10.567840707532266,-6.734419776573344,12.514296073883225,-27.681952562126625
0.06675,11.08215194761896,-5.8136668925980866,-0.5145419212376267,12.548073597437636,-10.567610026381331,-6.734406704839546,12.514504166294635,-27.681381803569607
0.0668,11.082401408763854,-5.813648029012089,-0.5150139775899172,12.548037901796157,-10.567387431173938,-6.734389872784066,12.514716312813775,-27.68077475762943
0.06685,11.082657943917912,-5.813623754881835,-0.5154848860541633,12.54799334301647,-10.567173057863746,-6.734369588134634,12.514932211770592,-27.68013075209444
0.0669,11.08292134409902,-5.813593807151058,-0.5159543133953804,12.547939970677964,-10.566967030703639,-6.734346163526909,12.51515155617505,-27.679449167406048
0.06695000000000001,11.083191390554171,-5.813557930831195,-0.5164219284854844,12.547877846890676,-10.56676946206869,-6.73431991605948,12.515374034154329,-27.678729437531782
0.067,11.083467855070458,-5.813515879364022,-0.5168874027741938,12.547807046206936,-10.566580452296263,-6.73429116684291,12.515599329396807,-27.677971050760164
0.06705,11.083750500299685,-5.813467414972255,-0.5173504107556658,12.547727655515427,-10.56640008954402,-6.734260240543173,12.51582712160238,-27.6771735504172
0.0671,11.084039080095812,-5.8134123089981,-0.5178106304311741,12.547639773917695,-10.566228449664637,-6.734227464919595,12.516057086938433,-27.676336535506305
0.06715,11.084333339865198,-5.813350342228213,-0.5182677437678148,12.547543512587117,-10.566065596097381,-6.734193170358902,12.516288898500708,-27.675459661265304
0.06720000000000001,11.084633016928581,-5.813281305205855,-0.5187214371502424,12.54743899461091,-10.565911579778339,-6.734157689405055,12.516522226778456,-27.674542639646354
0.06725,11.084937840895062,-5.813204998528651,-0.5191714018272936,12.547326354814984,-10.565766439067767,-6.734121356286334,12.516756740123448,-27.673585239711596
0.0673,11.085247534047175,-5.813121233132032,-0.5196173343524203,12.547205739571895,-10.565630199694754,-6.734084506439863,12.516992105221984,-27.672587287947096
0.06735000000000001,11.085561811735719,-5.813029830558415,-0.5200589370149733,12.547077306592596,-10.565502874720748,-6.73404747603418,12.517227987568784,-27.67154866849809
0.0674,11.085880382784554,-5.812930623210959,-0.5204959182632278,12.546941224702234,-10.565384464521324,-6.734010601491276,12.517464051942436,-27.670469323320493
0.06745000000000001,11.086202949905116,-5.8128234545917685,-0.5209279931198998,12.546797673599787,-10.565274956785213,-6.733974219008018,12.517699962882043,-27.669349252248896
0.0675,11.086529210119089,-5.812708179524742,-0.5213548835873992,12.546646843602318,-10.565174326531688,-6.733938664077575,12.517935385163865,-27.66818851298507
0.06755,11.086858855188972,-5.81258466436211,-0.5217763190422559,12.54648893537461,-10.565082536146715,-6.7339042710125,12.518169984277243,-27.66698722100392
0.06760000000000001,11.087191572056533,-5.812452787174497,-0.5221920366196526,12.546324159643989,-10.564999535436879,-6.733871372469493,12.518403426899692,-27.66574554937629
0.06765,11.087527043288095,-5.812312437924587,-0.5226017815876153,12.546152736900373,-10.564925261700484,-6.733840298975787,12.518635381370355,-27.664463728511215
0.06770000000000001,11.087864947526189,-5.812163518623418,-0.5230053077096571,12.545974897082703,-10.564859639816532,-6.733811378459286,12.518865518160856,-27.66314204581485
0.06775,11.088204959946552,-5.812005943470003,-0.5234023775942871,12.54579087925208,-10.564802582352266,-6.733784935782077,12.51909351034307,-27.66178084527108
0.0678,11.08854675272052,-5.811839638973193,-0.5237927630334179,12.545600931251498,-10.5647539896871,-6.733761292278303,12.519319034053282,-27.660380526939463
0.06785000000000001,11.088889995481523,-5.811664544056019,-0.5241762453277935,12.545405309352963,-10.56471375015373,-6.733740765296946,12.519541768951772,-27.658941546374276
0.0679,11.089234355794943,-5.81148061014278,-0.5245526155976187,12.545204277893031,-10.564681740197324,-6.733723667750253,12.519761398677227,-27.65746441396735
0.06795,11.089579499631244,-5.811287801227896,-0.5249216750800489,12.544998108896626,-10.564657824551194,-6.733710307668726,12.519977611295545,-27.655949694211102
0.068,11.089925091840989,-5.811086093927082,-0.5252832354123109,12.54478708168988,-10.564641856428679,-6.733700987762796,12.52019009974198,-27.654398004886897
0.06805,11.090270796631213,-5.810875477510957,-0.5256371188987943,12.544571482503137,-10.564633677732417,-6.73369600499218,12.520398562256286,-27.652810016180506
0.06810000000000001,11.090616278042999,-5.810655953920395,-0.5259831587632204,12.544351604064078,-10.564633119279778,-6.7336956501436855,12.520602702810391,-27.651186449722164
0.06815,11.090961200429698,-5.81042753776325,-0.5263211993868582,12.544127745181095,-10.564640001042838,-6.733700207417841,12.520802231527917,-27.649528077551047
0.0682,11.091305228933766,-5.810190256294422,-0.5266510965288208,12.54390021031845,-10.564654132404947,-6.733709954024026,12.520996865094732,-27.647835721016392
0.06825,11.09164802996328,-5.809944149376666,-0.5269727175311492,12.5436693091637,-10.56467531243213,-6.733725159787038,12.521186327160235,-27.646110249602675
0.0683,11.091989271666629,-5.809689269423961,-0.5272859415076732,12.543435356186931,-10.564703330158958,-6.733746086762972,12.521370348728906,-27.64435257968923
0.06835000000000001,11.092328624404825,-5.809425681326853,-0.5275906595167243,12.543198670192828,-10.5647379648881,-6.733772988865976,12.521548668541389,-27.642563673243387
0.0684,11.09266576122056,-5.809153462359662,-0.5278867747164712,12.542959573867314,-10.564778986504091,-6.733806111507652,12.52172103344425,-27.640744536448334
0.06845,11.093000358302996,-5.808872702071168,-0.5281742025018048,12.5427183933187,-10.564826155801192,-6.733845691247532,12.521887198748358,-27.63889621827456
0.0685,11.093332095448655,-5.808583502156881,-0.5284528706254872,12.542475457613225,-10.564879224823168,-6.733891955456341,12.52204692857523,-27.637019808986334
0.06855,11.093660656517104,-5.808285976313912,-0.5287227193015462,12.542231098306829,-10.564937937215559,-6.733945121992916,12.522199996190778,-27.635116438590224
0.06860000000000001,11.093985729879932,-5.807980250080257,-0.5289837012887777,12.541985648974077,-10.565002028591158,-6.73400539889382,12.52234618432592,-27.633187275236043
0.06865,11.094307008864279,-5.807666460655782,-0.5292357819584225,12.541739444733734,-10.565071226905857,-6.734072984077952,12.522485285483913,-27.63123352355666
0.0687,11.094624192188975,-5.807344756707044,-0.529478939343544,12.541492821772048,-10.56514525284543,-6.734148065065001,12.522617102233768,-27.629256422959305
0.06875,11.094936984392715,-5.807015298156642,-0.5297131641691789,12.541246116864984,-10.565223820223533,-6.734230818708345,12.522741447489466,-27.627257245872535
0.0688,11.095245096254954,-5.806678255954651,-0.5299384598664967,12.54099966689923,-10.565306636388456,-6.734321410944579,12.522858144774546,-27.625237295937268
0.06885000000000001,11.09554824520698,-5.806333811836238,-0.5301548425673498,12.540753808392608,-10.565393402639627,-6.7344199965563725,12.522967028471664,-27.623197906163988
0.0689,11.095846155734051,-5.805982158062742,-0.5303623410819137,12.54050887701543,-10.565483814652135,-6.734526718952686,12.52306794405672,-27.62114043704309
0.06895,11.096138559767578,-5.805623497147834,-0.5305609968577756,12.540265207113073,-10.5655775629098,-6.73464170996524,12.523160748317334,-27.619066274617065
0.069,11.096425197066411,-5.805258041569647,-0.530750863920862,12.540023131229736,-10.56567433314555,-6.73476508966009,12.523245309555323,-27.61697682852002
0.06905,11.096705815587171,-5.804886013468158,-0.5309320087993863,12.53978297963503,-10.565773806787782,-6.734896966166873,12.523321507772783,-27.61487352998175
0.06910000000000001,11.096980171842427,-5.8045076443295995,-0.5311045104285449,12.539545079854848,-10.56587566141388,-6.735037435525246,12.523389234841531,-27.61275782980591
0.06915,11.097248031247036,-5.8041231746572794,-0.5312684600379274,12.539309756205554,-10.565979571209107,-6.735186581548274,12.523448394655917,-27.610631196319165
0.0692,11.097509168451893,-5.803732853629326,-0.5314239610221773,12.53907732933224,-10.566085207429719,-6.735344475702911,12.523498903268615,-27.60849511329479
0.06925,11.097763367664347,-5.803336938744461,-0.5315711287936842,12.538848115753083,-10.566192238870666,-6.73551117700862,12.523540689009186,-27.606351077856786
0.0693,11.098010422954891,-5.802935695456181,-0.5317100906176616,12.538622427409845,-10.566300332337228,-6.73568673195366,12.523573692585313,-27.60420059836668
0.06935000000000001,11.098250138550384,-5.802529396794705,-0.5318409854317456,12.538400571223807,-10.566409153118638,-6.735871174429098,12.523597867166622,-27.602045192289857
0.0694,11.098482329112539,-5.802118322978711,-0.5319639636482989,12.538182848658822,-10.566518365464235,-6.73606452568011,12.52361317845088,-27.599886384052148
0.06945,11.098706820001665,-5.801702761016468,-0.5320791869404733,12.53796955529271,-10.56662763306119,-6.736266794276243,12.523619604712433,-27.59772570288504
0.0695,11.098923447525262,-5.801283004297338,-0.532186828012495,12.5377609803966,-10.56673661951277,-6.7364779760992635,12.52361713683292,-27.595564680664165
0.06955,11.099132059170769,-5.800859352174528,-0.5322870703540413,12.537557406522845,-10.566844988816724,-6.736698054348319,12.52360577831413,-27.59340484974602
0.06960000000000001,11.099332513822501,-5.800432109539206,-0.532380107979251,12.537359109103223,-10.56695240584325,-6.736926999564015,12.523585545272997,-27.591247740803244
0.06965,11.099524681962508,-5.800001586386603,-0.5324661451507792,12.537166356057266,-10.567058536811727,-6.737164769670662,12.523556466418878,-27.58909488066135
0.0697,11.09970844585462,-5.799568097375285,-0.5325453960890839,12.536979407410882,-10.567163049765538,-6.737411310035596,12.523518583012905,-27.586947790143235
0.06975,11.09988369971179,-5.7991319613799455,-0.5326180846676201,12.536798514926833,-10.567265615044166,-6.7376665535468865,12.5234719488098,-27.584807981922523
0.0698,11.100050349846498,-5.798693501037967,-0.5326844440942343,12.53662392174735,-10.567365905752263,-6.737930420709385,12.523416629981904,-27.58267695838711
0.06985000000000001,11.1002083148041,-5.7982530422904315,-0.5327447165792603,12.536455862048035,-10.567463598224842,-6.738202819757603,12.523352705025772,-27.580556209515898
0.0699,11.100357525478831,-5.79781091391814,-0.5327991529914564,12.53629456070445,-10.567558372487374,-6.738483646786307,12.523280264651223,-27.578447210771376
0.06995,11.100497925211904,-5.797367447074501,-0.5328480125006985,12.53614023297273,-10.567649912711206,-6.73877278589823,12.523199411653275,-27.57635142101684
0.07,11.100629469872242,-5.796922974814114,-0.5328915622094511,12.535993084183485,-10.56773790766279,-6.73907010936937,12.523110260766844,-27.57427028045209
0.07005,11.100752127919531,-5.796477831618341,-0.5329300767732981,12.5358533094487,-10.567822051146228,-6.739375477830358,12.52301293850457,-27.572205208573536
0.07010000000000001,11.100865880448868,-5.796032352919748,-0.5329638380099941,12.535721093383994,-10.567902042438876,-6.739688740464244,12.522907582977933,-27.570157602167775
0.07015,11.100970721217724,-5.795586874624975,-0.5329931344985583,12.535596609846507,-10.567977586719167,-6.74000973522153,12.522794343702147,-27.5681288333352
0.0702,11.10106665665482,-5.795141732636731,-0.5330182611689362,12.535480021687405,-10.568048395485885,-6.740338289050675,12.522673381384715,-27.566120247547275
0.07025,11.101153705850832,-5.794697262376364,-0.5330395188822559,12.535371480519874,-10.568114186968575,-6.740674218143505,12.52254486769833,-27.564133161743516
0.0703,11.101231900531248,-5.794253798306881,-0.533057214002834,12.535271126504075,-10.568174686528414,-6.741017328197195,12.522408985038236,-27.562168862466788
0.07035000000000001,11.10130128501129,-5.7938116734570695,-0.5330716579624506,12.53517908814815,-10.568229627048838,-6.741367414691084,12.522265926264334,-27.560228604039857
0.0704,11.101361916132719,-5.793371218948272,-0.5330831668170811,12.535095482125273,-10.568278749315636,-6.741724263177004,12.522115894428548,-27.5583136067897
0.07045,11.101413863183149,-5.7929327635232415,-0.5330920607976691,12.535020413107876,-10.56832180238548,-6.742087649584635,12.521959102487758,-27.55642505531593
0.07050000000000001,11.10145720779741,-5.792496633078531,-0.5330986638543016,12.534953973618954,-10.568358543943113,-6.742457340540426,12.521795773002495,-27.55456409681019
0.07055,11.101492043841542,-5.792063150200335,-0.5331033031956268,12.534896243899837,-10.568388740645911,-6.742833093699504,12.521626137821944,-27.552731839424872
0.07060000000000001,11.101518477279303,-5.791632633705553,-0.5331063088235606,12.534847291795762,-10.568412168455739,-6.743214658090211,12.52145043775588,-27.55092935069867
0.07065,11.101536626021321,-5.791205398188608,-0.5331080130635573,12.534807172659743,-10.568428612957767,-6.7436017744711325,12.521268922233949,-27.54915765604063
0.0707,11.101546619757439,-5.790781753573484,-0.5331087500920352,12.534775929273462,-10.568437869665402,-6.743994175699975,12.521081848952486,-27.54741773726967
0.07075000000000001,11.101548599772226,-5.790362004672534,-0.5331088554611314,12.534753591785794,-10.568439744311094,-6.744391587113259,12.52088948350955,-27.545710531215622
0.0708,11.10154271874391,-5.789946450753616,-0.5331086656211054,12.534740177670585,-10.568434053122806,-6.744793726916969,12.520692099029125,-27.544036928387765
0.07085000000000001,11.101529140527136,-5.789535385114789,-0.5331085174416611,12.53473569170245,-10.568420623085476,-6.7452003065876625,12.520489975774487,-27.542397771706852
0.0709,11.101508039920168,-5.789129094666449,-0.5331087477333467,12.534740125949583,-10.56839929218682,-6.745611031283133,12.520283400751186,-27.540793855298826
0.07095,11.101479602415948,-5.78872785952394,-0.5331096927677794,12.534753459784998,-10.568369909648172,-6.746025600261057,12.520072667300536,-27.53922592336385
0.07100000000000001,11.101444023938354,-5.788331952609195,-0.5331116877994974,12.534775659916535,-10.568332336138855,-6.74644370730734,12.519858074684121,-27.537694669112007
0.07105,11.101401510563756,-5.787941639261778,-0.5331150665896884,12.534806680434139,-10.568286443974069,-6.746865041172358,12.519639927659563,-27.536200733766922
0.0711,11.101352278227436,-5.787557176862107,-0.5331201609304027,12.53484646287455,-10.568232117297034,-6.747289286012445,12.519418536048452,-27.534744705649704
0.07115,11.101296552416892,-5.787178814464386,-0.5331273001735992,12.534894936304385,-10.568169252243292,-6.747716121839998,12.519194214297045,-27.53332711932878
0.0712,11.101234567850668,-5.7868067924426745,-0.5331368107618889,12.53495201742109,-10.568097757088777,-6.748145224978417,12.518967281030145,-27.53194845485266
0.07125000000000001,11.101166568144489,-5.786441342148665,-0.5331490157642336,12.535017610671066,-10.568017552380253,-6.7485762685224,12.518738058599043,-27.530609137055958
0.0713,11.101092805465026,-5.786082685582411,-0.5331642344169286,12.535091608385546,-10.56792857104809,-6.7490089228031325,12.518506872624384,-27.529309534943277
0.07135,11.10101354017078,-5.785731035077479,-0.5331827816686838,12.535173890934303,-10.567830758502097,-6.749442855856822,12.518274051534169,-27.528049961157926
0.0714,11.100929040441972,-5.785386592998203,-0.533204967733145,12.5352643268956,-10.567724072708828,-6.749877733897399,12.518039926097508,-27.526830671522273
0.07145,11.100839581899171,-5.785049551452002,-0.5332310976477509,12.535362773243149,-10.567608484251416,-6.750313221791146,12.51780482895521,-27.525651864662333
0.07150000000000001,11.100745447211052,-5.784720092017212,-0.5332614708393568,12.535469075550338,-10.567483976371696,-6.750748983533125,12.517569094147815,-27.524513681717703
0.07155,11.1006469256926,-5.784398385484035,-0.5332963806989398,12.535583068209888,-10.56735054499366,-6.75118468272585,12.517333056641055,-27.52341620612443
0.0716,11.100544312893401,-5.784084591611401,-0.5333361141639824,12.535704574668733,-10.567208198729418,-6.7516199830573305,12.517097051849781,-27.522359463482996
0.07165,11.100437910177154,-5.783778858900041,-0.5333809513100258,12.53583340767924,-10.567056958867127,-6.752054548779199,12.516861415161438,-27.52134342151034
0.0717,11.10032802429323,-5.783481324380693,-0.5334311649529807,12.535969369565912,-10.566896859340247,-6.752488045185223,12.516626481459369,-27.520367990069918
0.07175000000000001,11.10021496693985,-5.783192113419475,-0.5334870202601087,12.536112252506065,-10.566727946679736,-6.7529201390865925,12.516392584646452,-27.51943302128896
0.0718,11.10009905432088,-5.7829113395389475,-0.5335487743731876,12.536261838824915,-10.566550279947693,-6.753350499285972,12.516160057170229,-27.51853830975296
0.07185,11.099980606696072,-5.782639104256863,-0.533616676042763,12.536417901305644,-10.566363930653306,-6.75377879704878,12.515929229550217,-27.517683592785826
0.0719,11.09985994792537,-5.782375496942052,-0.5336909652742093,12.536580203512948,-10.566168982651158,-6.754204706570898,12.515700429907774,-27.516868550812276
0.07195,11.099737405008328,-5.782120594687187,-0.5337718729863518,12.536748500129109,-10.565965532021973,-6.7546279054419225,12.515473983499257,-27.516092807799392
0.07200000000000001,11.099613307619164,-5.781874462199398,-0.5338596206832372,12.536922537303232,-10.565753686935928,-6.755048075103838,12.515250212253449,-27.51535593178011
0.07205,11.099487987637756,-5.781637151708492,-0.5339544201389551,12.537102053012655,-10.565533567498798,-6.75546490130416,12.515029434313398,-27.51465743545727
0.0721,11.099361778677528,-5.7814087028924055,-0.5340564730964704,12.537286777435494,-10.565305305581056,-6.755878074543088,12.514811963583297,-27.51399677688465
0.07215,11.09923501561108,-5.7811891428207645,-0.5341659709807919,12.537476433334431,-10.565069044630283,-6.756287290513668,12.514598109281648,-27.513373360226836
0.0722,11.0991080340937,-5.7809784859166795,-0.5342830946264534,12.537670736451222,-10.564824939467245,-6.756692250534539,12.514388175500821,-27.51278653659838
0.07225000000000001,11.098981170085827,-5.780776733935453,-0.5344080140204225,12.537869395910619,-10.564573156065402,-6.757092661975163,12.514182460773425,-27.51223560497439
0.0723,11.09885475937488,-5.780583875962176,-0.5345408880597212,12.538072114633756,-10.564313871315159,-6.75748823867158,12.513981257646677,-27.511719813180108
0.07235,11.098729137097799,-5.78039988842739,-0.5346818643256696,12.538278589761019,-10.564047272772125,-6.757878701333629,12.513784852265722,-27.51123835895313
0.0724,11.09860463726433,-5.780224735140443,-0.5348310788742615,12.538488513083097,-10.563773558390064,-6.758263777942653,12.513593523965634,-27.51079039107672
0.07245,11.098481592281596,-5.780058367340967,-0.5349886560420026,12.538701571478946,-10.56349293623959,-6.7586432041379805,12.513407544872889,-27.51037501058509
0.07250000000000001,11.098360332481535,-5.779900723768462,-0.5351547082692485,12.538917447361335,-10.563205624212285,-6.7590167235928735,12.513227179517633,-27.509991272037016
0.07255,11.098241185651293,-5.7797517307496316,-0.5353293359408654,12.53913581912924,-10.562911849710426,-6.759384088379607,12.513052684456738,-27.509638184856403
0.0726,11.098124476566797,-5.779611302303296,-0.5355126272432388,12.539356361625337,-10.562611849323554,-6.759745059322038,12.512884307907711,-27.50931471473848
0.07265,11.098010526530825,-5.7794793402626015,-0.5357046580386517,12.539578746598151,-10.56230586849217,-6.760099406335548,12.512722289394551,-27.509019785117896
0.0727,11.097899652916166,-5.779355734414641,-0.5359054917577032,12.539802643169141,-10.561994161158465,-6.760446908754497,12.512566859406112,-27.5087522786978
0.07275000000000001,11.097792168713896,-5.779240362657362,-0.5361151793088081,12.54002771830346,-10.561676989405091,-6.760787355646099,12.512418239066958,-27.508511039039416
0.0728,11.097688382088158,-5.779133091172729,-0.536333759005904,12.540253637283334,-10.561354623082254,-6.761120546110605,12.512276639821474,-27.508294872205035
0.07285,11.09758859593764,-5.7790337746173535,-0.5365612565134297,12.540480064184067,-10.561027339424212,-6.761446289566711,12.512142263131972,-27.508102548458783
0.0729,11.097493107464693,-5.7789422563290564,-0.5367976848100728,12.540706662351967,-10.560695422654616,-6.761764406022908,12.51201530019093,-27.507932804017134
0.07295,11.097402207752435,-5.77885836854944,-0.5370430441702448,12.540933094883101,-10.560359163582188,-6.762074726333661,12.51189593164771,-27.507784342848552
0.07300000000000001,11.097316181350699,-5.778781932662926,-0.5372973221634203,12.541159025102568,-10.560018859187283,-6.76237709243964,12.511784327350735,-27.507655838522368
0.07305,11.097235305871594,-5.77871275945094,-0.5375604936723529,12.541384117043778,-10.559674812199242,-6.762671357592837,12.511680646105228,-27.50754593609988
0.0731,11.097159851594604,-5.778650649360917,-0.5378325209290042,12.5416080359264,-10.5593273306656,-6.762957386565482,12.511585035446249,-27.507453254066405
0.07315,11.097090081081934,-5.778595392790331,-0.5381133535677228,12.541830448632341,-10.558976727514212,-6.763235055842012,12.511497631427849,-27.507376386303626
0.0732,11.097026248805463,-5.778546770385022,-0.5384029286973708,12.54205102417988,-10.558623320108094,-6.76350425379486,12.51141855842912,-27.50731390409634
0.07325000000000001,11.096968600784889,-5.778504553351118,-0.5387011709911864,12.542269434194623,-10.558267429793702,-6.763764880843505,12.51134792897653,-27.50726435817157
0.0733,11.096917374237234,-5.7784685037804415,-0.5390079927931938,12.542485353376273,-10.557909381444043,-6.76401684959583,12.511285843582616,-27.50722628076919
0.07335,11.09687279723951,-5.778438374988575,-0.5393232942428555,12.542698459961088,-10.557549502996652,-6.7642600849725145,12.511232390602247,-27.507198187736776
0.0734,11.096835088404278,-5.778413911866133,-0.5396469634171015,12.542908436179784,-10.557188124987178,-6.764494524313654,12.511187646106523,-27.507178580651523
0.07345,11.09680445656853,-5.778394851241406,-0.5399788764896664,12.5431149687096,-10.556825580078863,-6.764720117468188,12.511151673773778,-27.507165948960658
0.07350000000000001,11.096781100496468,-5.778380922254478,-0.5403188979069861,12.543317749119701,-10.556462202589477,-6.764936826865226,12.511124524798324,-27.507158772139572
0.07355,11.096765208596853,-5.778371846742856,-0.5406668805808632,12.543516474310076,-10.556098328015988,-6.765144627567219,12.511106237817502,-27.507155521866256
0.0736,11.09675695865509,-5.778367339637329,-0.541022666098044,12.543710846942899,-10.55573429255705,-6.765343507305567,12.511096838856597,-27.507154664206457
0.07365000000000001,11.096756517580562,-5.778367109366936,-0.5413860849460933,12.543900575865464,-10.555370432634469,-6.765533466498528,12.511096341291609,-27.507154661803778
0.0737,11.096764041169138,-5.778370858274435,-0.541756956753913,12.544085376524388,-10.555007084415221,-6.7657145182499505,12.511104745830387,-27.507153976080463
0.07375000000000001,11.09677967388178,-5.778378283039664,-0.542135090548721,12.54426497137048,-10.554644583333058,-6.765886688330813,12.511122040511804,-27.50715106943627
0.0738,11.096803548639052,-5.77838907511033,-0.5425202850281047,12.544439090253414,-10.554283263610944,-6.766050015143085,12.511148200722534,-27.50714440744383
0.07385,11.096835786631615,-5.778402921141805,-0.5429123288451128,12.544607470805932,-10.553923457786501,-6.766204549664128,12.511183189232273,-27.50713246104662
0.07390000000000001,11.096876497148498,-5.778419503442004,-0.543311000910134,12.544769858817077,-10.553565496238361,-6.766350355375073,12.511226956247166,-27.507113708739823
0.07395,11.09692577742094,-5.77843850042381,-0.543716070704507,12.544926008593787,-10.553209706716434,-6.766487508169978,12.51127943948058,-27.507086638748557
0.07400000000000001,11.096983712483828,-5.778459587062298,-0.5441272986080427,12.545075683310209,-10.552856413875784,-6.766616096247909,12.51134056424185,-27.50704975118805
0.07405,11.097050375055149,-5.778482435356653,-0.5445444362405019,12.545218655344566,-10.552505938814647,-6.7667362199879095,12.511410243543171,-27.507001560204277
0.0741,11.097125825432448,-5.778506714797642,-0.5449672268146151,12.545354706603266,-10.552158598617833,-6.766847991805624,12.51148837822428,-27.506940596100662
0.07415000000000001,11.097210111407058,-5.778532092837163,-0.5453954055017822,12.545483628831017,-10.551814705905274,-6.766951535993853,12.511574857093896,-27.506865407435043
0.0742,11.097303268196196,-5.778558235361189,-0.5458286998086878,12.54560522390699,-10.551474568387507,-6.767046988545801,12.511669557088636,-27.5067745630919
0.07425000000000001,11.097405318392948,-5.778584807165742,-0.5462668299647128,12.545719304126843,-10.551138488428233,-6.767134496961099,12.511772343449302,-27.50666665432835
0.0743,11.097516271934483,-5.778611472433255,-0.5467095093207521,12.545825692469725,-10.550806762613734,-6.76721422003647,12.511883069913491,-27.50654029678232
0.07435,11.097636126087762,-5.778637895210062,-0.5471564447566961,12.545924222849965,-10.550479681331064,-6.767286327639905,12.512001578924371,-27.506394132447458
0.07440000000000001,11.097764865453135,-5.778663739884971,-0.5476073370975,12.546014740353323,-10.550157528355633,-6.767351000468348,12.512127701855803,-27.506226831613652
0.07445,11.097902461986704,-5.778688671665733,-0.5480618815398572,12.54609710145729,-10.549840580446844,-6.767408429791562,12.512261259253199,-27.5060370947584
0.0745,11.098048875039439,-5.778712357056084,-0.5485197680845662,12.54617117423531,-10.549529106954878,-6.767458817179225,12.512402061089501,-27.505823654404026
0.07455,11.098204051415319,-5.778734464329642,-0.5489806819778646,12.546236838544313,-10.549223369437453,-6.76750237421467,12.51254990703664,-27.50558527692084
0.0746,11.09836792544717,-5.778754664001696,-0.5494443041594962,12.54629398619574,-10.548923621287672,-6.767539322194046,12.512704586751653,-27.505320764283297
0.07465000000000001,11.09854041908949,-5.77877262929844,-0.5499103117158769,12.546342521109429,-10.548630107373612,-6.767569891810988,12.512865880176768,-27.505028955778727
0.0747,11.098721442029735,-5.778788036621322,-0.550378378339894,12.546382359450275,-10.548343063689844,-6.767594322828954,12.51303355785352,-27.50470872965608
0.07475,11.098910891817228,-5.7788005660074875,-0.5508481747954013,12.546413429747558,-10.548062717021828,-6.767612863740068,12.513207381250721,-27.50435900472047
0.0748,11.09910865400888,-5.778809901585109,-0.5513193693857072,12.546435672996589,-10.547789284623173,-6.7676257714114785,12.513387103104934,-27.503978741870245
0.07485,11.099314602331686,-5.77881573202254,-0.5517916284251009,12.546449042742607,-10.547522973906586,-6.767633310720069,12.513572467772928,-27.503566945572462
0.07490000000000001,11.09952859886259,-5.778817750971105,-0.5522646167135595,12.546453505146872,-10.54726398214903,-6.767635754175767,12.513763211596553,-27.50312266527465
0.07495,11.099750494224823,-5.778815657501092,-0.55273799801365,12.546449039034746,-10.547012496211169,-6.767633381533654,12.513959063279053,-27.5026449967531
0.075,11.099980127800233,-5.778809156529525,-0.5532114355289677,12.546435635925835,-10.546768692271263,-6.767626479396313,12.514159744271668,-27.50213308339297
0.07505,11.100217327957338,-5.778797959240168,-0.5536845923823046,12.546413300046067,-10.546532735575033,-6.767615340805898,12.514364969170536,-27.501586117402468
0.0751,11.100461912295657,-5.778781783494267,-0.5541571320950738,12.546382048321655,-10.546304780200582,-6.767600264827395,12.514574446123678,-27.501003340954227
0.07515000000000001,11.100713687905213,-5.77876035423176,-0.5546287190663831,12.546341910355105,-10.546084968838832,-6.7675815561233446,12.514787877246938,-27.500384047254816
0.0752,11.100972451640715,-5.7787334038628195,-0.5550990190499956,12.546292928383032,-10.545873432590717,-6.767559524520215,12.515004959048401,-27.49972758154324
0.07525,11.101237990410686,-5.778700672648354,-0.5555676996298676,12.54623515721617,-10.545670290780821,-6.767534484567821,12.51522538286083,-27.499033342012112
0.0753,11.10151008148084,-5.778661909069362,-0.5560344306935533,12.546168664161337,-10.545475650787285,-6.767506755091975,12.515448835281532,-27.49830078065278
0.07535,11.101788492790671,-5.778616870184961,-0.5564988849015428,12.546093528925672,-10.545289607889124,-6.767476658740707,12.515674998618554,-27.49752940402582
0.07540000000000001,11.10207298328372,-5.778565321977816,-0.5569607381529638,12.546009843503246,-10.545112245130758,-6.767444521525427,12.515903551343104,-27.49671877395091
0.07545,11.10236330325084,-5.7785070396868585,-0.5574196700469517,12.545917712044169,-10.544943633203886,-6.767410672357311,12.516134168547472,-27.495868508117095
0.0755,11.102659194684996,-5.778441808127293,-0.5578753643379559,12.545817250706436,-10.544783830347042,-6.7673754425791435,12.51636652240724,-27.494978280616625
0.07555,11.102960391648136,-5.778369421996445,-0.5583275093855075,12.545708587490754,-10.544632882262627,-6.7673391654943105,12.516600282647476,-27.494047822395487
0.0756,11.10326662064956,-5.778289686166046,-0.5587757985972985,12.545591862058517,-10.544490822052259,-6.767302175892471,12.516835117012748,-27.493076921624265
0.07565000000000001,11.103577601035111,-5.778202415959625,-0.559219930865614,12.545467225533041,-10.544357670169497,-6.767264809573417,12.517070691739754,-27.492065423985554
0.0757,11.103893045386076,-5.7781074374152155,-0.5596596109954795,12.545334840284722,-10.544233434390593,-6.767227402869506,12.51730667203158,-27.491013232881137
0.07575,11.104212659927839,-5.778004587533088,-0.5600945501240941,12.545194879700146,-10.544118109803742,-6.767190292167057,12.517542722533648,-27.48992030955782
0.0758,11.104536144948254,-5.777893714507366,-0.5605244661323966,12.545047527935305,-10.544011678815858,-6.767153813427936,12.51777850781064,-27.488786673147366
0.07585,11.104863195224025,-5.777774677941867,-0.5609490840467624,12.544892979653543,-10.54391411117726,-6.767118301711674,12.51801369282313,-27.487612400625753
0.07590000000000001,11.105193500454575,-5.777647349050087,-0.5613681364295985,12.544731439748745,-10.543825364024975,-6.767084090698657,12.518247943403422,-27.486397626692522
0.07595,11.105526745703731,-5.77751161083822,-0.5617813637599225,12.544563123053857,-10.543745381943808,-6.767051512215636,12.51848092673034,-27.48514254356513
0.076,11.105862611847884,-5.777367358271383,-0.5621885148029987,12.544388254035136,-10.543674097044885,-6.767020895763757,12.518712311801897,-27.483847400691978
0.07605,11.106200776029528,-5.777214498423403,-0.562589346967158,12.544207066472955,-10.54361142906237,-6.7669925680495515,12.518941769905013,-27.482512504387934
0.0761,11.106540912116762,-5.777052950608672,-0.5629836266490025,12.544019803129313,-10.543557285467761,-6.766966852520642,12.519168975082163,-27.48113821738514
0.07615000000000001,11.106882691167094,-5.776882646497146,-0.5633711295653785,12.543826715402556,-10.543511561601717,-6.766944068905413,12.519393604593917,-27.479724958307067
0.0762,11.107225781895162,-5.7767035302115595,-0.563751641072497,12.543628062969793,-10.543474140822662,-6.766924532758232,12.519615339376656,-27.47827320106298
0.07625,11.107569851143984,-5.776515558406844,-0.5641249564712081,12.543424113417608,-10.543444894672776,-6.766908555010765,12.519833864495133,-27.476783474163618
0.0763,11.107914564359026,-5.776318700331884,-0.5644908812981717,12.543215141861351,-10.543423683060851,-6.766896441529466,12.520048869589255,-27.475256359960227
0.07635,11.10825958606411,-5.776112937873154,-0.5648492316027506,12.543001430553678,-10.543410354461356,-6.766888492680524,12.520260049314103,-27.47369249380725
0.07640000000000001,11.108604580338499,-5.775898265580478,-0.5651998342086415,12.54278326848316,-10.543404746129859,-6.766885002902681,12.520467103772647,-27.472092563151076
0.07645,11.10894921129483,-5.775674690674893,-0.5655425269601234,12.542560950963143,-10.54340668433471,-6.766886260288251,12.520669738940907,-27.470457306545573
0.0765,11.109293143557124,-5.775442233038259,-0.5658771589530396,12.542334779211396,-10.543415984604083,-6.766892546173135,12.52086766708471,-27.4687875125946
0.07655,11.10963604273791,-5.775200925184597,-0.5662035907498212,12.542105059921715,-10.543432451988089,-6.766904134737118,12.521060607167202,-27.467084018823524
0.0766,11.10997757591335,-5.77495081221461,-0.5665216945767085,12.54187210482792,-10.543455881336639,-6.766921292613305,12.52124828524679,-27.465347710487997
0.07665000000000001,11.110317412097306,-5.774691951750889,-0.5668313545062562,12.541636230260297,-10.54348605759105,-6.766944278509409,12.521430434865222,-27.463579519308002
0.0767,11.110655222711985,-5.774424413856211,-0.5671324666219855,12.541397756695583,-10.543522756089997,-6.766973342839373,12.521606797424834,-27.46178042214181
0.07675,11.110990682055021,-5.7741482809341695,-0.5674249391658344,12.541157008301314,-10.543565742889186,-6.767008727367141,12.521777122554472,-27.45995143959719
0.07680000000000001,11.111323467763153,-5.773863647611412,-0.5677086926691374,12.540914312474811,-10.543614775094014,-6.767050664863398,12.521941168463966,-27.458093634576592
0.07685,11.111653261270572,-5.773570620603485,-0.5679836600652435,12.540669999377311,-10.543669601205327,-6.767099378773823,12.522098702286316,-27.45620811076842
0.07690000000000001,11.111979748262039,-5.773269318563063,-0.5682497867851384,12.540424401464247,-10.5437299614769,-6.767155082901185,12.522249500407156,-27.45429601107929
0.07695,11.112302619120273,-5.77295987191061,-0.5685070308356028,12.540177853012368,-10.543795588284668,-6.767217981101755,12.522393348781112,-27.4523585160085
0.077,11.112621569366205,-5.7726424226494535,-0.5687553628582445,12.539930689644072,-10.543866206507959,-6.767288266994618,12.522530043234681,-27.45039684197565
0.07705000000000001,11.11293630009223,-5.772317124163342,-0.5689947661718484,12.539683247849943,-10.54394153392038,-6.7673661236866005,12.522659389754914,-27.448412239593313
0.0771,11.113246518387356,-5.771984140998293,-0.5692252367961222,12.539435864510207,-10.544021281591235,-6.767451723511911,12.522781204763762,-27.446405991894384
0.07715000000000001,11.113551937753687,-5.771643648628985,-0.569446783456643,12.53918887641548,-10.544105154297045,-6.76754522778649,12.52289531537767,-27.444379412516287
0.0772,11.113852278514434,-5.771295833208231,-0.5696594275735246,12.53894261978758,-10.544192850940906,-6.767646786579351,12.52300155965203,-27.442333843835556
0.07725,11.114147268211013,-5.770940891303342,-0.5698632032296518,12.538697429801662,-10.544284064981357,-6.767756538498321,12.523099786809947,-27.44027065507355
0.07730000000000001,11.114436641990945,-5.770579029615985,-0.5700581571226933,12.53845364010953,-10.544378484868256,-6.767874610493547,12.523189857455437,-27.438191240355565
0.07735,11.114720142984828,-5.7702104646878265,-0.5702443484990312,12.538211582364758,-10.544475794485795,-6.76800111767693,12.523271643770471,-27.436097016736483
0.07740000000000001,11.11499752267132,-5.769835422593216,-0.5704218490688739,12.537971585750936,-10.544575673602449,-6.76813616315772,12.52334502969558,-27.433989422200032
0.07745,11.115268541230831,-5.769454138617231,-0.5705907429045949,12.537733976513652,-10.544677798326237,-6.768279837896422,12.523409911093832,-27.4318699136234
0.0775,11.115532967886775,-5.769066856920859,-0.5707511263212436,12.53749907749622,-10.544781841565529,-6.76843222057536,12.523466195898024,-27.429739964716685
0.07755000000000001,11.115790581233828,-5.768673830193738,-0.570903107739535,12.53726720768011,-10.54488747349429,-6.768593377486374,12.523513804240757,-27.427601063940006
0.0776,11.116041169552835,-5.7682753192947605,-0.5710468075316899,12.537038681731284,-10.544994362021141,-6.768763362436523,12.52355266856728,-27.42545471240017
0.07765,11.116284531111999,-5.767871592880892,-0.5711823578501973,12.536813809552743,-10.545102173261805,-6.76894221667185,12.523582733730882,-27.423302421728977
0.0777,11.116520474453832,-5.767462927025138,-0.5713099024396249,12.53659289584358,-10.54521057201421,-6.76912996881844,12.523603957070849,-27.421145711947993
0.07775,11.116748818667507,-5.767049604823656,-0.571429596432419,12.5363762396656,-10.545319222235094,-6.769326634841943,12.523616308472649,-27.418986109320382
0.07780000000000001,11.116969393646043,-5.766631915993502,-0.5715416061278107,12.53616413401816,-10.545427787518227,-6.769532218024657,12.52361977041054,-27.41682514419696
0.07785,11.117182040328382,-5.766210156460192,-0.5716461087554457,12.535956865421314,-10.545535931572932,-6.769746708961122,12.523614337972269,-27.41466434885296
0.0779,11.117386610925719,-5.765784627936719,-0.5717432922233576,12.535754713508297,-10.54564331870236,-6.769970085571578,12.523600018866054,-27.412505255323296
0.07795,11.117582969131506,-5.765355637494805,-0.5718333548503785,12.5355579506279,-10.545749614281124,-6.770202313133094,12.523576833409697,-27.41034939324076
0.078,11.117770990315512,-5.764923497127773,-0.5719165050842641,12.535366841456915,-10.545854485231242,-6.7704433443291405,12.523544814501886,-27.408198287673574
0.07805000000000001,11.117950561701253,-5.764488523306397,-0.5719929612054403,12.535181642623309,-10.54595760049581,-6.770693119316915,12.523504007575692,-27.40605345696926
0.0781,11.118121582526213,-5.764051036529212,-0.572062951016186,12.535002602341288,-10.546058631510025,-6.770951565812076,12.523454470534423,-27.403916410611963
0.07815,11.118283964185174,-5.76361136086655,-0.5721267115166558,12.534829960058367,-10.546157252668518,-6.771218599191819,12.523396273669821,-27.401788647089397
0.0782,11.118437630356471,-5.763169823499114,-0.572184488568001,12.534663946114454,-10.546253141788473,-6.771494122615343,12.52332949956271,-27.39967165177306
0.07825,11.118582517110353,-5.7627267542529115,-0.5722365365423323,12.534504781414112,-10.546345980568024,-6.771778027161198,12.523254242966335,-27.39756689482071
0.07830000000000001,11.118718572999985,-5.762282485130132,-0.5722831179610882,12.534352677112723,-10.546435455038896,-6.772070191982587,12.523170610672535,-27.39547582909824
0.07835,11.118845759134503,-5.7618373498370214,-0.5723245031212493,12.534207834316282,-10.546521256013255,-6.772370484479259,12.523078721360823,-27.393399888126275
0.0784,11.11896404923448,-5.761391683308939,-0.5723609697110641,12.534070443795102,-10.546603079523415,-6.772678760486166,12.522978705430676,-27.391340484051554
0.07845,11.119073429669282,-5.7609458212340146,-0.5723928024151489,12.533940685712562,-10.546680627254135,-6.772994864478551,12.52287070481729,-27.389299005649693
0.0785,11.119173899476358,-5.760500099575884,-0.5724202925092329,12.533818729368983,-10.546753606967123,-6.773318629793097,12.522754872790973,-27.38727681636125
0.07855000000000001,11.119265470362715,-5.760054854095473,-0.5724437374460196,12.533704732960624,-10.546821732916692,-6.7736498788651565,12.52263137374048,-27.385275252360298
0.0786,11.119348166688317,-5.7596104198732725,-0.5724634404322311,12.533598843354504,-10.546884726256083,-6.773988423481229,12.522500382940606,-27.38329562066186
0.07865,11.119422025431314,-5.759167130833023,-0.5724797099970309,12.533501195879522,-10.546942315434283,-6.7743340650465,12.522362086304424,-27.38133919727207
0.0787,11.119487096135508,-5.758725319266393,-0.5724928595532939,12.533411914133817,-10.546994236582213,-6.7746865948674175,12.522216680120334,-27.37940722537847
0.07875,11.119543440839943,-5.758285315360161,-0.5725032069519232,12.533331109808799,-10.547040233888017,-6.775045794448636,12.522064370774455,-27.377500913586793
0.07880000000000001,11.119591133990475,-5.757847446727087,-0.5725110740293504,12.533258882530601,-10.547080059961122,-6.775411435803513,12.521905374458843,-27.37562143420925
0.07885,11.11963026233403,-5.7574120379395595,-0.5725167861500765,12.533195319718407,-10.547113476183954,-6.775783281778848,12.521739916865632,-27.373769921599134
0.0789,11.11966092479511,-5.756979410067934,-0.5725206717435539,12.533140496459911,-10.547140253051554,-6.776161086391975,12.521568232867693,-27.37194747054044
0.07895,11.119683232335086,-5.75654988022394,-0.5725230618371216,12.533094475404688,-10.547160170497962,-6.776544595180749,12.521390566186342,-27.370155134692823
0.079,11.11969730779444,-5.756123761109709,-0.5725242895852487,12.53305730667543,-10.547173018209195,-6.7769335455657185,12.52120716904655,-27.36839392509384
0.07905000000000001,11.11970328571793,-5.755701360572894,-0.5725246897953965,12.533029027796395,-10.547178595922533,-6.777327667223504,12.521018301819817,-27.36666480872041
0.0791,11.119701312163246,-5.755282981168466,-0.5725245984519088,12.533009663639785,-10.547176713711334,-6.777726682471319,12.520824232655468,-27.364968707110723
0.07915,11.119691544493312,-5.754868919728483,-0.5725243522382066,12.532999226390462,-10.547167192255102,-6.778130306661985,12.520625237101099,-27.363306495051486
0.0792,11.119674151152358,-5.75445946694,-0.5725242880576473,12.532997715528717,-10.547149863094711,-6.778538248588718,12.520421597712327,-27.361678999330998
0.07925,11.119649311426233,-5.754054906931375,-0.5725247425541856,12.533005117830688,-10.547124568872047,-6.778950210899314,12.520213603652413,-27.36008699755812
0.07930000000000001,11.119617215187644,-5.7536555168677195,-0.5725260516340627,12.5330214073871,-10.547091163553583,-6.779365890519379,12.520001550282641,-27.358531217048768
0.07935,11.119578062625733,-5.753261566557507,-0.5725285499872346,12.533046545640408,-10.547049512638495,-6.7797849790829074,12.519785738743902,-27.357012333789385
0.0794,11.119532063961548,-5.752873318068066,-0.5725325706118586,12.533080481439596,-10.54699949334969,-6.780207163371528,12.519566475529752,-27.355530971464933
0.07945,11.119479439148906,-5.752491025353223,-0.572538444340296,12.533123151112953,-10.546940994808606,-6.780632125759733,12.519344072052043,-27.354087700565817
0.0795,11.119420417561464,-5.752114933892295,-0.5725464993684577,12.533174478558909,-10.546873918193008,-6.781059544666611,12.51911884419944,-27.35268303756876
0.07955000000000001,11.119355237666735,-5.751745280340253,-0.5725570607895386,12.533234375354183,-10.546798176877198,-6.78148909501393,12.518891111889385,-27.351317444189505
0.0796,11.119284146686507,-5.751382292191505,-0.5725704501308895,12.533302740879456,-10.546713696555615,-6.781920448687952,12.518661198614167,-27.349991326718442
0.07965,11.1192074002453,-5.75102618745644,-0.5725869848968278,12.533379462462653,-10.546620415348471,-6.782353275006211,12.51842943098213,-27.348705035432356
0.07970000000000001,11.119125262007008,-5.750677174350714,-0.5726069781175711,12.533464415539147,-10.546518283889437,-6.782787241188432,12.518196138254135,-27.34745886408194
0.07975,11.119038003299355,-5.750335450999543,-0.5726307379030037,12.53355746382869,-10.54640726539635,-6.783222012829146,12.517961651875972,-27.34625304946521
0.07980000000000001,11.118945902728205,-5.750001205155427,-0.5726585670049336,12.533658459529146,-10.546287335723274,-6.783657254373721,12.51772630500784,-27.345087771076134
0.07985,11.118849245781373,-5.749674613931215,-0.5726907623866367,12.533767243527029,-10.546158483394736,-6.78409262959581,12.517490432051389,-27.343963150837162
0.0799,11.118748324422148,-5.749355843548749,-0.5727276147996588,12.533883645623812,-10.546020709622484,-6.784527802075063,12.517254368174696,-27.342879252916205
0.07995000000000001,11.11864343667441,-5.749045049101338,-0.572769408371196,12.534007484777828,-10.545874028303212,-6.78496243567649,12.51701844883595,-27.341836083617117
0.08,11.118534886198319,-5.748742374334277,-0.5728164201989971,12.53413856936203,-10.545718465999322,-6.7853961950277535,12.516783009306966,-27.34083359136306
0.08005000000000001,11.11842298185869,-5.748447951439972,-0.5728689199578864,12.534276697436804,-10.545554061900805,-6.78582874599683,12.516548384196733,-27.339871666754437
0.0801,11.118308037285626,-5.748161900869592,-0.5729271695162246,12.534421657037063,-10.5453808677694,-6.786259756167473,12.51631490697557,-27.338950142710175
0.08015,11.118190370428094,-5.7478843311623145,-0.5729914225627684,12.534573226473762,-10.545198947865321,-6.786688895311444,12.516082909500929,-27.338068794695374
0.08020000000000001,11.11807030310197,-5.747615338790557,-0.573061924246377,12.534731174649265,-10.54500837885559,-6.787115835858707,12.515852721545519,-27.337227341025653
0.08025,11.117948160532123,-5.747355008022579,-0.5731389108271877,12.534895261385978,-10.544809249704935,-6.787540253363401,12.51562467032796,-27.336425443254846
0.08030000000000001,11.117824270889663,-5.747103410802762,-0.5732226093402463,12.53506523776789,-10.544601661549414,-6.787961826965127,12.515399080047107,-27.335662706645
0.08035,11.117698964825243,-5.746860606649338,-0.5733132372727184,12.53524084649469,-10.544385727552523,-6.788380239845351,12.515176271420803,-27.334938680716004
0.0804,11.117572574998762,-5.746626642569513,-0.5734110022546265,12.535421822247741,-10.544161572744136,-6.788795179678229,12.514956561229223,-27.334252859873924
0.08045000000000001,11.117445435605923,-5.746401552992725,-0.5735161017631151,12.5356078920674,-10.543929333842806,-6.789206339074674,12.514740261863697,-27.33360468412025
0.0805,11.117317881903094,-5.746185359721595,-0.5736287228419649,12.535798775741405,-10.543689159061127,-6.789613416019811,12.514527680881972,-27.332993539837233
0.08055000000000001,11.117190249730449,-5.745978071901371,-0.5737490418353715,12.53599418620376,-10.543441207895073,-6.790016114302387,12.514319120570368,-27.332418760652775
0.0806,11.117062875034112,-5.745779686006568,-0.5738772241371305,12.536193829942876,-10.543185650896978,-6.790414143936307,12.514114877512808,-27.33187962837802
0.08065,11.116936093388393,-5.745590185845849,-0.5740134239554902,12.536397407419056,-10.542922669432897,-6.790807221573208,12.513915242168205,-27.331375374019817
0.08070000000000001,11.116810239518404,-5.745409542585513,-0.5741577840936369,12.536604613490782,-10.542652455424761,-6.7911950709052675,12.513720498456639,-27.330905178868885
0.08075,11.116685646823978,-5.745237714790285,-0.5743104357467455,12.536815137848764,-10.542375211077236,-6.79157742305848,12.513530923354564,-27.330468175656545
0.08080000000000001,11.116562646905294,-5.745074648481921,-0.5744714983152654,12.537028665457067,-10.542091148590027,-6.7919540169751444,12.513346786499593,-27.330063449781303
0.08085,11.116441569091112,-5.744920277216306,-0.5746410792348267,12.537244877001246,-10.541800489856284,-6.7923245997849415,12.513168349806053,-27.329690040606135
0.0809,11.116322739970409,-5.744774522177909,-0.5748192738235935,12.537463449342658,-10.541503466146812,-6.7926889271647495,12.51299586709145,-27.32934694282032
0.08095000000000001,11.1162064829278,-5.744637292291673,-0.575006165146765,12.537684055978055,-10.541200317781035,-6.79304676368638,12.51282958371424,-27.329033107865236
0.081,11.116093117683363,-5.744508484352856,-0.5752018238980244,12.537906367503945,-10.540891293785336,-6.793397883151089,12.512669736223737,-27.32874744542509
0.08105,11.11598295983817,-5.744387983173689,-0.575406308299477,12.538130052085345,-10.540576651538695,-6.793742068911656,12.512516552022733,-27.328488824975036
0.0811,11.115876320425171,-5.744275661747474,-0.5756196640185196,12.538354775927806,-10.54025665640665,-6.79407911418033,12.512370249042881,-27.328256077390236
0.08115,11.115773505466757,-5.74417138142906,-0.5758419241029998,12.538580203752224,-10.539931581363755,-6.794408822323167,12.512231035433503,-27.32804799660849
0.08120000000000001,11.115674815539673,-5.744074992132093,-0.5760731089344726,12.538805999271858,-10.539601706605199,-6.794731007139762,12.512099109264609,-27.327863341346813
0.08125,11.115580545347369,-5.7439863325427805,-0.5763132261989555,12.539031825670735,-10.539267319148415,-6.795045493127956,12.511974658244124,-27.32770083687062
0.0813,11.115490983300607,-5.7439052303489895,-0.576562270875955,12.539257346082556,-10.538928712424651,-6.795352115733567,12.511857859449472,-27.327559176808997
0.08135,11.115406411107301,-5.743831502485272,-0.5768202252457557,12.539482224069891,-10.538586185861547,-6.79565072158462,12.51174887907472,-27.327437025016398
0.0814,11.11532710337182,-5.74376495539366,-0.5770870589144523,12.539706124102867,-10.538240044457366,-6.7959411687092075,12.511647872193354,-27.327333017479564
0.08145000000000001,11.115253327204242,-5.743705385298701,-0.5773627288571946,12.539928712036318,-10.537890598347044,-6.796223326737619,12.511554982536513,-27.32724576426249
0.0815,11.115185341840341,-5.743652578497122,-0.5776471794793533,12.54014965558497,-10.537538162360988,-6.7964970770878494,12.511470342287472,-27.327173851489142
0.08155,11.115123398272896,-5.74360631166229,-0.5779403426954343,12.540368624796276,-10.53718305557746,-6.796762313133987,12.511394071893049,-27.327115843363536
0.0816,11.115067738894885,-5.743566352161607,-0.5782421380264378,12.540585292519843,-10.536825600868445,-6.797018940358239,12.511326279891547,-27.32707028421818
0.08165,11.115018597154407,-5.743532458387602,-0.5785524727139131,12.540799334872741,-10.536466124440489,-6.797266876485139,12.511267062757483,-27.32703570059434
0.08170000000000001,11.114976197222758,-5.7435043801015535,-0.5788712418520491,12.541010431700201,-10.536104955370709,-6.797506051598649,12.511216504763803,-27.327010603346324
0.08175,11.114940753675794,-5.743481858789455,-0.5791983285372073,12.54121826703117,-10.535742425138588,-6.797736408241714,12.51117467786165,-27.326993489768604
0.0818,11.11491247118841,-5.743464628029842,-0.5795336040339061,12.541422529527702,-10.535378867154503,-6.797957901497862,12.511141641577302,-27.32698284574419
0.08185,11.114891544243394,-5.743452413872627,-0.5798769279579906,12.541622912927798,-10.535014616285405,-6.798170499055168,12.511117442927013,-27.326977147907975
0.0819,11.11487815685496,-5.743444935228736,-0.5802281484764706,12.541819116481022,-10.53465000837849,-6.798374181252287,12.511102116349948,-27.326974865823534
0.08195000000000001,11.114872482306788,-5.7434419042700755,-0.5805871025232503,12.542010845376337,-10.534285379783537,-6.798568941106261,12.51109568365881,-27.326974464171773
0.082,11.114874682905308,-5.7434430268389605,-0.580953616030819,12.54219781116135,-10.53392106687449,-6.798754784322389,12.511098154008483,-27.326974404946142
0.08205,11.114884909749238,-5.743448002866127,-0.5813275041785411,12.542379732152693,-10.533557405570695,-6.798931729286566,12.511109523883093,-27.32697314964878
0.0821,11.114903302514366,-5.743456526798265,-0.5817085716548781,12.542556333836782,-10.533194730859487,-6.799099807038517,12.51112977710112,-27.326969161493317
0.08215,11.114929989255044,-5.743468288032125,-0.5820966129356938,12.542727349260213,-10.53283337631935,-6.799259061228089,12.511158884838439,-27.32696090759925
0.08220000000000001,11.114965086221853,-5.743482971356598,-0.5824914125762684,12.542892519409556,-10.53247367364558,-6.7994095480529575,12.51119680566947,-27.326946861184577
0.08225,11.1150086976965,-5.743500257401312,-0.5828927455179885,12.543051593579873,-10.53211595217851,-6.7995513361785616,12.51124348562675,-27.326925503748512
0.0823,11.115060915843683,-5.743519823090373,-0.5833003774090255,12.543204329731331,-10.531760538434654,-6.799684506640961,12.51129885827798,-27.326895327239104
0.08235,11.115121820579494,-5.743541342102441,-0.5837140649368417,12.543350494833428,-10.531407755642652,-6.799809152730989,12.511362844820797,-27.326854836211464
0.0824,11.11519147945791,-5.743564485334847,-0.5841335561744871,12.543489865196491,-10.531057923283422,-6.799925379861645,12.511435354195516,-27.32680254996391
0.08245000000000001,11.11526994757506,-5.743588921371244,-0.5845585909396639,12.54362222678988,-10.5307113566354,-6.800033305418634,12.511516283215386,-27.326737004650578
0.0825,11.115357267490191,-5.743614316953737,-0.5849889011637195,12.543747375546412,-10.530368366326469,-6.800133058592672,12.51160551671379,-27.326656755376497
0.08255,11.115453469165312,-5.743640337456414,-0.5854242112734744,12.543865117652585,-10.530029257891835,-6.80022478019617,12.511702927708745,-27.326560378258375
0.0826,11.115558569922852,-5.743666647361296,-0.5858642385834202,12.54397526982432,-10.529694331339428,-6.800308622463025,12.51180837758459,-27.32644647245662
0.08265,11.115672574420586,-5.743692910736246,-0.5863086936971136,12.544077659567721,-10.529363880723473,-6.800384748831474,12.511921716289939,-27.326313662178165
0.08270000000000001,11.115795474645376,-5.743718791711908,-0.5867572809197861,12.544172125424362,-10.529038193725587,-6.800453333712455,12.512042782551982,-27.326160598634925
0.08275,11.115927249924345,-5.743743954960386,-0.5872096986781438,12.544258517201072,-10.528717551246201,-6.800514562240685,12.512171404107066,-27.325985961971742
0.0828,11.116067866954632,-5.743768066171752,-0.5876656399499844,12.544336696183539,-10.528402227004646,-6.8005686300117905,12.51230739794686,-27.325788463145468
0.08285000000000001,11.11621727985063,-5.743790792529419,-0.5881247927009677,12.544406535333614,-10.528092487149662,-6.800615742804198,12.51245057057951,-27.325566845761628
0.0829,11.116375430209068,-5.743811803184181,-0.588586840327857,12.544467919470051,-10.527788589881204,-6.800656116285867,12.512600718306079,-27.325319887867153
0.08295000000000001,11.116542247192474,-5.743830769724343,-0.5890514621096012,12.544520745432317,-10.527490785082872,-6.800689975707975,12.5127576275115,-27.325046403687445
0.083,11.116717647629683,-5.743847366642906,-0.5895183336632397,12.544564922227341,-10.527199313966443,-6.800717555584433,12.512921074969341,-27.324745245314574
0.08305,11.116901536133904,-5.743861271800798,-0.5899871274049744,12.54460037115891,-10.52691440872893,-6.800739099358116,12.513090828160301,-27.324415304341372
0.08310000000000001,11.11709380523866,-5.7438721668850015,-0.5904575130164104,12.54462702593967,-10.526636292222248,-6.800754859054666,12.513266645604256,-27.324055513436075
0.08315,11.117294335550685,-5.743879737861237,-0.5909291579146156,12.544644832785357,-10.52636517763607,-6.80076509492412,12.51344827720482,-27.3236648478581
0.08320000000000001,11.117502995919445,-5.743883675420896,-0.591401727724744,12.544653750491378,-10.526101268194699,-6.800770075070482,12.51363546460598,-27.32324232691438
0.08325,11.11771964362386,-5.743883675420922,-0.5918748867558723,12.54465375049138,-10.525844756867988,-6.8007700750704565,12.513827941560757,-27.322787015349757
0.0833,11.117944124575613,-5.743879439316333,-0.5923482984788689,12.5446448168979,-10.525595826096746,-6.80076537758157,12.514025434311149,-27.322298024671607
0.08335000000000001,11.118176273538106,-5.7438706745851595,-0.5928216260047611,12.544626946524984,-10.525354647533343,-6.8007562719398225,12.514227661978389,-27.321774514409615
0.0834,11.118415914361556,-5.7438570951442545,-0.5932945325642138,12.544600148892679,-10.525121381797339,-6.800743053748423,12.51443433696335,-27.321215693303593
0.08345000000000001,11.118662860233648,-5.7438384217564735,-0.5937666819864131,12.544564446213503,-10.524896178247234,-6.800726024457029,12.514645165356667,-27.320620820422477
0.0835,11.118916913945291,-5.743814382427786,-0.5942377391773386,12.544519873360851,-10.524679174767954,-6.800705490933063,12.51485984735758,-27.31998920620984
0.08355,11.119177868170997,-5.74378471279406,-0.5947073705964258,12.544466477819364,-10.524470497574574,-6.800681765025305,12.515078077700933,-27.319320213455764
0.08360000000000001,11.119445505763737,-5.743749156497354,-0.5951752447307933,12.544404319617426,-10.524270261032946,-6.800655163120071,12.515299546092113,-27.318613258194844
0.08365,11.119719600063963,-5.743707465550452,-0.5956410325669503,12.544333471241739,-10.524078567497012,-6.800626005691283,12.51552393764906,-27.317867810525968
0.08370000000000001,11.119999915221868,-5.743659400689538,-0.5961044080587916,12.54425401753425,-10.523895507163076,-6.80059461684471,12.515750933350489,-27.3170833953553
0.08375,11.120286206532786,-5.743604731714773,-0.5965650485911601,12.544166055571477,-10.523721157941624,-6.800561323856702,12.515980210490094,-27.31625959306201
0.0838,11.120578220785552,-5.743543237817626,-0.5970226354390743,12.5440696945264,-10.523555585346479,-6.800526456708776,12.516211443136077,-27.315396040082316
0.08385000000000001,11.120875696622708,-5.743474707894819,-0.5974768542212354,12.543965055513121,-10.523398842401471,-6.800490347618307,12.516444302594929,-27.31449242941389
0.0839,11.121178364911968,-5.743398940848958,-0.5979273953467841,12.543852271414673,-10.523250969565183,-6.800453330565717,12.51667845787895,-27.313548511042097
0.08395000000000001,11.121485949129474,-5.743315745874198,-0.59837395445622,12.54373148669388,-10.523111994673252,-6.800415740819682,12.516913576177268,-27.312564092280432
0.084,11.121798165753074,-5.743224942727926,-0.5988162328541262,12.543602857187905,-10.522981932898947,-6.800377914459978,12.517149323329198,-27.31153903803287
0.08405,11.122114724665447,-5.743126361987068,-0.5992539379340075,12.543466549886555,-10.52286078673144,-6.8003401878994865,12.517385364299159,-27.310473270973
0.08410000000000001,11.12243532956685,-5.7430198452889964,-0.5996867835945642,12.543322742694803,-10.522748545972277,-6.800302897405809,12.517621363652923,-27.30936677164038
0.08415,11.1227596783966,-5.742905245556974,-0.6001144906465381,12.543171624179687,-10.522645187750063,-6.8002663786227115,12.517856986034433,-27.308219578455837
0.08420000000000001,11.123087463762692,-5.742782427209302,-0.6005367872098463,12.543013393302076,-10.522550676552846,-6.800230966092772,12.518091896642185,-27.307031787653617
0.08425,11.123418373379009,-5.742651266352102,-0.6009534091004224,12.542848259133724,-10.522464964278587,-6.800196992781618,12.518325761704762,-27.30580355313147
0.0843,11.123752090509518,-5.742511650955757,-0.6013641002057967,12.542676440559834,-10.52238799030372,-6.800164789604076,12.518558248954928,-27.304535086219968
0.08435000000000001,11.124088294418954,-5.742363481014129,-0.6017686128496248,12.542498165967679,-10.522319681569332,-6.800134684953551,12.518789028101459,-27.303226655368775
0.0844,11.124426660829025,-5.742206668686743,-0.6021667081440585,12.542313672921743,-10.522259952684966,-6.800107004235002,12.519017771297959,-27.301878585752643
0.08445,11.124766862379605,-5.742041138423985,-0.6025581563293576,12.542123207825773,-10.52220870605025,-6.800082069401791,12.519244153608186,-27.300491258798605
0.0845,11.125108569094738,-5.741866827074174,-0.6029427371011626,12.541927025572194,-10.522165831993576,-6.800060198498019,12.519467853467255,-27.299065111630142
0.08455,11.12545144885172,-5.74168368397372,-0.6033202399234537,12.541725389179579,-10.522131208928268,-6.80004170520586,12.519688553137687,-27.297600636436997
0.08460000000000001,11.125795167853555,-5.741491671019125,-0.6036904643281042,12.541518569418578,-10.522104703525452,-6.800026898399452,12.519905939160065,-27.296098379765063
0.08465,11.126139391103957,-5.741290762720971,-0.6040532202002782,12.541306844426636,-10.522086170903679,-6.800016081705664,12.520119702797583,-27.294558941728695
0.0847,11.126483782883751,-5.74108094624039,-0.6044083280485928,12.541090499312414,-10.522075454835155,-6.800009553072023,12.520329540473748,-27.29298297514993
0.08475,11.126828007228166,-5.740862221407543,-0.6047556192601833,12.540869825750343,-10.522072387967986,-6.800007604342801,12.520535154202534,-27.29137118462389
0.0848,11.127171728405079,-5.740634600721303,-0.6050949363411732,12.54064512156565,-10.52207679206391,-6.800010520844344,12.520736252010739,-27.28972432550696
0.08485000000000001,11.127514611392412,-5.7403981093319985,-0.6054261331401698,12.54041669031068,-10.522088478252245,-6.80001858097868,12.520932548351741,-27.28804320283912
0.0849,11.127856322354669,-5.740152785005533,-0.6057490750562684,12.540184840833145,-10.522107247298402,-6.800032055827612,12.52112376450994,-27.2863286701937
0.08495,11.128196529117893,-5.739898678069445,-0.6060636392308171,12.539949886836782,-10.522132889887077,-6.800051208767335,12.521309628995478,-27.284581628458366
0.085,11.128534901642228,-5.739635851341464,-0.6063697147219852,12.53971214643505,-10.522165186920244,-6.800076295093584,12.521489877928802,-27.2828030245513
0.08505,11.128871112491478,-5.739364380039975,-0.6066672026627886,12.53947194169858,-10.52220390982869,-6.800107561658603,12.521664255414251,-27.280993850071596
0.08510000000000001,11.129204837298573,-5.739084351677445,-0.6069560164012725,12.539229598197114,-10.5222488208973,-6.800145246519671,12.521832513902224,-27.279155139890328
0.08515,11.129535755227334,-5.738795865935367,-0.6072360816243546,12.53898544453634,-10.522299673602976,-6.800189578600974,12.521994414539583,-27.27728797067571
0.0852,11.129863549428745,-5.738499034522693,-0.6075073364632553,12.538739811890448,-10.52235621296549,-6.800240777367755,12.522149727507673,-27.27539345936404
0.08525,11.13018790749141,-5.7381939810172815,-0.6077697315811359,12.538493033531166,-10.522418175910273,-6.800299052513885,12.522298232347405,-27.273472761575217
0.0853,11.130508521886181,-5.737880840689642,-0.6080232302438002,12.53824544435367,-10.522485291642381,-6.8003646036640255,12.522439718271123,-27.27152706996994
0.08535000000000001,11.13082509040361,-5.7375597603106625,-0.6082678083717641,12.537997380400151,-10.522557282031842,-6.800437620089488,12.522573984460807,-27.269557612558216
0.0854,11.131137316583601,-5.737230897943139,-0.6085034545741759,12.537749178381869,-10.522633862009425,-6.800518280438731,12.522700840352028,-27.267565650959682
0.08545,11.131444910137338,-5.73689442271655,-0.6087301701655231,12.537501175200218,-10.522714739971814,-6.80060675248367,12.52282010590341,-27.265552478613422
0.0855,11.131747587360193,-5.73655051458658,-0.6089479691636199,12.53725370746738,-10.52279961819657,-6.8007031928808015,12.522931611851238,-27.26351941894588
0.08555,11.132045071535222,-5.736199364079286,-0.6091568782694535,12.537007111027433,-10.522888193265768,-6.800807746948147,12.523035199948742,-27.261467823497384
0.08560000000000001,11.13233709332695,-5.7358411720197475,-0.6093569368296405,12.536761720478706,-10.522980156497312,-6.8009205484589605,12.523130723189789,-27.259399070007046
0.08565,11.132623391164362,-5.735476149246605,-0.6095481967801865,12.536517868697821,-10.523075194384175,-6.801041719451219,12.523218046016629,-27.25731456046411
0.0857,11.132903711612972,-5.735104516312247,-0.6097307225724633,12.536275886366072,-10.523172989040507,-6.801171370053828,12.523297044511521,-27.255215719124855
0.08575,11.13317780973551,-5.734726503168693,-0.60990459108194,12.536036101499127,-10.523273218653573,-6.801309598330434,12.52336760657183,-27.253103990496154
0.0858,11.133445449440126,-5.73434234884084,-0.6100698914985014,12.535798838980527,-10.523375557941627,-6.801456490139688,12.523429632068387,-27.250980837294776
0.08585000000000001,11.133706403816166,-5.7339523010866085,-0.6102267251993692,12.535564420099528,-10.523479678616797,-6.801612119012922,12.52348303298701,-27.248847738380256
0.0859,11.133960455457194,-5.733556616044013,-0.61037520560541,12.53533316209402,-10.523585249851786,-6.801776546050007,12.523527733552822,-27.246706186662024
0.08595,11.134207396770082,-5.733155557867187,-0.610515458019508,12.535105377699374,-10.523691938750574,-6.801949819832185,12.52356367033733,-27.244557686991524
0.08600000000000001,11.134447030270175,-5.732749398350821,-0.6106476194480829,12.534881374703534,-10.523799410822095,-6.802131976352714,12.523590792348015,-27.242403754036875
0.08605,11.134679168862556,-5.73233841654293,-0.6107718384067966,12.534661455509076,-10.523907330455756,-6.802323038966146,12.523609061100384,-27.240245910139716
0.08610000000000001,11.13490363610795,-5.731922898348319,-0.6108882747089078,12.534445916703113,-10.524015361399046,-6.802523018354792,12.523618450672307,-27.23808568316667
0.08615,11.135120266473805,-5.73150313612179,-0.6109970992381178,12.534235048635386,-10.52412316723569,-6.802731912513595,12.523618947740689,-27.235924604350465
0.0862,11.135328905569667,-5.731079428252324,-0.6110984937052858,12.534029135005165,-10.52423041186438,-6.802949706752843,12.523610551600218,-27.233764206127365
0.08625000000000001,11.135529410366859,-5.730652078738577,-0.6111926503899967,12.533828452457712,-10.524336759976858,-6.803176373719137,12.52359327416441,-27.231606019972197
0.0863,11.135721649402115,-5.73022139675607,-0.6112797718676132,12.53363327019089,-10.524441877534501,-6.80341187343482,12.523567139948746,-27.22945157423314
0.08635000000000001,11.13590550296417,-5.729787696218264,-0.6113600707200633,12.53344384957222,-10.524545432244105,-6.803656153353957,12.523532186036089,-27.227302391977155
0.0864,11.136080863264276,-5.729351295329453,-0.6114337692340158,12.533260443767018,-10.524647094030257,-6.803909148437566,12.523488462024233,-27.225159988835564
0.08645,11.136247634589743,-5.728912516131819,-0.6115010990851516,12.533083297378388,-10.524746535504589,-6.804170781246571,12.523436029955896,-27.223025870861047
0.08650000000000001,11.136405733439577,-5.728471684048329,-0.6115623010075398,12.53291264609937,-10.524843432432036,-6.804440962051043,12.523374964231062,-27.22090153240469
0.08655,11.136555088643567,-5.728029127419176,-0.6116176244518046,12.532748716377466,-10.52493746419176,-6.804719588958287,12.52330535150187,-27.21878845400093
0.08660000000000001,11.13669564146376,-5.727585177034296,-0.6116673272308124,12.532591725092512,-10.525028314232948,-6.805006548058221,12.523227290550185,-27.216688100272673
0.08665,11.136827345677455,-5.727140165663925,-0.6117116751517603,12.532441879248308,-10.52511567052569,-6.805301713584383,12.52314089214803,-27.214601917866453
0.0867,11.136950167643425,-5.7266944275842935,-0.6117509416390857,12.532299375677981,-10.525199226004338,-6.805604948093685,12.523046278901068,-27.212531333401994
0.08675000000000001,11.13706408634964,-5.726248298102341,-0.6117854073451711,12.532164400763966,-10.525278679004472,-6.805916102661627,12.522943585075312,-27.210477751455613
0.0868,11.137169093442996,-5.7258021130791175,-0.6118153597508241,12.532037130173029,-10.525353733692175,-6.806235017093908,12.522832956407395,-27.208442552574954
0.08685000000000001,11.137265193241463,-5.725356208451503,-0.6118410927569636,12.531917728606333,-10.525424100484496,-6.806561520154828,12.522714549898597,-27.206427091322574
0.0869,11.137352402727645,-5.724910919754855,-0.6118629062658475,12.531806349565157,-10.525489496461796,-6.806895429810299,12.52258853359287,-27.204432694361053
0.08695,11.137430751524917,-5.724466581645248,-0.6118811057550753,12.53170313513261,-10.52554964576984,-6.807236553487361,12.522455086339344,-27.20246065857171
0.08700000000000001,11.137500281855107,-5.724023527423788,-0.6118960018427677,12.531608215771623,-10.525604280012338,-6.8075846883478315,12.522314397539445,-27.200512249219116
0.08705,11.137561048478359,-5.72358208856262,-0.6119079098454908,12.53152171013923,-10.525653138632865,-6.80793962157661,12.522166666879068,-27.198588698158463
0.08710000000000001,11.137613118615478,-5.72314259423288,-0.6119171493302544,12.531443724917764,-10.525695969285229,-6.808301130684883,12.522012104046148,-27.196691202086118
0.08715,11.137656571852203,-5.722705370836841,-0.6119240436596638,12.53137435466319,-10.525732528192538,-6.808668983826352,12.521850928434157,-27.194820920843725
0.0872,11.137691500025783,-5.722270741543872,-0.6119289195315961,12.53131368167054,-10.525762580494185,-6.809042940126669,12.52168336883167,-27.192978975773347
0.08725000000000001,11.137718007094865,-5.7218390258297225,-0.6119321065154685,12.531261775856676,-10.525785900579393,-6.8094227500269495,12.521509663098664,-27.191166448119674
0.0873,11.13773620899104,-5.721410539023183,-0.611933936582262,12.531218694660945,-10.525802272408773,-6.809808155637761,12.521330057829944,-27.189384377499152
0.08735000000000001,11.137746233454207,-5.72098559185709,-0.6119347436329161,12.53118448296358,-10.525811489821288,-6.810198891106489,12.521144808006166,-27.187633760419157
0.0874,11.137748219850934,-5.720564490026103,-0.6119348630234536,12.531159173021702,-10.525813356827483,-6.810594682995602,12.520954176632875,-27.185915548858855
0.08745,11.13774231897612,-5.720147533752003,-0.6119346310877619,12.531142784423531,-10.525807687888362,-6.810995250671529,12.520758434368132,-27.184230648914184
0.08750000000000001,11.137728692838357,-5.719735017357059,-0.6119343846589025,12.53113532406062,-10.525794308179451,-6.811400306703564,12.52055785913932,-27.18257991950825
0.08755,11.137707514429737,-5.719327228844813,-0.6119344605905097,12.531136786118022,-10.525773053839227,-6.81180955727321,12.520352735749514,-27.18096417116313
0.0876,11.137678967479655,-5.718924449490563,-0.6119351952773604,12.531147152082509,-10.525743772202292,-6.81222270259195,12.520143355473994,-27.17938416484321
0.08765,11.137643246193313,-5.71852695344155,-0.611936924176597,12.531166390768963,-10.525706322016719,-6.812639437327411,12.519930015647574,-27.17784061086863
0.0877,11.137600554975768,-5.718135007326596,-0.611939981331084,12.531194458364707,-10.525660573644682,-6.813059451038112,12.51971301924331,-27.17633416789621
0.08775000000000001,11.137551108140938,-5.71774886987696,-0.6119446988938712,12.53123129849171,-10.525606409247064,-6.8134824286147495,12.51949267444295,-27.174865441976205
0.0878,11.137495129606856,-5.717368791558192,-0.6119514066558885,12.531276842286804,-10.525543722950971,-6.813908050728609,12.519269294200042,-27.173434985681396
0.08785,11.137432852577009,-5.7169950142142305,-0.6119604315764735,12.531331008499706,-10.525472421000535,-6.814335994285474,12.519043195796236,-27.172043297314026
0.0879,11.137364519208814,-5.716627770722877,-0.6119720973188078,12.531393703608538,-10.525392421890007,-6.814765932885659,12.518814700391223,-27.170690820184845
0.08795,11.137290380269047,-5.716267284664687,-0.611986723789223,12.531464821952794,-10.525303656479824,-6.815197537288107,12.518584132567119,-27.16937794197311
0.08800000000000001,11.137210694777025,-5.715913770005296,-0.6120046266819181,12.531544245883854,-10.525206068095105,-6.8156304758785575,12.518351819867977,-27.16810499416596
0.08805,11.1371257296364,-5.715567430790639,-0.6120261170304218,12.531631845932301,-10.525099612605976,-6.816064415141662,12.518118092334957,-27.16687225157328
0.0881,11.13703575925536,-5.715228460856792,-0.6120515007648701,12.531727480992009,-10.52498425849049,-6.816499020135219,12.517883282037745,-27.16567993192559
0.08815,11.136941065156176,-5.714897043554518,-0.6120810782765836,12.531830998520938,-10.524859986879589,-6.816933954966417,12.517647722603083,-27.164528195553427
0.0882,11.136841935575003,-5.714573351488118,-0.6121151439913114,12.531942234758148,-10.52472679158369,-6.817368883270031,12.517411748741036,-27.16341714514479
0.08825000000000001,11.13673866505175,-5.71425754627001,-0.6121539859501317,12.532061014956659,-10.524584679101618,-6.81780346868665,12.517175695769488,-27.16234682558693
0.0883,11.136631554010924,-5.713949778291,-0.612197885399426,12.532187153631963,-10.524433668611493,-6.818237375340961,12.516939899137629,-27.161317223890535
0.08835,11.13652090833456,-5.713650186505982,-0.6122471163913575,12.532320454825904,-10.5242737919432,-6.8186702683199245,12.516704693949308,-27.160328269192988
0.0884,11.13640703892703,-5.713358898236538,-0.6123019453937839,12.532460712385454,-10.52410509353325,-6.819101814148915,12.51647041448675,-27.159379832847286
0.08845,11.136290261272588,-5.713076028989953,-0.6123626309108888,12.532607710255858,-10.523927630361701,-6.819531681265906,12.516237393735159,-27.15847172859287
0.08850000000000001,11.136170894986869,-5.71280168229447,-0.612429423116046,12.532761222788064,-10.52374147187082,-6.819959540493594,12.51600596290922,-27.15760371280527
0.08855,11.136049263362162,-5.712535949552386,-0.6125025634957099,12.532921015059753,-10.52354669986645,-6.82038506550737,12.51577645098207,-27.156775484831517
0.0886,11.135925692907408,-5.712278909910172,-0.6125822845056166,12.533086843209498,-10.523343408401782,-6.8208079332993234,12.515549184217203,-27.15598668740613
0.08865,11.135800512883927,-5.712030630145398,-0.6126688092406605,12.533258454783603,-10.52313170364327,-6.821227824638206,12.515324485704122,-27.15523690714477
0.0887,11.135674054837043,-5.711791164572097,-0.6127623511173326,12.533435589095358,-10.522911703719707,-6.821644424523259,12.515102674898625,-27.15452567512193
0.08875000000000001,11.13554665212428,-5.711560554963669,-0.6128631135698395,12.53361797759576,-10.52268353855444,-6.822057422632089,12.514884067167907,-27.153852467527734
0.0888,11.135418639441374,-5.711338830492918,-0.6129712897612116,12.533805344255436,-10.522447349680165,-6.822466513762521,12.514668973341427,-27.153216706399583
0.08885,11.135290352346065,-5.711126007690912,-0.6130870623082086,12.533997405957356,-10.522203290037854,-6.822871398266441,12.51445769926827,-27.152617760435827
0.0889,11.135162126780857,-5.710922090423376,-0.6132106030217356,12.534193872899548,-10.521951523759121,-6.823271782476173,12.514250545381472,-27.152054945883606
0.08895,11.135034298594935,-5.7107270698853885,-0.6133420726620229,12.534394449007268,-10.521692225932911,-6.823667379121877,12.514047806269854,-27.15152752750386
0.08900000000000001,11.134907203066659,-5.710540924613445,-0.6134816207104843,12.534598832354147,-10.521425582356173,-6.824057907740702,12.513849770258181,-27.151034719606685
0.08905,11.134781174426593,-5.7103636205163175,-0.6136293851568917,12.534806715591792,-10.521151789269698,-6.824443095075473,12.513656718996293,-27.15057568716301
0.0891,11.134656545381976,-5.71019511092372,-0.6137854923028871,12.53501778638697,-10.520871053079086,-6.824822675463253,12.513468927057549,-27.150149546986754
0.08915000000000001,11.13453364664344,-5.710035336652503,-0.6139500565823848,12.535231727865838,-10.520583590061056,-6.825196391213334,12.513286661547202,-27.14975536898469
0.0892,11.13441280645492,-5.709884226090388,-0.6141231803994759,12.535448219064763,-10.520289626055444,-6.825563992974376,12.513110181721537,-27.14939217747209
0.08925000000000001,11.134294350126275,-5.709741695298812,-0.6143049539817208,12.535666935386947,-10.519989396144556,-6.825925240088135,12.512939738618085,-27.149058952561635
0.0893,11.134178599570735,-5.70960764813177,-0.6144954552522588,12.535887549064027,-10.519683144318478,-6.826279900932258,12.512775574697395,-27.148754631608497
0.08935,11.134065872847197,-5.7094819763720785,-0.614694749719511,12.536109729622336,-10.519371123127687,-6.826627753250257,12.512617923496993,-27.148478110717335
0.08940000000000001,11.133956483707333,-5.709364559886429,-0.6149028903828687,12.53633314435304,-10.519053593324466,-6.826968584466608,12.512467009298195,-27.14822824631692
0.08945,11.1338507411497,-5.709255266795348,-0.6151199176582144,12.536557458785326,-10.51873082349149,-6.82730219198998,12.512323046805902,-27.148003856781983
0.08950000000000001,11.133748948979962,-5.7091539536610485,-0.6153458593200558,12.536782337162155,-10.518403089659907,-6.827628383501104,12.512186240842006,-27.14780372411626
0.08955,11.133651405378691,-5.709060465691796,-0.6155807304617844,12.537007442917956,-10.518070674916904,-6.827946977226163,12.51205678605304,-27.14762659568813
0.0896,11.133558402477526,-5.708974636961565,-0.6158245334748735,12.537232439157359,-10.517733869002655,-6.828257802195797,12.511934866632274,-27.1474711860121
0.08965000000000001,11.133470225943222,-5.708896290646613,-0.6160772580446777,12.537456989134405,-10.517392967898544,-6.828560698487791,12.51182065605653,-27.147336178583885
0.0897,11.133387154571603,-5.708825239276499,-0.6163388811658133,12.537680756731593,-10.51704827340579,-6.82885551745509,12.511714316838454,-27.147220227754598
0.08975000000000001,11.133309459890963,-5.708761285001068,-0.6166093671746756,12.53790340693806,-10.516700092716288,-6.829142121936993,12.511616000294472,-27.147121960651255
0.0898,11.13323740577562,-5.708704219872061,-0.6168886677998304,12.53812460632609,-10.51634873797579,-6.829420386454029,12.511525846328517,-27.147039979136654
0.08985,11.13317124807075,-5.708653826138382,-0.6171767222311854,12.538344023525331,-10.515994525839561,-6.829690197386949,12.511443983232057,-27.146972861802144
0.08990000000000001,11.133111234228418,-5.708609876556168,-0.6174734572063105,12.538561329694259,-10.515637777022102,-6.829951453138093,12.511370527500878,-27.146919165998256
0.08995,11.133057602955388,-5.708572134712328,-0.6177787871142231,12.538776198987899,-10.515278815841167,-6.830204064275567,12.511305583668591,-27.146877429896282
0.09000000000000001,11.133010583873968,-5.708540355359912,-0.6180926141180746,12.538988309021246,-10.514917969755896,-6.830447953661329,12.511249244157135,-27.146846174571646
0.09005,11.132970397194839,-5.708514284768024,-0.6184148282932183,12.53919734132794,-10.514555568901622,-6.830683056559912,12.511201589144715,-27.146823906122048
0.0901,11.132937253404174,-5.708493661082224,-0.6187453077842191,12.53940298181326,-10.514191945619954,-6.830909320731035,12.511162686451263,-27.146809117799133
0.09015000000000001,11.132911352964232,-5.708478214696924,-0.6190839189782464,12.539604921200908,-10.513827433985984,-6.831126706503985,12.511132591441482,-27.146800292161355
0.0902,11.132892886028083,-5.708467668639026,-0.619430516694941,12.53980285547294,-10.513462369333139,-6.831335186833916,12.511111346945633,-27.146795903243532
0.09025000000000001,11.132882032169091,-5.708461738962199,-0.6197849443927862,12.5399964863023,-10.513097087776304,-6.831534747340104,12.511098983198428,-27.146794418739255
0.0903,11.132878960125732,-5.708460135150323,-0.6201470343922793,12.54018552147715,-10.512731925733457,-6.8317253863268235,12.51109551779582,-27.14679430218888
0.09035,11.13288382756135,-5.708462560530916,-0.6205166081141242,12.540369675316501,-10.512367219447228,-6.831907114785583,12.511100955669738,-27.14679401517713
0.09040000000000001,11.132896780839813,-5.708468712697411,-0.620893476333095,12.540548669076653,-10.512003304506715,-6.832079956379242,12.511115289081095,-27.146792019533624
0.09045,11.132917954817586,-5.708478283938868,-0.6212774394476948,12.54072223134766,-10.51164051536989,-6.832243947408793,12.511138497630878,-27.1467867795294
0.09050000000000001,11.132947472651663,-5.7084909616779544,-0.6216682877636311,12.540890098439363,-10.51127918488803,-6.832399136761406,12.511170548289236,-27.146776764073877
0.09055,11.132985445624417,-5.708506428915412,-0.6220658017923103,12.541052014756492,-10.510919643832107,-6.832545585841075,12.511211395442636,-27.146760448902747
0.0906,11.13303197298525,-5.708524364681346,-0.6224697525627431,12.5412077331623,-10.510562220422504,-6.832683368480954,12.511260980959209,-27.146736318758244
0.09065000000000001,11.133087141809613,-5.708544444491305,-0.6228799019477246,12.541357015330048,-10.510207239861888,-6.832812570838745,12.511319234271783,-27.146702869552364
0.0907,11.13315102687496,-5.7085663408080665,-0.6232960030022704,12.541499632082022,-10.509855023872694,-6.832933291273953,12.511386072478691,-27.14665861051742
0.09075000000000001,11.13322369055435,-5.708589723507827,-0.6237178003147188,12.541635363715592,-10.50950589023963,-6.833045640207761,12.51146140046237,-27.14660206633727
0.0908,11.133305182728023,-5.708614260349337,-0.6241450303706337,12.541764000315716,-10.509160152357389,-6.833149739966379,12.511545111025354,-27.146531779252292
0.09085,11.133395540712215,-5.708639617446702,-0.6245774219272723,12.541885342053519,-10.508818118784946,-6.833245724606818,12.511637085043374,-27.1464463111427
0.09090000000000001,11.133494789205981,-5.708665459744582,-0.6250146963992207,12.54199919947058,-10.50848009280676,-6.833333739725999,12.511737191635603,-27.146344245583208
0.09095,11.133602940256386,-5.708691451494338,-0.6254565682552627,12.542105393748413,-10.508146372001127,-6.833413942254075,12.511845288351761,-27.14622418986246
0.091,11.133719993241165,-5.708717256731843,-0.6259027454241742,12.542203756962811,-10.507817247816991,-6.8334865002309675,12.511961221375566,-27.146084776971797
0.09105,11.133845934869415,-5.708742539755608,-0.6263529297098979,12.542294132322738,-10.507493005159516,-6.833551592567128,12.51208482574441,-27.14592466755683
0.0911,11.13398073920083,-5.708766965603854,-0.6268068172163065,12.542376374393331,-10.507173921984526,-6.833609408789474,12.51221592558508,-27.145742551824938
0.09115000000000001,11.134124367682482,-5.708790200531229,-0.6272640987791779,12.542450349302799,-10.506860268903303,-6.833660148771571,12.512354334364984,-27.145537151413706
0.0912,11.134276769203444,-5.708811912483768,-0.6277244604056558,12.542515934932853,-10.506552308797788,-6.8337040224490835,12.512499855158442,-27.145307221213894
0.09125,11.13443788016781,-5.708831771570782,-0.6281875837215006,12.542573021092394,-10.506250296446309,-6.833741249521612,12.512652280927968,-27.145051551140398
0.0913,11.134607624585097,-5.7088494505343625,-0.6286531464237638,12.542621509674309,-10.505954478161332,-6.833772059139944,12.512811394819915,-27.14476896785609
0.09135,11.134785914178183,-5.708864625215115,-0.629120822738914,12.542661314794975,-10.505665091439266,-6.833796689579859,12.512976970474028,-27.144458336442572
0.09140000000000001,11.13497264850907,-5.708876975012816,-0.6295902838867938,12.542692362916473,-10.505382364622275,-6.833815387903651,12.513148772346495,-27.144118562011876
0.09145,11.135167715121742,-5.7088861833426785,-0.6300611985481435,12.542714592951146,-10.505106516573598,-6.833828409608464,12.513326556046177,-27.143748591263503
0.0915,11.135370989701995,-5.708891938085939,-0.6305332333355644,12.542727956348553,-10.504837756366433,-6.833836018262614,12.513510068683344,-27.143347413981715
0.09155,11.135582336254389,-5.708893932033338,-0.6310060532681913,12.54273241716446,-10.5045762829862,-6.833838485131123,12.513699049230318,-27.142914064467035
0.0916,11.135801607295592,-5.708891863322463,-0.6314793222479236,12.54272795211202,-10.504322285047667,-6.833836088789561,12.513893228893897,-27.14244762290743
0.09165000000000001,11.136028644064288,-5.7088854358669625,-0.6319527035376853,12.542714550594876,-10.5040759405266,-6.833829114727907,12.514092331498686,-27.14194721668075
0.0917,11.13626327674679,-5.708874359778055,-0.6324258602399874,12.542692214722225,-10.503837416506801,-6.83381785494417,12.514296073880883,-27.141412021591908
0.09175,11.136505324718804,-5.708858351776403,-0.6328984557767007,12.54266095930587,-10.503606868942105,-6.833802607529465,12.514504166291907,-27.140841263036148
0.0918,11.136754596802334,-5.708837135595329,-0.6333701543676474,12.542620811839084,-10.503384442434683,-6.833783676243756,12.514716312811496,-27.14023421709448
0.09185,11.137010891537551,-5.708810442373928,-0.6338406215080291,12.542571812457549,-10.503170270029521,-6.833761370083625,12.514932211769413,-27.13959021155579
0.09190000000000001,11.137273997469373,-5.708778011039465,-0.6343095244443298,12.542514013882274,-10.502964473025045,-6.833736002842811,12.515151556175226,-27.1389086268638
0.09195,11.13754369344855,-5.708739588678172,-0.634776532648339,12.54244748134452,-10.50276716080021,-6.833707892666349,12.51537403415563,-27.138188896985707
0.092,11.137819748945834,-5.708694930895959,-0.6352413182862767,12.542372292493093,-10.502578430659554,-6.833677361597136,12.515599329398695,-27.137430510211708
0.09205,11.138101924380049,-5.7086438021655805,-0.6357035566855571,12.542288537283854,-10.50239836769449,-6.833644735118274,12.515827121604152,-27.136633009869747
0.0921,11.138389971459127,-5.708585976161227,-0.6361629267972191,12.54219631785175,-10.502227044661906,-6.833610341690521,12.516057086939394,-27.135795994961388
0.09215000000000001,11.138683633532828,-5.70852123608145,-0.6366191116514677,12.542095748365544,-10.502064521881357,-6.833574512284096,12.516288898500424,-27.13491912072532
0.0922,11.138982645958206,-5.708449374956715,-0.6370717988094619,12.541986954865424,-10.501910847148741,-6.833537579908703,12.516522226776965,-27.134002099111303
0.09225,11.139286736475839,-5.70837019594415,-0.6375206808073507,12.541870075083697,-10.501766055668488,-6.833499879139542,12.51675674012122,-27.13304469917913
0.09230000000000001,11.13959562559707,-5.708283512607761,-0.6379654555934681,12.541745258248904,-10.501630170003605,-6.833461745641139,12.516992105219646,-27.1320467474153
0.09235,11.139909027001893,-5.708189149183072,-0.6384058269586067,12.541612664873487,-10.501503200043285,-6.833423515690412,12.51722798756696,-27.131008127963838
0.09240000000000001,11.14022664794583,-5.708086940827803,-0.6388415049565962,12.541472466525533,-10.501385142989234,-6.833385525697731,12.517464051941642,-27.129928782781562
0.09245,11.140548189676675,-5.707976733855778,-0.639272206317425,12.541324845584672,-10.501275983359251,-6.833348111728892,12.517699962882443,-27.128808711704476
0.0925,11.140873347859424,-5.707858385955786,-0.6396976548499915,12.541169994982626,-10.501175693009435,-6.833311609026835,12.517935385165169,-27.12764797243598
0.09255000000000001,11.141201813009014,-5.707731766394225,-0.6401175818346511,12.541008117928804,-10.501084231174362,-6.833276351534579,12.518169984278893,-27.126446680453068
0.0926,11.141533270930745,-5.707596756200623,-0.6405317264059547,12.540839427621234,-10.501001544524788,-6.833242671420611,12.518403426901077,-27.12520500882705
0.09265000000000001,11.141867403167145,-5.707453248337103,-0.6409398359235406,12.540664146943271,-10.500927567243606,-6.833210898606168,12.51863538137094,-27.123923187965993
0.0927,11.142203887450817,-5.707301147850954,-0.6413416663310979,12.540482508146589,-10.500862221119716,-6.833181360295636,12.518865518160379,-27.12260150527635
0.09275,11.142542398163203,-5.707140372008835,-0.6417369825044463,12.54029475252078,-10.500805415658755,-6.8331543805119415,12.519093510341623,-27.121240304738155
0.09280000000000001,11.142882606797288,-5.706970850415527,-0.6421255585848916,12.54010113005017,-10.500757048212398,-6.833130279634641,12.519319034051255,-27.119839986409755
0.09285,11.14322418242521,-5.706792525113456,-0.6425071783011365,12.539901899058187,-10.500717004124073,-6.83310937394473,12.519541768949725,-27.118401005844884
0.09290000000000001,11.143566792169004,-5.706605350665104,-0.6428816352769695,12.539697325839926,-10.50068515689203,-6.833091975174821,12.519761398675751,-27.116923873434338
0.09295,11.143910101674022,-5.706409294217788,-0.6432487333246695,12.539487684283337,-10.500661368349347,-6.8330783900655465,12.519977611294976,-27.115409153671305
0.093,11.144253775584497,-5.706204335550607,-0.643608286723894,12.539273255479605,-10.5006454888606,-6.833068919928996,12.520190099742331,-27.113857464340594
0.09305000000000001,11.144597478020835,-5.705990467102712,-0.6439601204863571,12.539054327323296,-10.50063735753448,-6.833063860220582,12.520398562257329,-27.11226947562934
0.0931,11.144940873057186,-5.705767693984337,-0.6443040706044263,12.53883119410286,-10.50063680245276,-6.833063500118519,12.520602702811717,-27.11064590916815
0.09315000000000001,11.145283625199214,-5.705536033969767,-0.6446399842842279,12.538604156082002,-10.500643640914983,-6.833068122112233,12.520802231528984,-27.108987536999383
0.0932,11.145625399861634,-5.7052955174715105,-0.644967720163549,12.538373519072518,-10.500657679698085,-6.833078001601005,12.520996865095102,-27.107295180470807
0.09325,11.14596586384388,-5.705046187497453,-0.6452871485124296,12.538139593999366,-10.50067871533145,-6.833093406501913,12.521186327159752,-27.10556970906503
0.09330000000000001,11.146304685804152,-5.704788099589501,-0.6455981514179315,12.53790269645837,-10.500706534386218,-6.833114596868869,12.521370348727713,-27.10381203915838
0.09335,11.146641536730629,-5.704521321744875,-0.6459006229515382,12.537663146267278,-10.500740913779092,-6.833141824522401,12.521548668539785,-27.10202313271641
0.09340000000000001,11.146976090409723,-5.704245934318918,-0.6461944693203494,12.537421267010815,-10.500781621089375,-6.8331753326919,12.521721033442645,-27.100203995921653
0.09345,11.147308023889936,-5.70396202991104,-0.6464796090001762,12.537177385580453,-10.500828414889758,-6.833215355669413,12.521887198747153,-27.098355677743367
0.0935,11.147637017941184,-5.703669713233241,-0.6467559728513529,12.536931831709358,-10.50088104508983,-6.833262118476114,12.522046928574689,-27.096479268447162
0.09355000000000001,11.14796275750916,-5.703369100960622,-0.647023504217578,12.536684937503322,-10.50093925329158,-6.833315836542698,12.52219999619091,-27.094575898043054
0.0936,11.148284932163348,-5.703060321565701,-0.647282159006243,12.536437036968398,-10.501002773157104,-6.833376715402693,12.522346184326539,-27.092646734682255
0.09365000000000001,11.148603236538479,-5.702743515135888,-0.6475319057508827,12.536188465535764,-10.501071330787594,-6.833444950399876,12.522485285484693,-27.090692983000412
0.0937,11.148917370769174,-5.702418833173701,-0.6477727256565268,12.535939559584524,-10.501144645112648,-6.8335207264108195,12.52261710223437,-27.088715882406174
0.09375,11.14922704091636,-5.702086438381546,-0.6480046126260767,12.535690655963291,-10.501222428290287,-6.833604217581743,12.522741447489654,-27.086716705325372
0.09380000000000001,11.149531959385232,-5.701746504430524,-0.6482275732687228,12.535442091511062,-10.501304386116507,-6.833695587080532,12.522858144774235,-27.084696755399136
0.09385,11.149831845334605,-5.7013992157128985,-0.6484416268911198,12.535194202577973,-10.501390218443483,-6.833794986865073,12.5229670284709,-27.082657365634603
0.09390000000000001,11.150126425076303,-5.701044767080018,-0.6486468054696114,12.53494732454692,-10.50147961960669,-6.833902557466901,12.523067944055695,-27.080599896518436
0.09395,11.150415432464317,-5.700683363565457,-0.6488431536044642,12.534701791356536,-10.501572278859856,-6.834018427791079,12.523160748316313,-27.078525734092622
0.094,11.150698609273636,-5.700315220092852,-0.6490307284569676,12.534457935026099,-10.50166788081667,-6.834142714933243,12.523245309554518,-27.07643628799052
0.09405000000000001,11.150975705567491,-5.69994056117037,-0.6492095996679301,12.534216085183195,-10.501766105899563,-6.8342755240128215,12.523321507772273,-27.07433298944365
0.0941,11.151246480052764,-5.699559620571598,-0.6493798492582878,12.53397656859492,-10.501866630794476,-6.834416948023322,12.52338923484132,-27.07221728925883
0.09415,11.151510700423408,-5.699172641002564,-0.6495415715129652,12.53373970870301,-10.50196912891044,-6.834567067700446,12.523448394655919,-27.070090655764616
0.0942,11.151768143690848,-5.698779873756684,-0.6496948728465504,12.533505825163717,-10.502073270844297,-6.834725951407029,12.523498903268697,-27.06795457273655
0.09425,11.152018596501042,-5.698381578357524,-0.6498398716516146,12.533275233393123,-10.502178724849431,-6.834893655035599,12.523540689009218,-27.065810537301182
0.09430000000000001,11.15226185543819,-5.697978022189212,-0.6499766981308195,12.533048244118518,-10.50228515730737,-6.835070221929308,12.523573692585234,-27.063660057818293
0.09435,11.152497727313902,-5.6975694801164085,-0.6501054941113561,12.532825162936371,-10.502392233202544,-6.835255682819961,12.523597867166437,-27.06150465175133
0.0944,11.15272602944213,-5.69715623409312,-0.6502264128433949,12.532606289877593,-10.502499616598735,-6.835450055784471,12.523613178450622,-27.059345843522493
0.09445,11.152946589898837,-5.696738572762009,-0.6503396187816799,12.532391918980872,-10.50260697111716,-6.835653346218859,12.523619604712156,-27.05718516236118
0.0945,11.15315924776681,-5.696316791043331,-0.6504452873521708,12.53218233787433,-10.50271396041464,-6.835865546831001,12.523617136832655,-27.055024140141327
0.09455000000000001,11.153363853364416,-5.695891189715592,-0.650543604702236,12.531977827366344,-10.50282024866218,-6.8360866376507525,12.523605778313833,-27.052864309218627
0.0946,11.1535602684585,-5.6954620749878915,-0.6506347674356858,12.531778661046165,-10.50292550102281,-6.8363165860582695,12.523585545272624,-27.050707200266764
0.09465,11.153748366461,-5.695029758064279,-0.6507189823331828,12.531585104894733,-10.503029384127817,-6.836555346830453,12.523556466418361,-27.048554340115064
0.0947,11.15392803260935,-5.694594554700486,-0.6507964660587559,12.531397416906241,-10.503131566550595,-6.83680286220575,12.52351858301225,-27.046407249588512
0.09475,11.154099164129232,-5.694156784755677,-0.6508674448505393,12.531215846721159,-10.503231719278691,-6.837059061965483,12.523471948809064,-27.044267441363964
0.09480000000000001,11.154261670380986,-5.693716771737028,-0.650932154199442,12.531040635271223,-10.50332951618154,-6.837323863534192,12.523416629981211,-27.042136417830722
0.09485,11.154415472988813,-5.693274842339112,-0.6509908385147253,12.53087201443662,-10.503424634474085,-6.837597172097512,12.523352705025268,-27.04001566896528
0.0949,11.15456050595171,-5.692831325980138,-0.651043750775183,12.53071020671618,-10.503516755176529,-6.837878880736042,12.52328026465105,-27.037906670230615
0.09495,11.154696715737831,-5.69238655433253,-0.6510911521702477,12.53055542491089,-10.50360556356758,-6.838168870578357,12.523199411653483,-27.035810880486277
0.095,11.154824061360419,-5.691940860851488,-0.6511333117280863,12.530407871821236,-10.503690749632332,-6.838467010969744,12.523110260767336,-27.033729739927715
0.09505000000000001,11.154942514436032,-5.691494580300886,-0.651170505932665,12.530267739958683,-10.503772008503368,-6.838773159657794,12.523012938505127,-27.031664668050823
0.0951,11.155052059225184,-5.691048048276469,-0.651203018331085,12.5301352112718,-10.503849040894096,-6.839087162995331,12.5229075829783,-27.02961706164103
0.09515,11.15515269265442,-5.6906016007291536,-0.6512311391295217,12.530010456887517,-10.503921553524894,-6.839408856158365,12.522794343702063,-27.02758829280043
0.0952,11.155244424320964,-5.6901555734865905,-0.6512551647810446,12.529893636867618,-10.503989259539921,-6.839738063381027,12.522673381384044,-27.025579707003004
0.09525,11.15532727647896,-5.689710301775638,-0.6512753975636569,12.529784899981045,-10.504051878915305,-6.840074598205403,12.522544867697114,-27.02359262119059
0.09530000000000001,11.155401284007695,-5.689266119745762,-0.6512921451500413,12.529684383492311,-10.504109138857654,-6.840418263746554,12.522408985036687,-27.02162832190898
0.09535,11.155466494362194,-5.688823359993268,-0.6513057201704258,12.529592212966273,-10.504160774191767,-6.840768852973003,12.522265926262813,-27.019688063482707
0.0954,11.155522967505647,-5.688382353088412,-0.6513164397676249,12.52950850208941,-10.504206527738022,-6.841126149001002,12.522115894427492,-27.017773066238036
0.09545000000000001,11.155570775823898,-5.687943427105451,-0.6513246251455351,12.529433352508237,-10.504246150678362,-6.841489925402784,12.52195910248745,-27.015884514773912
0.0955,11.155610004022959,-5.6875069071552,-0.6513306011132093,12.529366853684685,-10.50427940290975,-6.841859946529488,12.521795773002978,-27.014023556276957
0.09555000000000001,11.155640749007967,-5.687073114923549,-0.6513346956216752,12.529309082768878,-10.504306053386292,-6.842235967845326,12.521626137823045,-27.012191298897964
0.0956,11.15566311974559,-5.686642368213377,-0.6513372392979649,12.529260104489286,-10.504325880447624,-6.8426177362759075,12.521450437757252,-27.010388810175176
0.09565,11.155677237109273,-5.6862149804920366,-0.6513385649753366,12.529219971060764,-10.504338672133938,-6.8430049905687245,12.52126892223508,-27.00861711551451
0.09570000000000001,11.155683233706819,-5.685791260446432,-0.6513390072187616,12.52918872211025,-10.504344226488055,-6.843397461663814,12.521081848952846,-27.00687719673599
0.09575,11.155681253692011,-5.685371511543302,-0.6513389018496414,12.529166384620321,-10.504342351842372,-6.843794873077019,12.52088948350889,-27.00516999067312
0.09580000000000001,11.155671452559645,-5.684956031597455,-0.6513385854681908,12.529152972890826,-10.504332867091453,-6.84419694129337,12.520692099027533,-27.003496387837718
0.09585,11.155653996924208,-5.684545112348323,-0.6513383949744552,12.529148488518578,-10.50431560194975,-6.8446033761702525,12.520489975772284,-27.001857231151227
0.0959,11.155629064282788,-5.6841390390452196,-0.6513386670888114,12.52915292039507,-10.504290397193978,-6.845013881349848,12.520283400748914,-27.000253314742906
0.09595000000000001,11.155596842762824,-5.683738090041038,-0.6513397378735178,12.529166244722228,-10.504257104889305,-6.8454281546811915,12.520072667298829,-26.99868538281253
0.096,11.155557530854317,-5.683342536396679,-0.651341942254323,12.529188425046362,-10.504215588599994,-6.845845888649683,12.519858074683446,-26.997154128567875
0.09605000000000001,11.155511337127592,-5.682952641495339,-0.6513456135442215,12.529219412309994,-10.50416572358337,-6.8462667708146565,12.519639927660103,-26.99566019323108
0.0961,11.155458479936422,-5.682568660668124,-0.6513510829689616,12.529259144921618,-10.504107396967463,-6.846690484253492,12.519418536050026,-26.994204165120443
0.09615,11.155399187107696,-5.682190840830388,-0.6513586791964269,12.529307548843335,-10.504040507911267,-6.847116708012945,12.51919421429909,-26.992786578802722
0.09620000000000001,11.155333695617198,-5.681819420130782,-0.6513687278688496,12.529364537696217,-10.503964967748349,-6.847545117565436,12.51896728103192,-26.991407914324977
0.09625,11.155262251252408,-5.681454627612682,-0.6513815511393154,12.529430012883088,-10.503880700113093,-6.847975385270408,12.518738058599936,-26.990068596522924
0.09630000000000001,11.15518510826311,-5.681096682887886,-0.6513974672140388,12.529503863728776,-10.503787641049072,-6.848407180840888,12.51850687262402,-26.98876899440358
0.09635,11.1551025289996,-5.68074579582449,-0.6514167898994656,12.529585967637596,-10.503685739100137,-6.848840171813106,12.51827405153246,-26.987509420610717
0.0964,11.155014783539386,-5.680402166248585,-0.6514398281556136,12.529676190267715,-10.503574955383776,-6.849274024019129,12.518039926094815,-26.98629013096973
0.09645000000000001,11.15492214930324,-5.6800659836595075,-0.6514668856571052,12.529774385722183,-10.503455263646135,-6.849708402062674,12.517804828952315,-26.985111324109226
0.0965,11.154824910660459,-5.679737426960517,-0.6514982603609458,12.529880396756544,-10.50332665029951,-6.85014296979603,12.517569094145523,-26.983973141167287
0.09655000000000001,11.154723358524231,-5.679416664204596,-0.6515342440824289,12.529994055002563,-10.503189114441799,-6.850577390797966,12.51733305663994,-26.98287566557949
0.0966,11.154617789938072,-5.679103852354921,-0.6515751220805522,12.530115181207632,-10.503042667857518,-6.851011328852709,12.51709705185014,-26.981818922944857
0.09665,11.154508507653148,-5.6787991370617705,-0.6516211726519834,12.530243585489798,-10.502887335001166,-6.851444448428025,12.516861415163145,-26.98080288097742
0.09670000000000001,11.154395819697529,-5.6785026524556494,-0.6516726667349397,12.530379067607921,-10.502723152962586,-6.851876415152271,12.51662648146183,-26.979827449540505
0.09675,11.154280038938237,-5.678214520956001,-0.6517298675243077,12.530521417246451,-10.502550171413926,-6.852306896290448,12.516392584648804,-26.978892480759328
0.09680000000000001,11.154161482636104,-5.677934853097272,-0.6517930300969736,12.530670414314569,-10.502368452539125,-6.852735561217295,12.516160057171671,-26.977997769219407
0.09685,11.15404047199433,-5.677663747371932,-0.651862401048734,12.530825829259326,-10.502178070945591,-6.853162081887392,12.515929229550197,-26.977143052247072
0.0969,11.153917331701845,-5.6774012900899,-0.6519382181440349,12.53098742339212,-10.501979113557807,-6.85358613330222,12.515700429906163,-26.976328010268034
0.09695000000000001,11.153792389471288,-5.67714755525598,-0.6520207099774807,12.531154949228192,-10.501771679493809,-6.854007393972212,12.515473983496452,-26.975552267250684
0.097,11.153665975572759,-5.676902604464835,-0.6521100956483983,12.531328150838736,-10.501555879924357,-6.854425546373897,12.515250212250216,-26.974815391230155
0.09705000000000001,11.153538422364223,-5.6766664868129215,-0.6522065844497466,12.531506764214939,-10.501331837914476,-6.854840277402015,12.51502943431057,-26.97411689490884
0.0971,11.153410063818658,-5.6764392388288725,-0.6523103755700814,12.531690517643513,-10.501099688248576,-6.855251278814641,12.51481196358169,-26.973456236339512
0.09715,11.15328123504883,-5.676220884421758,-0.6524216578099731,12.5318791320932,-10.500859577238854,-6.8556582476714425,12.514598109281739,-26.972832819686857
0.09720000000000001,11.15315227183086,-5.676011434846639,-0.6525406093139964,12.532072321611745,-10.500611662516862,-6.856060886765106,12.514388175502456,-26.9722459960627
0.09725,11.153023510126458,-5.675810888688886,-0.6526673973169823,12.532269793732645,-10.500356112809474,-6.856458905043758,12.514182460775967,-26.971695064441345
0.09730000000000001,11.15289528560507,-5.675619231865999,-0.6528021779062418,12.532471249891117,-10.500093107698829,-6.856852018025118,12.513981257649341,-26.971179272647177
0.09735,11.152767933166231,-5.675436437647938,-0.6529450957992295,12.532676385848832,-10.499822837367,-6.857239948200892,12.513784852267634,-26.97069781841837
0.0974,11.152641786463459,-5.675262466694722,-0.6530962841382206,12.532884892126706,-10.499545502325239,-6.857622425431986,12.513593523966035,-26.970249850538625
0.09745000000000001,11.152517177429479,-5.675097267112592,-0.6532558643006173,12.533096454445074,-10.49926131312886,-6.857999187332484,12.513407544871555,-26.969834470042898
0.0975,11.15239443580397,-5.674940774527978,-0.6534239457261033,12.533310754170756,-10.498970490077866,-6.858369979642774,12.513227179514946,-26.96945073149156
0.09755,11.152273888664581,-5.674792912178988,-0.653600625761095,12.533527468770322,-10.498673262903484,-6.8587345565913305,12.51305268445341,-26.969097644310242
0.0976,11.152155859961942,-5.674653591024077,-0.6537859895208723,12.533746272268871,-10.498369870441072,-6.8590926812447925,12.51288430790463,-26.968774174192596
0.09765,11.152040670058375,-5.674522709869637,-0.6539801097674316,12.533966835713747,-10.498060560290945,-6.859444125844109,12.512722289392595,-26.968479244573654
0.09770000000000001,11.151928635272414,-5.6744001555134576,-0.6541830468065365,12.534188827642476,-10.497745588465877,-6.859788672129022,12.512566859405787,-26.96821173815697
0.09775,11.151820067429117,-5.674285802905326,-0.6543948484025028,12.53441191455427,-10.497425219026619,-6.860126111648944,12.512418239068246,-26.967970498500808
0.0978,11.151715273415979,-5.6741795153259025,-0.654615549709024,12.5346357613844,-10.497099723706953,-6.860456246058497,12.51227663982392,-26.967754331668388
0.09785,11.15161455474679,-5.6740811445803185,-0.6548451732201992,12.53486003198082,-10.496769381526589,-6.860778887400495,12.512142263134733,-26.967562007922794
0.0979,11.151518207132646,-5.67399053120935,-0.6550837287381956,12.535084389582371,-10.496434478394452,-6.861093858373018,12.512015300193022,-26.967392263479848
0.09795000000000001,11.151426520061143,-5.673907504716428,-0.6553312133589786,12.535308497297784,-10.496095306702161,-6.861400992581354,12.511895931648423,-26.967243802309753
0.098,11.151339776384845,-5.673831883809614,-0.6555876114770628,12.535532018584842,-10.495752164907785,-6.861700134775228,12.511784327349849,-26.96711529798152
0.09805,11.151258251918645,-5.673763476660131,-0.6558528948070166,12.53575461772919,-10.495405357111629,-6.861991141069055,12.511680646102908,-26.967005395557518
0.0981,11.151182215047708,-5.6737020811746905,-0.6561270224243478,12.535975960321846,-10.49505519262336,-6.8622738791471525,12.511585035443046,-26.966912713523385
0.09815,11.151111926345552,-5.673647485283183,-0.6564099408233989,12.536195713734866,-10.494701985522154,-6.862548228451679,12.511497631424712,-26.966835845760464
0.09820000000000001,11.151047638203275,-5.673599467240582,-0.6567015839931956,12.536413547594536,-10.494346054210078,-6.8628140803539575,12.511418558426994,-26.966773363553973
0.09825,11.15098959447079,-5.673557795941915,-0.6570018735119438,12.536629134251344,-10.493987720958847,-6.863071338309426,12.511347928975884,-26.966723817630452
0.0983,11.15093803010985,-5.673522231251246,-0.6573107186582979,12.536842149246,-10.493627311451553,-6.863319917994752,12.511285843583476,-26.966685740228584
0.09835,11.15089317085964,-5.67349252434357,-0.6576280165400111,12.537052271771044,-10.493265154319626,-6.8635597474274705,12.511232390604313,-26.966657647197408
0.0984,11.150855232916093,-5.673468418057885,-0.6579536522413314,12.537259185127104,-10.49290158067476,-6.863790767069214,12.511187646109079,-26.966638040112176
0.09845000000000001,11.150824422623872,-5.673449647264034,-0.6582874989852954,12.537462577173475,-10.492536923638582,-6.864012929909439,12.511151673775895,-26.966625408420754
0.0985,11.150800936183108,-5.6734359392392975,-0.6586294183146316,12.537662140772058,-10.492171517868478,-6.8642262015327615,12.511124524799287,-26.96661823159956
0.09855,11.15078495937034,-5.673427014056233,-0.658979260288864,12.537857574224287,-10.491805699081478,-6.864430560168055,12.511106237816975,-26.966614981326387
0.09860000000000001,11.150776667274167,-5.673422584981042,-0.6593368636973738,12.538048581700284,-10.491439803576796,-6.86462599671924,12.511096838854655,-26.96661412366585
0.09865,11.150776224046098,-5.673422358881675,-0.659702056288464,12.53823487365967,-10.491074167757633,-6.864812514777992,12.511096341288809,-26.966614121263365
0.09870000000000001,11.150783782667249,-5.673426036644326,-0.6600746550148923,12.538416167263403,-10.490709127652353,-6.864990130619076,12.511104745827552,-26.96661343554046
0.09875,11.150799484730634,-5.673433313599155,-0.6604544662940508,12.538592186776171,-10.490345018436585,-6.865158873177016,12.51112204050962,-26.966610528895547
0.0988,11.150823460239668,-5.6734438799539335,-0.6608412862830467,12.538762663958599,-10.489982173956625,-6.865318784004667,12.511148200721552,-26.96660386690321
0.09885000000000001,11.150855827423426,-5.6734574212342155,-0.6612349011691573,12.538927338448788,-10.489620926254268,-6.865469917214569,12.511183189232765,-26.966591920505294
0.0989,11.150896692568315,-5.673473618730991,-0.6616350874736701,12.53908595813269,-10.489261605094649,-6.865612339401695,12.511226956248835,-26.96657316819819
0.09895000000000001,11.150946149867028,-5.673492149953909,-0.6620416123699806,12.539238279502758,-10.488904537497048,-6.8657461295488496,12.511279439482715,-26.966546098206685
0.099,11.151004281284315,-5.673512689090301,-0.6624542340143585,12.539384068004315,-10.488550047269957,-6.865871378914017,12.511340564243698,-26.96650921064616
0.09905,11.151071156440658,-5.673534907468168,-0.6628727018904933,12.539523098369164,-10.488198454550163,-6.865988190900996,12.511410243544194,-26.966461019663356
0.09910000000000001,11.15114683251311,-5.673558474023959,-0.6632967571656215,12.53965515493606,-10.487850075347486,-6.866096680912101,12.51148837822408,-26.96640005556049
0.09915,11.151231354153861,-5.673583055773733,-0.663726133058418,12.539780031957495,-10.487505221095443,-6.86619697618376,12.511574857092409,-26.966324866895782
0.09920000000000001,11.151324753426934,-5.673608318286344,-0.6641605552189924,12.539897533892328,-10.487164198207939,-6.866289215605985,12.511669557086307,-26.96623402255386
0.09925,11.151427049762454,-5.673633926159399,-0.6645997421189167,12.54000747568397,-10.486827307643539,-6.866373549524571,12.511772343446816,-26.96612611379027
0.0993,11.151538249928924,-5.6736595434966075,-0.6650434054514244,12.540109683023624,-10.486494844477493,-6.8664501395270126,12.5118830699115,-26.965999756243477
0.09935000000000001,11.15165834802381,-5.673684834385104,-0.6654912505420614,12.540203992598217,-10.48616709748175,-6.866519158213117,12.51200157892336,-26.965853591907816
0.0994,11.151787325481838,-5.673709463373516,-0.6659429767675588,12.540290252322736,-10.485844348714274,-6.86658078894922,12.512127701855968,-26.965686291071837
0.09945000000000001,11.151925151101267,-5.673733095949379,-0.6663982779832838,12.54036832155655,-10.485526873117982,-6.86663522560717,12.512261259254315,-26.965496554215644
0.0995,11.152071781088544,-5.673755399014491,-0.6668568429591787,12.54043807130347,-10.485214938129365,-6.86668267228898,12.512402061091127,-26.965283113860693
0.09955,11.152227159120427,-5.673776041358972,-0.6673183558221939,12.540499384395229,-10.484908803298234,-6.8667233430362575,12.512549907038226,-26.96504473637695
0.09960000000000001,11.152391216424004,-5.673794694132651,-0.6677824965054032,12.540552155658185,-10.484608719918603,-6.866757461525532,12.512704586752582,-26.96478022374095
0.09965,11.15256387187479,-5.673811031312358,-0.6682489412038103,12.540596292062883,-10.48431493067098,-6.866785260750526,12.512865880176635,-26.964488415238495
0.09970000000000001,11.152745032111955,-5.673824730165935,-0.6687173628346121,12.540631712856417,-10.484027669277342,-6.866806982690479,12.513033557852404,-26.964168189117327
0.09975,11.152934591671013,-5.673835471711542,-0.6691874315022428,12.540658349677296,-10.483747160168768,-6.866822877965752,12.51320738124898,-26.96381846418318
0.0998,11.153132433134102,-5.673842941170941,-0.6696588149682141,12.540676146652673,-10.483473618165887,-6.866833205481733,12.513387103102945,-26.963438201333677
0.09985000000000001,11.153338427296909,-5.673846828417484,-0.6701311791234256,12.540685060477845,-10.483207248173484,-6.866838232060362,12.513572467771185,-26.963026405034956
0.0999,11.153552433352312,-5.67384682841751,-0.6706041884631295,12.540685060477848,-10.48294824488918,-6.866838232060339,12.51376321159557,-26.962582124735555
0.09995000000000001,11.153774299090905,-5.673842641663767,-0.6710775065647802,12.54067612865107,-10.482696792526124,-6.8668334869873,12.51395906327901,-26.96210445621173
0.1,11.154003861117408,-5.6738339746017745,-0.6715507965662212,12.540658259694872,-10.482453064551185,-6.866824285093103,12.514159744272382,-26.961592542849857
0.10005,11.154240945083137,-5.673820540047237,-0.6720237216450083,12.540631461013152,-10.482217223438129,-6.866810920965919,12.51436496917167,-26.961045576858037
0.10010000000000001,11.154485365933823,-5.673802057594874,-0.6724959454971898,12.540595752705785,-10.481989420436634,-6.866793695110909,12.51457444612479,-26.960462800409843
0.10015,11.154736928173133,-5.673778254016815,-0.6729671328162457,12.540551167540016,-10.481769795356891,-6.866772913523198,12.514787877247601,-26.95984350671196
0.10020000000000001,11.154995426140616,-5.673748863651502,-0.6734369497697243,12.540497750903883,-10.481558476370894,-6.866748887252384,12.515004959048348,-26.95918704100233
0.10025,11.155260644304148,-5.673713628781735,-0.6739050644739555,12.540435560741665,-10.481355579830192,-6.866721931959926,12.515225382860054,-26.958492801473067
0.1003,11.155532357566585,-5.673672300001213,-0.6743711474662619,12.54036466747142,-10.48116121010032,-6.866692367470206,12.515448835280186,-26.957760240116226
0.10035000000000001,11.155810331586258,-5.6736246365687295,-0.6748348721742183,12.54028515388482,-10.480975459412038,-6.866660517316092,12.515674998616989,-26.95698886348983
0.1004,11.15609432310979,-5.673570406751578,-0.6752959153790923,12.540197115029427,-10.480798407730699,-6.866626708277848,12.515903551341781,-26.956178233413635
0.10045000000000001,11.15638408031841,-5.673509388154725,-0.675753957676205,12.540100658073447,-10.480630122642205,-6.866591269918719,12.516134168546687,-26.955327967578427
0.1005,11.156679343186388,-5.673441368036674,-0.676208683929837,12.539995902153274,-10.480470659256548,-6.866554534116594,12.51636652240704,-26.95443774007532
0.10055,11.156979843850388,-5.673366143613107,-0.6766597837202898,12.539882978204059,-10.480320060130099,-6.866516834590949,12.516600282647813,-26.953507281852257
0.10060000000000001,11.157285306990943,-5.67328352234449,-0.6771069517864239,12.539762028773447,-10.480178355204517,-6.866478506428958,12.516835117013464,-26.95253638107968
0.10065,11.157595450223912,-5.673193322210256,-0.677549888459597,12.539633207818785,-10.480045561764317,-6.866439885608532,12.517070691740475,-26.951524883440534
0.10070000000000001,11.157909984502076,-5.673095371967963,-0.6779883000896121,12.53949668048814,-10.479921684412464,-6.866401308520176,12.517306672031946,-26.95047269233791
0.10075,11.158228614526545,-5.672989511396356,-0.6784218994630306,12.53935262288537,-10.479806715063512,-6.866363111489014,12.517542722533525,-26.949379769016655
0.1008,11.158551039166497,-5.67287559152387,-0.6788504062110364,12.539201221819651,-10.47970063295546,-6.866325630295779,12.517778507810043,-26.94824613260848
0.10085000000000001,11.158876951887816,-5.672753474840035,-0.6792735472088938,12.539042674539706,-10.479603404678924,-6.866289199699669,12.518013692822148,-26.947071860088997
0.1009,11.159206041189039,-5.672623035491261,-0.6796910569641487,12.538877188453238,-10.479514984224888,-6.866254152961975,12.518247943402304,-26.94585708615627
0.10095,11.159537991044283,-5.672484159460158,-0.6801026779940614,12.53870498083193,-10.479435313050223,-6.86622082137177,12.518480926729373,-26.94460200302807
0.101,11.159872481353089,-5.672336744727194,-0.6805081611924069,12.538526278502315,-10.479364320160684,-6.8661895337751195,12.518712311801252,-26.943306860153285
0.10105,11.160209188395605,-5.672180701416086,-0.6809072661835529,12.538341317523157,-10.479301922212054,-6.866160616107069,12.518941769904787,-26.941971963846427
0.10110000000000001,11.160547785292918,-5.672015951921961,-0.681299761664005,12.53815034284969,-10.47924802362891,-6.866134390927731,12.519168975082327,-26.940597676841918
0.10115,11.16088794247247,-5.671842431020843,-0.6816854257324708,12.537953607985086,-10.479202516739997,-6.866111176964242,12.519393604594265,-26.939184417762416
0.1012,11.16122932813636,-5.671660085963513,-0.6820640462043239,12.537751374619939,-10.479165281932037,-6.866091288656425,12.519615339376957,-26.937732660518233
0.10125,11.161571608733567,-5.671468876549957,-0.6824354209140068,12.53754391225999,-10.479136187819561,-6.866075035710035,12.51983386449525,-26.936242933620377
0.1013,11.16191444943446,-5.671268775186479,-0.6827993580027223,12.537331497842757,-10.479115091431737,-6.86606272265628,12.520048869589084,-26.934715819419203
0.10135000000000001,11.162257514607042,-5.671059766925121,-0.6831556761912118,12.53711441534359,-10.47910183841583,-6.8660546484184675,12.520260049313599,-26.933151953268275
0.1014,11.16260046829421,-5.670841849485152,-0.6835042050372828,12.536892955371751,-10.479096263256928,-6.866051105886597,12.5204671037719,-26.931552022614177
0.10145,11.16294297469192,-5.670615033255852,-0.6838447851788144,12.536667414757018,-10.479098189513104,-6.866052381501166,12.520669738940125,-26.92991676600938
0.1015,11.163284698626727,-5.670379341281953,-0.6841772685601998,12.53643809612744,-10.479107430066524,-6.866058754845488,12.52086766708405,-26.928246972056808
0.10155,11.163625306032456,-5.670134809231096,-0.6845015186427046,12.536205307478859,-10.479123787389753,-6.866070498247764,12.521060607166728,-26.926543478284255
0.10160000000000001,11.16396446442565,-5.6698814853426285,-0.6848174105991776,12.535969361736788,-10.479147053826473,-6.866087876394161,12.521248285246555,-26.924807169946497
0.10165,11.164301843378343,-5.669619430359294,-0.685124831491298,12.53573057631129,-10.479177011887046,-6.866111145951997,12.52143043486521,-26.923038978764563
0.1017,11.16463711498818,-5.669348717440669,-0.6854236804304025,12.535489272645444,-10.479213434557778,-6.866140555204774,12.52160679742491,-26.92123988159743
0.10175000000000001,11.164969954344672,-5.669069432059407,-0.685713868720622,12.535245775758122,-10.47925608562405,-6.866176343698714,12.521777122554516,-26.919410899053023
0.1018,11.16530003999163,-5.668781671879207,-0.6859953199855828,12.535000413781676,-10.479304720006049,-6.866218741902469,12.521941168463885,-26.917553094034023
0.10185000000000001,11.165627054384297,-5.668485546616096,-0.6862679702767949,12.534753517495123,-10.4793590841075,-6.866267970879026,12.522098702286055,-26.915667570228013
0.1019,11.165950684340922,-5.668181177882627,-0.6865317681643452,12.534505419853684,-10.479418916176574,-6.866324241971057,12.522249500406721,-26.9137554705409
0.10195,11.166270621488492,-5.667868699014401,-0.6867866748105438,12.534256455515148,-10.47948394667795,-6.866387756500747,12.522393348780582,-26.911817975471738
0.10200000000000001,11.166586562701296,-5.667548254880639,-0.6870326640249595,12.534006960363799,-10.479553898676333,-6.866458705483161,12.522530043234143,-26.90985630143876
0.10205,11.166898210531958,-5.667220001678336,-0.6872697223014219,12.53375727103265,-10.479628488230532,-6.866537269354309,12.522659389754432,-26.9078716990554
0.10210000000000001,11.167205273634822,-5.666884106709612,-0.6874978488377089,12.533507724424586,-10.479707424797116,-6.86662361771497,12.522781204763398,-26.90586545135497
0.10215,11.16750746718025,-5.666540748143954,-0.6877170555364459,12.533258657233121,-10.479790411643801,-6.866717909089166,12.52289531537745,-26.90383887197382
0.1022,11.167804513259657,-5.666190114765006,-0.6879273669879504,12.533010405463461,-10.479877146271708,-6.866820290698454,12.523001559651881,-26.901793303291928
0.10225000000000001,11.168096141281113,-5.665832405701563,-0.6881288204357547,12.532763303954509,-10.479967320845358,-6.866930898252948,12.523099786809816,-26.899730114529767
0.1023,11.16838208835408,-5.66546783014455,-0.688321465723337,12.532517685902631,-10.480060622630742,-6.867049855758082,12.523189857455291,-26.897650699811663
0.10235000000000001,11.168662099663257,-5.665096607049696,-0.6885053652229822,12.532273882387651,-10.480156734440275,-6.867177275337956,12.523271643770267,-26.89555647619444
0.1024,11.168935928831319,-5.664718964825607,-0.6886805937475832,12.532032221901897,-10.480255335083731,-6.867313257076291,12.5233450296953,-26.893448881660476
0.10245,11.169203338269218,-5.664335141009083,-0.6888472384439454,12.531793029882952,-10.480356099825272,-6.867457888873872,12.52340991109349,-26.89132937308545
0.10250000000000001,11.169464099514062,-5.663945381927485,-0.689005398668551,12.531556628250742,-10.480458700845514,-6.867611246323258,12.523466195897651,-26.88919942417979
0.10255,11.169717993554327,-5.663549942347859,-0.6891551858467746,12.531323334949558,-10.480562807707546,-6.867773392601702,12.523513804240395,-26.88706052340309
0.10260000000000001,11.16996481114126,-5.663149085114749,-0.6892967233141192,12.531093463495822,-10.480668087827139,-6.867944378381074,12.523552668566936,-26.884914171861652
0.10265,11.170204353086447,-5.6627430807765755,-0.6894301461404887,12.530867322532137,-10.48077420694596,-6.868124241755558,12.523582733730567,-26.882761881188593
0.1027,11.170436430545392,-5.662332207200282,-0.6895556009386158,12.530645215388185,-10.480880829606773,-6.868313008187901,12.523603957070558,-26.88060517140552
0.10275000000000001,11.17066086528594,-5.661916749176395,-0.689673245655144,12.530427439649266,-10.480987619630794,-6.868510690472868,12.523616308472366,-26.87844556877684
0.1028,11.170877489941947,-5.661496998013777,-0.6897832493461189,12.530214286733031,-10.481094240595823,-6.868717288719257,12.52361977041026,-26.876284603652845
0.10285000000000001,11.171086148251131,-5.661073251125537,-0.6898857919361645,12.530006041474923,-10.48120035631497,-6.8689327903493815,12.52361433797198,-26.874123808309633
0.1029,11.171286695277667,-5.660645811605523,-0.6899810639630738,12.529802981722959,-10.481305631314596,-6.869157170117434,12.523600018865778,-26.871964714782212
0.10295,11.17147899761816,-5.660214987797395,-0.6900692663065053,12.529605377942568,-10.48140973131165,-6.869390390145171,12.523576833409452,-26.86980885270173
0.10300000000000001,11.17166293359135,-5.659781092856193,-0.6901506099020418,12.529413492831871,-10.48151232368931,-6.869632399975673,12.523544814501655,-26.867657747135603
0.10305,11.17183839341127,-5.659344444302797,-0.690225315441247,12.52922758094795,-10.481613077970023,-6.869883136645152,12.523504007575477,-26.8655129164326
0.10310000000000001,11.17200527934367,-5.658905363571699,-0.6902936130583651,12.529047888344737,-10.481711666285303,-6.870142524773037,12.523454470534212,-26.863375870074947
0.10315,11.172163505844544,-5.658464175554708,-0.6903557420018654,12.528874652223076,-10.481807763842678,-6.870410476668365,12.523396273669563,-26.861248106550384
0.1032,11.17231299968211,-5.658021208138358,-0.6904119502946797,12.52870810059326,-10.48190104938743,-6.870686892454905,12.523329499562378,-26.859131111232244
0.10325000000000001,11.172453700041164,-5.657576791736974,-0.6904624943819168,12.528548451950655,-10.481991205659247,-6.870971660213682,12.523254242965935,-26.85702635427758
0.1033,11.172585558609104,-5.657131258823716,-0.6905076387649264,12.528395914964968,-10.482077919844178,-6.871264656141252,12.523170610672086,-26.854935288554262
0.10335000000000001,11.172708539645093,-5.6566849434567725,-0.6905476556260202,12.528250688183363,-10.482160884019072,-6.871565744726587,12.523078721360372,-26.85285934758232
0.1034,11.172822620030706,-5.656238180804485,-0.6905828244409488,12.528112959748043,-10.482239795589756,-6.871874778943559,12.52297870543028,-26.850799943508285
0.10345,11.172927789302735,-5.655791306668816,-0.6906134315810888,12.527982907128653,-10.482314357721643,-6.872191600459832,12.522870704817002,-26.84875846510868
0.10350000000000001,11.173024049668319,-5.655344657007143,-0.6906397699066885,12.52786069686981,-10.482384279761629,-6.872516039862666,12.522754872790808,-26.84673627582219
0.10355,11.173111416001506,-5.654898567454987,-0.6906621383495957,12.527746484354227,-10.482449277651911,-6.872847916899235,12.52263137374041,-26.84473471182288
0.10360000000000001,11.173189915822368,-5.654453372848028,-0.6906808414886407,12.527640413581624,-10.482509074333729,-6.873187040733592,12.522500382940587,-26.84275508012538
0.10365,11.17325958925774,-5.654009406746053,-0.6906961891161141,12.527542616963974,-10.482563400141625,-6.873533210217918,12.52236208630436,-26.840798656734705
0.1037,11.173320488983993,-5.6535670009587085,-0.6907084957968257,12.527453215137118,-10.482611993187167,-6.873886214178409,12.522216680120128,-26.83886668483926
0.10375000000000001,11.173372680152392,-5.653126485073014,-0.6907180804211933,12.527372316789114,-10.482654599731196,-6.874245831716101,12.522064370774086,-26.836960373045716
0.1038,11.173416240296262,-5.65268818598478,-0.6907252657513429,12.527300018505658,-10.48269097454492,-6.874611832520878,12.521905374458322,-26.83508089366597
0.10385000000000001,11.17345125922055,-5.652252427433929,-0.6907303779616404,12.527236404632738,-10.482720881258908,-6.874983977198807,12.52173991686499,-26.83322938105511
0.1039,11.173477838874526,-5.651819529543098,-0.6907337461756929,12.527181547156571,-10.48274409269883,-6.875362017613473,12.521568232867036,-26.831406929996074
0.10395,11.17349609320623,-5.651389808363301,-0.6907357019970187,12.527135505601251,-10.482760391209212,-6.875745697237947,12.52139056618583,-26.829614594149493
0.10400000000000001,11.173506148000671,-5.650963575423815,-0.6907365790379713,12.527098326944095,-10.482769568962699,-6.876134751520274,12.52120716904626,-26.827853384552842
0.10405,11.173508140700934,-5.650541137288955,-0.6907367124452737,12.527070045548783,-10.48277142825566,-6.87652890825983,12.521018301819735,-26.826124268181555
0.1041,11.173502220212601,-5.650122795122152,-0.6907364384231002,12.527050683116514,-10.4827657817895,-6.876927887994361,12.520824232655567,-26.824428166573043
0.10415,11.173488546691804,-5.649708844257801,-0.6907360937545679,12.527040248655112,-10.482752452937234,-6.877331404397308,12.52062523710129,-26.822765954514765
0.1042,11.17346729131766,-5.649299573780673,-0.6907360153232048,12.527038738466247,-10.482731275994453,-6.877739164685573,12.52042159771244,-26.821138458794017
0.10425000000000001,11.173438636048633,-5.648895266114927,-0.6907365396334734,12.527046136150632,-10.48270209641516,-6.878150870035701,12.520213603652293,-26.819546457018802
0.1043,11.173402773363613,-5.648496196622617,-0.690738002331832,12.527062412631407,-10.482664771031779,-6.878566216008788,12.520001550282247,-26.81799067650761
0.10435,11.173359905988326,-5.648102633211507,-0.6907407377298223,12.527087526195478,-10.4826191682585,-6.878984892983969,12.519785738743222,-26.816471793246254
0.1044,11.173310246606817,-5.647714835954295,-0.6907450783281597,12.527121422552838,-10.48256516827866,-6.879406586598546,12.5195664755289,-26.814990430920833
0.10445,11.173254017559,-5.647333056718498,-0.6907513543439336,12.527164034913786,-10.482502663215065,-6.879830978195283,12.519344072051211,-26.813547160021827
0.10450000000000001,11.173191450524193,-5.646957538808523,-0.6907598932405271,12.527215284083965,-10.482431557283665,-6.88025774527544,12.519118844198793,-26.812142497025718
0.10455,11.173122786191843,-5.646588516619073,-0.6907710192623483,12.527275078577027,-10.482351766929494,-6.880686561957954,12.518891111889015,-26.81077690364834
0.1046,11.173048273919001,-5.646226215301974,-0.6907850529733209,12.527343314744712,-10.48226322094568,-6.881117099442735,12.518661198614154,-26.809450786179333
0.10465,11.17296817137549,-5.645870850446143,-0.6908023108006268,12.527419876924338,-10.482165860574861,-6.881549026478194,12.518429430982437,-26.8081644948948
0.1047,11.17288274417765,-5.645522627770447,-0.6908231045851426,12.52750463760334,-10.482059639592505,-6.881982009832891,12.518196138254538,-26.80691832354533
0.10475000000000001,11.172792265510365,-5.645181742831313,-0.6908477411375729,12.527597457600613,-10.481944524372794,-6.8824157147693015,12.517961651876245,-26.8057125089277
0.1048,11.172697015738338,-5.644848380744768,-0.6908765218017474,12.527698186264516,-10.481820493936588,-6.882849805519746,12.51772630500784,-26.80454723053706
0.10485,11.17259728200752,-5.644522715922662,-0.6909097420265154,12.52780666168715,-10.481687539981007,-6.883283945764484,12.517490432051018,-26.80342261029677
0.10490000000000001,11.172493357836554,-5.644204911824801,-0.6909476909451969,12.52792271093469,-10.481545666891359,-6.883717799109888,12.517254368173923,-26.802338712373363
0.10495,11.172385542699091,-5.643895120726635,-0.6909906509640275,12.528046150293356,-10.481394891735066,-6.88415102956672,12.517018448834914,-26.801295543073497
0.10500000000000001,11.172274141598061,-5.643593483502229,-0.6910388973609848,12.52817678553074,-10.481235244237078,-6.884583302028511,12.516783009305927,-26.800293050819633
0.10505,11.1721594646317,-5.643300129424063,-0.6910926978939393,12.528314412172126,-10.481066766737761,-6.8850142827480605,12.516548384195914,-26.799331126211285
0.1051,11.172041826552292,-5.6430151759794125,-0.6911523124195027,12.528458815791334,-10.480889514132791,-6.88544363981192,12.51631490697513,-26.79840960216895
0.10515000000000001,11.171921546318714,-5.642738728702735,-0.6912179925239338,12.528609772315717,-10.480703553794777,-6.885871043612976,12.516082909500964,-26.797528254156138
0.1052,11.17179894664258,-5.642470881025813,-0.6912899811649884,12.528767048344946,-10.480508965477593,-6.886296167319132,12.515852721545922,-26.796686800487365
0.10525000000000001,11.171674353529099,-5.642211714145072,-0.6913685123260677,12.528930401483024,-10.480305841203029,-6.886718687337952,12.515624670328513,-26.795884902717283
0.1053,11.171548095813552,-5.6419612969055954,-0.6914538106838877,12.529099580683017,-10.480094285129663,-6.8871382837774195,12.51539908004759,-26.79512216610742
0.10535,11.171420504693428,-5.641719685703454,-0.6915460912886289,12.529274326604206,-10.479874413404799,-6.887554640900752,12.515176271420977,-26.794398140177016
0.10540000000000001,11.171291913257184,-5.641486924405705,-0.6916455592577824,12.52945437198104,-10.4796463539994,-6.887967447575332,12.514956561228884,-26.793712319333505
0.10545,11.171162656010653,-5.641263044287516,-0.6917524094848748,12.52963944200321,-10.479410246525774,-6.888376397715694,12.51474026186285,-26.79306414357834
0.10550000000000001,11.171033068401075,-5.6410480639879905,-0.6918668263618835,12.529829254706629,-10.47916624203919,-6.88878119071864,12.514527680880848,-26.79245299929473
0.10555,11.17090348634001,-5.64084198948349,-0.6919889835171523,12.530023521374488,-10.478914502822855,-6.889181531890996,12.514319120569182,-26.791878220109894
0.1056,11.170774245725335,-5.640644814079478,-0.6921190435680183,12.530221946947997,-10.478655202157316,-6.889577132868522,12.514114877511798,-26.79133908783559
0.10565000000000001,11.170645681963698,-5.640456518419533,-0.692257157890041,12.530424230446037,-10.478388524073653,-6.889967712026504,12.513915242167643,-26.790834833478733
0.1057,11.17051812949327,-5.640277070513143,-0.6924034664014118,12.530630065393332,-10.478114663091853,-6.890352994880188,12.513720498456651,-26.79036463832897
0.10575000000000001,11.170391921307957,-5.640106425781371,-0.6925580973637476,12.53083914025644,-10.477833823944211,-6.890732714475067,12.513530923355022,-26.78992763511726
0.1058,11.170267388483762,-5.639944527120196,-0.6927211671997275,12.53105113888685,-10.477546221284033,-6.891106611766658,12.51334678650028,-26.789522909243125
0.10585,11.170144859708083,-5.639791304981152,-0.6928927803280892,12.531265740970694,-10.477252079379998,-6.891474435989539,12.513168349806692,-26.78914950006766
0.10590000000000001,11.170024660811743,-5.639646677471271,-0.6930730290140696,12.531482622484441,-10.476951631797672,-6.891835945013171,12.512995867091751,-26.788806402280766
0.10595,11.169907114305685,-5.639510550469028,-0.6932619932386634,12.531701456155774,-10.476645121067016,-6.892190905686744,12.512829583713998,-26.788492567325267
0.10600000000000001,11.16979253892247,-5.6393828177578,-0.693459740585369,12.53192191192908,-10.476332798337099,-6.89253909417128,12.51266973622296,-26.788206904883754
0.10605,11.169681249162371,-5.6392633611779575,-0.6936663261429208,12.532143657435041,-10.47601492301945,-6.892880296257084,12.512516552021562,-26.787948284433238
0.1061,11.169573554846432,-5.639152050794093,-0.6938817924279044,12.532366358463356,-10.475691762418528,-6.893214307669262,12.512370249041545,-26.787715536848385
0.10615000000000001,11.169469760675602,-5.6390487450801485,-0.6941061693238986,12.532589679438155,-10.475363591351698,-6.893540934358008,12.512231035432357,-26.7875074560665
0.1062,11.169370165797165,-5.638953291120983,-0.6943394740387225,12.532813283895377,-10.475030691758441,-6.893859992774391,12.512099109263959,-26.78732280080573
0.10625000000000001,11.169275063379535,-5.638865524829346,-0.6945817110805859,12.533036834961349,-10.47469335229895,-6.894171310131999,12.511974658244032,-26.787160296330075
0.1063,11.169184740194872,-5.638785271179899,-0.6948328722509539,12.533259995832033,-10.474351867943918,-6.894474724652131,12.511857859449867,-26.78701863626902
0.10635,11.169099476211448,-5.638712344457664,-0.6950929366568229,12.53348243025206,-10.474006539554622,-6.894770085794396,12.511748879075462,-26.786896484477023
0.10640000000000001,11.169019544195283,-5.638646548522406,-0.6953618707402057,12.53370380299309,-10.473657673455076,-6.895057254470681,12.511647872194128,-26.786792476940022
0.10645,11.168945209322018,-5.638587677087893,-0.695639628325577,12.53392378033066,-10.473305580996444,-6.895336103242768,12.51155498253693,-26.786705223722603
0.10650000000000001,11.168876728799953,-5.638535514014854,-0.6959261506860787,12.53414203051888,-10.472950578113874,-6.8956065165040235,12.511470342287348,-26.786633310949007
0.10655,11.16881435150404,-5.638489833618664,-0.6962213666268076,12.534358224262334,-10.472592984877235,-6.89586839064367,12.511394071892374,-26.786575302822584
0.1066,11.168758317621712,-5.638450400990692,-0.696525192585731,12.53457203518453,-10.472233125035979,-6.896121634193836,12.511326279890406,-26.786529743677523
0.10665000000000001,11.168708858311653,-5.638416972331584,-0.6968375327535155,12.534783140292092,-10.471871325558139,-6.896366167960508,12.511267062756117,-26.78649516005334
0.1067,11.168666195374476,-5.6383892952990955,-0.6971582792086567,12.534991220434287,-10.471507916165818,-6.896601925135191,12.511216504762597,-26.786470062804995
0.10675000000000001,11.168630540937428,-5.638367109366562,-0.697487312071549,12.535195960756985,-10.471143228865879,-6.896828851390422,12.511174677860865,-26.78645294922806
0.1068,11.168602097152931,-5.638350146193021,-0.6978244996755516,12.5353970511505,-10.470777597477376,-6.89704690495748,12.511141641577067,-26.786442305203618
0.10685,11.168581055910494,-5.638338130005873,-0.6981696987531748,12.535594186690764,-10.470411357157317,-6.89725605668489,12.511117442927345,-26.786436607367133
0.10690000000000001,11.168567598564076,-5.638330777992609,-0.6985227546405391,12.535787068073049,-10.470044843923537,-6.897456290080438,12.511102116350663,-26.786434325282954
0.10695,11.168561895674143,-5.638327800703024,-0.6988835014974677,12.535975402037732,-10.469678394176672,-6.897647601334706,12.511095683659567,-26.78643392363159
0.10700000000000001,11.168564106764952,-5.638328902461114,-0.6992517625431878,12.536158901787427,-10.469312344221764,-6.897829999326312,12.511098154008975,-26.78643386440537
0.10705,11.168574380097533,-5.638333781785895,-0.6996273503075353,12.53633728739498,-10.468947029789998,-6.898003505609082,12.511109523883125,-26.786432609108257
0.1071,11.168592852459025,-5.638342131819794,-0.700010066898171,12.536510286201626,-10.468582785560852,-6.898168154381834,12.511129777100589,-26.786428620952908
0.10715000000000001,11.168619648967912,-5.638353640765447,-0.7003997042817139,12.536677633204862,-10.4682199446862,-6.898323992439415,12.511158884837371,-26.786420367059193
0.1072,11.168654882896169,-5.638367992329078,-0.7007960445798246,12.536839071435395,-10.467858838316342,-6.898471079106315,12.511196805668174,-26.78640632064461
0.10725000000000001,11.168698655507932,-5.638384866170726,-0.7011988603787994,12.536994352322674,-10.46749979512913,-6.898609486151949,12.511243485625549,-26.7863849632083
0.1073,11.168751055915726,-5.638403938359457,-0.7016079150535974,12.537143236048504,-10.467143140862126,-6.898739297689045,12.511298858277108,-26.78635478669891
0.10735,11.168812160953554,-5.638424881834376,-0.7020229631041512,12.53728549188813,-10.466789197849401,-6.898860610053752,12.511362844820422,-26.78631429567095
0.10740000000000001,11.168882035067519,-5.638447366870114,-0.7024437505043302,12.53742089853849,-10.466438284563186,-6.898973531668376,12.511435354195717,-26.786262009422785
0.10745,11.168960730224377,-5.638471061545374,-0.7028700150638352,12.537549244433002,-10.466090715160542,-6.899078182887629,12.51151628321599,-26.78619646410953
0.1075,11.169048285837476,-5.638495632215316,-0.7033014868008739,12.537670328042482,-10.465746799036602,-6.899174695827164,12.511605516714484,-26.78611621483517
0.10755,11.169144728710599,-5.6385207439863985,-0.7037378883259252,12.537783958161848,-10.465406840384674,-6.899263214175451,12.511702927709269,-26.786019837717014
0.1076,11.169250073000068,-5.638546061192287,-0.7041789352368817,12.537889954182093,-10.465071137763186,-6.8993438929898065,12.511808377584716,-26.785905931916087
0.10765000000000001,11.169364320194477,-5.638571247871562,-0.7046243365233229,12.53798814634719,-10.464739983671153,-6.899416898475626,12.511921716289521,-26.78577312163766
0.1077,11.169487459112453,-5.638595968245856,-0.7050737949801846,12.538078375995575,-10.464413664132268,-6.899482407749721,12.51204278255109,-26.78562005809542
0.10775,11.169619465918807,-5.63861988719702,-0.7055270076310641,12.53816049578584,-10.464092458287741,-6.899540608588818,12.512171404105928,-26.785445421432794
0.1078,11.169760304158325,-5.63864267074405,-0.7059836661589702,12.538234369906299,-10.463776637999352,-6.899591699162247,12.5123073979457,-26.78524792260593
0.10785,11.169909924807486,-5.638663986518415,-0.7064434573445841,12.538299874268233,-10.4634664674629,-6.899635887749816,12.51245057057859,-26.78502630522212
0.10790000000000001,11.170068266344458,-5.638683504236363,-0.7069060635123573,12.538356896682341,-10.463162202832098,-6.899673392445978,12.512600718305638,-26.78477934732707
0.10795,11.17023525483648,-5.638700896168983,-0.7073711629821444,12.53840533701836,-10.462864091854334,-6.899704440849377,12.51275762751156,-26.784505863146077
0.108,11.170410804044922,-5.63871583760863,-0.7078384305265246,12.538445107347506,-10.462572373518398,-6.899729269738877,12.512921074969741,-26.78420470477278
0.10805000000000001,11.170594815548183,-5.638728007330335,-0.7083075378339331,12.53847613206753,-10.46228727771425,-6.899748124737193,12.51309082816086,-26.783874763799453
0.1081,11.170787178881588,-5.638737088048986,-0.7087781539754343,12.538498348010258,-10.462009024906152,-6.89976125996127,12.513266645604753,-26.783514972893897
0.10815000000000001,11.170987771694392,-5.638742766870881,-0.7092499458751934,12.538511704531466,-10.461737825819199,-6.899768937660585,12.513448277204981,-26.783124307316843
0.1082,11.171196459924055,-5.638744735738358,-0.709722578784782,12.53851616358291,-10.461473881139273,-6.89977142784455,12.513635464605672,-26.782701786374396
0.10825,11.171413097986795,-5.638742691868297,-0.7101957167589923,12.538511699766445,-10.461217381227803,-6.899769007898144,12.513827941560049,-26.78224647481072
0.10830000000000001,11.171637528984748,-5.638736338182678,-0.7106690231339196,12.538498300370147,-10.460968505850829,-6.8997619621874655,12.514025434310186,-26.781757484132985
0.10835,11.17186958492899,-5.638725383731479,-0.7111421610054717,12.538475965386423,-10.460727423923515,-6.899750581654944,12.514227661977353,-26.781233973871203
0.10840000000000001,11.172109086978736,-5.638709544106071,-0.7116147937091478,12.53844470751201,-10.460494293269587,-6.899735163405934,12.514434336962486,-26.7806751527649
0.10845,11.172355845695643,-5.6386885418440205,-0.7120865852986807,12.538404552129878,-10.46026926039696,-6.899716010285854,12.514645165356173,-26.78008027988254
0.1085,11.172609661313126,-5.638662106824015,-0.7125572010236622,12.538355537273178,-10.460052460289463,-6.899693430449168,12.514859847357478,-26.77944866566875
0.10855000000000001,11.172870324020789,-5.638629976649621,-0.7130263078062201,12.538297713571126,-10.459844016214568,-6.899667736921506,12.515078077701157,-26.778779672913874
0.1086,11.17313761426274,-5.638591897022785,-0.7134935747145559,12.53823114417694,-10.459644039548182,-6.899639247154159,12.51529954609253,-26.778072717652154
0.10865000000000001,11.173411303049843,-5.638547622105709,-0.7139586734335325,12.53815590467807,-10.45945262961631,-6.899608282572357,12.515523937649432,-26.77732726998301
0.1087,11.173691152285466,-5.638496914870502,-0.7144212787317634,12.538072082988638,-10.459269873553701,-6.899575168118139,12.515750933350612,-26.776542854813833
0.10875,11.17397691510445,-5.6384395474357465,-0.7148810689248477,12.537979779224381,-10.459095846179604,-6.899540231788634,12.515980210489891,-26.775719052521513
0.10880000000000001,11.174268336223815,-5.638375301391646,-0.7153377263319249,12.53787910556026,-10.458930609891892,-6.899503804168613,12.516211443135557,-26.774855499542586
0.10885,11.1745651523061,-5.638303968110215,-0.7157909377280872,12.537770186070887,-10.458774214578012,-6.899466217960674,12.516444302594136,-26.77395188887581
0.10890000000000001,11.174867092334205,-5.6382253490415755,-0.7162403947904639,12.537653156554018,-10.458626697543744,-6.899427807512442,12.516678457878069,-26.773007970503965
0.10895,11.1751738779964,-5.6381392559974115,-0.7166857945356484,12.537528164337399,-10.45848808346075,-6.899388908339988,12.516913576176524,-26.772023551741935
0.109,11.175485224082651,-5.638045511417812,-0.7171268397516853,12.537395368069197,-10.458358384330962,-6.899349856651384,12.517149323328704,-26.770998497493498
0.10905000000000001,11.175800838890153,-5.637943948624135,-0.717563239420473,12.537254937492296,-10.45823759946968,-6.899310988868158,12.517385364298942,-26.769932730431947
0.1091,11.17612042463817,-5.637834412056375,-0.7179947091314635,12.537107053202895,-10.458125715506707,-6.8992726411465215,12.51762136365298,-26.768826231098274
0.10915000000000001,11.176443677891896,-5.637716757493845,-0.7184209714868731,12.53695190639356,-10.458022706405021,-6.899235148899711,12.517856986034658,-26.767679037912718
0.1092,11.17677028999376,-5.637590852261001,-0.7188417564955515,12.53678969858128,-10.457928533498208,-6.89919884632028,12.5180918966424,-26.766491247110533
0.10925,11.177099947502757,-5.637456575415605,-0.7192568019576354,12.536620641320836,-10.457843145545121,-6.899164065905229,12.518325761704828,-26.765263012589365
0.10930000000000001,11.177432332640201,-5.637313817920988,-0.7196658538372855,12.536444955903814,-10.457766478802913,-6.899131137982826,12.518558248954768,-26.76399454567888
0.10935,11.177767123741642,-5.637162482801397,-0.7200686666237762,12.536262873043892,-10.457698457117862,-6.8991003902424906,12.518789028101045,-26.762686114829123
0.10940000000000001,11.178103995714645,-5.637002485279477,-0.7204650036812335,12.536074632548596,-10.457638992033415,-6.899072147269114,12.519017771297344,-26.76133804521437
0.10945,11.178442620501125,-5.6368337528970915,-0.7208546375849947,12.535880482978207,-10.457587982916131,-6.899046730081118,12.519244153607515,-26.759950718260306
0.1095,11.178782667543837,-5.6366562256187,-0.7212373504447791,12.535680681292215,-10.457545317099056,-6.899024455673513,12.51946785346664,-26.75852457109209
0.10955000000000001,11.17912380425703,-5.636469855915905,-0.7216129342155865,12.535475492483718,-10.45751087004144,-6.899005636567808,12.519688553137206,-26.757060095897828
0.1096,11.17946569649901,-5.636274608836095,-0.7219811909924919,12.535265189202569,-10.45748450550652,-6.898990580366476,12.51990593915979,-26.755557839224103
0.10965000000000001,11.179808009047758,-5.636070462051563,-0.7223419332927721,12.53505005136749,-10.457466075754983,-6.898979589315924,12.520119702797514,-26.75401840118643
0.1097,11.180150406077784,-5.63585740589125,-0.7226949843227153,12.53483036576788,-10.45745542175507,-6.898972959876628,12.520329540473783,-26.75244243460726
0.10975,11.180492551637771,-5.635635443354617,-0.7230401782288982,12.534606425655886,-10.457452373408875,-6.898970982301269,12.520535154202575,-26.75083064408061
0.10980000000000001,11.180834110128329,-5.63540459010763,-0.7233773603338344,12.534378530329274,-10.457456749794497,-6.898973940221644,12.520736252010712,-26.749183784964444
0.10985,11.181174746779615,-5.635164874460004,-0.723706387356563,12.534146984705645,-10.457468359423054,-6.898982110245643,12.520932548351581,-26.747502662298153
0.10990000000000001,11.181514128127423,-5.634916337325165,-0.7240271276161813,12.533912098888726,-10.457487000511245,-6.89899576156356,12.521123764509607,-26.745788129653846
0.10995,11.181851922487402,-5.634659032162306,-0.724339461218863,12.533674187727264,-10.457512461268538,-6.899015155564958,12.521309628995022,-26.744041087919697
0.11,11.182187800427114,-5.634393024899834,-0.7246432802289839,12.53343357036713,-10.45754452019813,-6.899040545467298,12.5214898779283,-26.742262484013086
0.11005000000000001,11.182521435234477,-5.634118393841942,-0.724938488822269,12.533190569797359,-10.457582946412208,-6.8990721759554186,12.52166425541376,-26.740453309533645
0.1101,11.1828525033826,-5.633835229557043,-0.7252250034223,12.5329455123907,-10.4576274999603,-6.899110282833659,12.521832513901812,-26.738614599351095
0.11015000000000001,11.183180684989823,-5.6335436347492545,-0.7255027528190235,12.53269872743938,-10.4576779321708,-6.899155092690127,12.521994414539293,-26.736747430135072
0.1102,11.18350566427498,-5.633243724111836,-0.7257716782706128,12.532450546686633,-10.457733986004365,-6.899206822574799,12.522149727507491,-26.734852918822536
0.11025,11.183827130006481,-5.6329356241642685,-0.726031733586744,12.532201303854858,-10.45779539641974,-6.899265679690588,12.522298232347284,-26.732932221032495
0.11030000000000001,11.184144775944908,-5.632619473072544,-0.7262828851940067,12.531951334170904,-10.457861890750898,-6.899331861098359,12.52243971827103,-26.730986529426893
0.11035,11.184458301278852,-5.6322954204521265,-0.726525112184244,12.531700973889185,-10.45793318909461,-6.899405553437057,12.52257398446068,-26.729017072016013
0.11040000000000001,11.18476741105273,-5.631963627155377,-0.7267584063439798,12.531450559813381,-10.45800900470875,-6.899486932658002,12.522700840351826,-26.727025110418275
0.11045,11.185071816586191,-5.631624265042985,-0.7269827721658695,12.531200428817368,-10.458089044420323,-6.899576163774381,12.522820105903127,-26.725011938073372
0.1105,11.185371235885029,-5.631277516739025,-0.7271982268428089,12.530950917365997,-10.458173009042218,-6.8996734006269715,12.522931611850902,-26.722978878407208
0.11055000000000001,11.18566539404217,-5.630923575371406,-0.7274048002432457,12.530702361036472,-10.458260593798924,-6.899778785665062,12.523035199948376,-26.720927282958883
0.1106,11.185954023628623,-5.630562644297406,-0.727602534868405,12.53045509404103,-10.458351488760222,-6.899892449743623,12.52313072318942,-26.718858529468573
0.11065000000000001,11.186236865074115,-5.630194936813913,-0.7277914857923597,12.530209448751517,-10.458445379281757,-6.900014511937607,12.523218046016295,-26.716774019925243
0.1107,11.186513667036206,-5.629820675854248,-0.7279717205834493,12.529965755226572,-10.458541946452756,-6.900145079372325,12.523297044511235,-26.71467517858433
0.11075,11.186784186757714,-5.629440093671296,-0.7281433192078864,12.529724340742156,-10.458640867549827,-6.900284247070861,12.523367606571579,-26.712563449954533
0.11080000000000001,11.187048190412252,-5.629053431506648,-0.7283063739165271,12.529485529325997,-10.45874181649572,-6.900432097819347,12.523429632068158,-26.710440296752758
0.11085,11.187305453436728,-5.6286609392476885,-0.7284609891133987,12.529249641296671,-10.458844464323333,-6.900588702048978,12.523483032986784,-26.708307197837495
0.1109,11.187555760850676,-5.62826287507236,-0.7286072812069093,12.529016992807941,-10.45894847964377,-6.90075411773558,12.523527733552593,-26.706165646119683
0.11095000000000001,11.18779890756226,-5.6278595050814495,-0.7287453784447884,12.528787895399066,-10.459053529117476,-6.900928390317616,12.523563670337087,-26.704017146450575
0.111,11.188034698659937,-5.6274511029203005,-0.7288754207313958,12.52856265555163,-10.459159277928539,-6.901111552631328,12.523590792347761,-26.701863213496544
0.11105000000000001,11.188262949689555,-5.627037949389789,-0.7289975594284506,12.528341574253572,-10.459265390261109,-6.901303624863783,12.523609061100114,-26.699705369600323
0.1111,11.188483486917026,-5.62662033204643,-0.7291119571402391,12.528124946571051,-10.459371529776787,-6.901504614524619,12.523618450672046,-26.697545142627924
0.11115,11.188696147575232,-5.6261985447936445,-0.7292187874819723,12.52791306122871,-10.459477360093258,-6.901714516435067,12.523618947740426,-26.695384063812053
0.11120000000000001,11.188900780095691,-5.625772887463512,-0.7293182348329958,12.52770620019897,-10.459582545262695,-6.901933312735461,12.523610551599944,-26.693223665588206
0.11125,11.189097244323985,-5.625343665390618,-0.7294104940741586,12.527504638300956,-10.45968675024983,-6.902160972910336,12.523593274164128,-26.69106547943177
0.11130000000000001,11.189285411719363,-5.624911188977213,-0.7294957703111415,12.527308642809514,-10.459789641408221,-6.902397453832295,12.523567139948458,-26.688911033692214
0.11135,11.189465165537465,-5.624475773251935,-0.7295742785824162,12.52711847307507,-10.459890886955048,-6.902642699823136,12.523532186035789,-26.686761851435413
0.1114,11.189636400996305,-5.62403773742182,-0.7296462435531926,12.526934380154705,-10.459990157443116,-6.902896642732884,12.52348846202392,-26.684619448292754
0.11145000000000001,11.189799025425387,-5.6235974044181924,-0.729711899195922,12.526756606455018,-10.460087126229464,-6.903159202036823,12.523436029955596,-26.682485330319484
0.1115,11.189952958397761,-5.623155100436728,-0.7297714884580989,12.526585385387287,-10.460181469939663,-6.903430284950558,12.523374964230785,-26.680360991863854
0.11155000000000001,11.19009813184399,-5.622711154474396,-0.7298252629156001,12.526420941035514,-10.460272868928389,-6.903709786561119,12.523305351501621,-26.678247913460094
0.1116,11.190234490149198,-5.6222658978610065,-0.7298734824153685,12.526263487837616,-10.460361007733825,-6.903997589976608,12.523227290549968,-26.676147559733476
0.11165,11.190361990232406,-5.621819663787422,-0.7299164147063095,12.52611323028039,-10.460445575526101,-6.90429356649297,12.523140892147827,-26.67406137732734
0.11170000000000001,11.190480601607346,-5.621372786832631,-0.7299543350572701,12.525970362608694,-10.460526266550078,-6.9045975757760605,12.523046278900864,-26.67199079286273
0.11175,11.190590306426204,-5.620925602486932,-0.7299875258664643,12.525835068549055,-10.46060278055974,-6.904909466062122,12.522943585075083,-26.669937210916242
0.11180000000000001,11.190691099504887,-5.620478446675036,-0.730016276259403,12.525707521048373,-10.460674823245483,-6.905229074373336,12.52283295640713,-26.6679020120345
0.11185,11.190782988330264,-5.62003165527846,-0.7300408816773499,12.525587882027907,-10.460742106652916,-6.905556226749449,12.522714549898277,-26.665886550781718
0.1119,11.190865993049806,-5.619585563657174,-0.730061643457693,12.52547630215292,-10.460804349592115,-6.905890738495743,12.522588533592515,-26.663892153819166
0.11195000000000001,11.190940146442596,-5.619140506173211,-0.7300788684045871,12.525372920618379,-10.46086127803801,-6.906232414445167,12.522455086338988,-26.66192011802977
0.112,11.191005493872982,-5.618696815714476,-0.730092868353147,12.525277864950942,-10.460912625519835,-6.906581049236461,12.522314397539109,-26.659971708677894
0.11205000000000001,11.191062093225932,-5.618254823221479,-0.7301039597256043,12.525191250827573,-10.460958133500323,-6.906936427606097,12.522166666878771,-26.658048157617344
0.1121,11.191110014824572,-5.617814857216783,-0.7301124630809428,12.52511318191099,-10.460997551743624,-6.907298324694205,12.522012104045915,-26.656150661545713
0.11215,11.191149341330387,-5.617377243337259,-0.7301187026594378,12.52504374970219,-10.461030638670948,-6.907666506364931,12.52185092843398,-26.654280380304424
0.11220000000000001,11.191180167625536,-5.616942303871081,-0.7301230059211643,12.52498303341031,-10.46105716170437,-6.908040729539233,12.521683368831512,-26.652438435233456
0.11225,11.191202600677698,-5.616510357299593,-0.7301257030798425,12.52493109983998,-10.461076897597858,-6.908420742540382,12.521509663098492,-26.650625907580427
0.11230000000000001,11.191216759388373,-5.616081717843424,-0.7301271266340918,12.524888003296185,-10.461089632754284,-6.908806285452762,12.521330057829733,-26.64884383695957
0.11235,11.19122277442322,-5.615656695016535,-0.7301276108933002,12.524853785507174,-10.46109516352992,-6.909197090490638,12.521144808005896,-26.64709321987858
0.1124,11.191220788026463,-5.6152355931853775,-0.7301274915027033,12.524828475564977,-10.461093296523758,-6.909592882379599,12.52095417663253,-26.64537500831758
0.11245000000000001,11.191210953818604,-5.614818711135878,-0.730127104966022,12.524812089884069,-10.46108384885258,-6.909993378748189,12.520758434367746,-26.64369010837297
0.1125,11.191193436577802,-5.614406341648568,-0.730126788166617,12.524804632178018,-10.461066648411183,-6.910398290529447,12.520557859138934,-26.642039378966647
0.11255000000000001,11.191168412005386,-5.613998771082361,-0.7301268778880123,12.52480609345421,-10.461041534117372,-6.910807322371847,12.520352735749157,-26.64042363062177
0.1126,11.191136066476144,-5.613596278966719,-0.7301277103353628,12.52481645202663,-10.46100835614078,-6.911220173059909,12.520143355473696,-26.638843624302698
0.11265,11.191096596773093,-5.6131991376042984,-0.7301296206569406,12.524835673546708,-10.46096697611615,-6.91163653594241,12.51993001564737,-26.637300070328347
0.11270000000000001,11.191050209807436,-5.612807611683805,-0.7301329424671318,12.524863711052207,-10.460917267340307,-6.912056099368404,12.51971301924316,-26.63579362735634
0.11275,11.190997122324495,-5.612421957903038,-0.7301380073724069,12.524900505033996,-10.460859114952088,-6.9124785471309576,12.519492674442814,-26.63432490143644
0.11280000000000001,11.190937560595211,-5.612042424604039,-0.7301451444992642,12.524945983520702,-10.460792416095948,-6.9129035589166605,12.51926929419989,-26.632894445141908
0.11285,11.19087176009437,-5.611669251419688,-0.7301546800262333,12.525000062181098,-10.460717080068134,-6.91333081076141,12.519043195796028,-26.631502756773795
0.1129,11.190799965165485,-5.6113026689331305,-0.7301669367195366,12.52506264444408,-10.460633028445953,-6.913759975510949,12.518814700390923,-26.63015027964406
0.11295000000000001,11.190722428673466,-5.610942898349306,-0.7301822334744941,12.52513362163598,-10.460540195198968,-6.914190723286672,12.518584132566746,-26.628837401432275
0.113,11.190639411644792,-5.610590151180536,-0.730200884861634,12.525212873135196,-10.460438526783156,-6.9146227219546565,12.51835181986757,-26.627564453624576
0.11305000000000001,11.190551182896106,-5.610244628945889,-0.7302232006789598,12.525300266543775,-10.460327982217143,-6.915055637597887,12.51811809233455,-26.626331711031906
0.1131,11.190458018652052,-5.609906522884038,-0.7302494855118032,12.525395657875732,-10.460208533140248,-6.915489134991696,12.517883282037378,-26.62513939138481
0.11315,11.190360202152245,-5.609576013681478,-0.7302800382992833,12.525498891761849,-10.46008016385296,-6.915922878080373,12.517647722602815,-26.623987655012723
0.11320000000000001,11.190258023248232,-5.609253271215739,-0.7303151519088179,12.525609801670736,-10.459942871339411,-6.916356530454998,12.517411748740868,-26.622876604604556
0.11325,11.190151777991451,-5.608938454313271,-0.7303551127200547,12.525728210145688,-10.4597966652714,-6.916789755832418,12.517175695769367,-26.62180628504735
0.11330000000000001,11.190041768211964,-5.608631710523731,-0.7304002002172326,12.525853929057083,-10.45964156799473,-6.917222218533353,12.516939899137517,-26.62077668335058
0.11335,11.189928301088992,-5.60833317591037,-0.7304506865913595,12.52598675987007,-10.459477614497633,-6.917653583959701,12.516704693949173,-26.61978772865291
0.1134,11.189811688714206,-5.608042974855982,-0.7305068363535574,12.526126493926906,-10.459304852360647,-6.918083519070923,12.516470414486532,-26.61883929230727
0.11345000000000001,11.189692247647665,-5.60776121988621,-0.7305689059585379,12.526272912743789,-10.459123341689123,-6.918511692857579,12.516237393734826,-26.617931188052
0.1135,11.189570298467382,-5.607488011509737,-0.7306371434395265,12.526425788321669,-10.458933155027857,-6.918937776811933,12.516005962908809,-26.61706317226414
0.11355000000000001,11.189446165313575,-5.607223438074822,-0.7307117880559814,12.526584883470536,-10.458734377257597,-6.919361445395714,12.515776450981628,-26.616234944290643
0.1136,11.189320175427422,-5.6069675756438695,-0.7307930699529795,12.526749952146831,-10.458527105474442,-6.919782376502956,12.515549184216763,-26.615446146864883
0.11365,11.1891926586855,-5.606720487885482,-0.7308812098335724,12.526920739803456,-10.458311448851926,-6.920200251917974,12.515324485703768,-26.614696366603816
0.11370000000000001,11.189063947130752,-5.606482225983394,-0.7309764186453924,12.527096983751834,-10.458087528485354,-6.9206147577684405,12.515102674898394,-26.613985134581746
0.11375,11.18893437450003,-5.6062528285639335,-0.7310788972802955,12.527278413535596,-10.457855477219736,-6.921025584971667,12.51488406716776,-26.613311926987443
0.11380000000000001,11.188804275749291,-5.606032321641282,-0.7311888362883441,12.527464751315307,-10.457615439460952,-6.921432429674023,12.514668973341337,-26.612676165859444
0.11385,11.188673986577324,-5.605820718580032,-0.7313064156072736,12.527655712263646,-10.45736757097005,-6.921834993683614,12.514457699268206,-26.612077219895752
0.1139,11.188543842948084,-5.605618020076456,-0.7314318043062058,12.527851004970627,-10.45711203864188,-6.922232984894166,12.514250545381348,-26.611514405343772
0.11395000000000001,11.18841418061287,-5.605424214157386,-0.731565160345301,12.528050331858061,-10.45684902026757,-6.922626117700674,12.514047806269605,-26.610986986963315
0.114,11.188285334632564,-5.6052392761975325,-0.7317066303507124,12.52825338960291,-10.456578704281853,-6.923014113405377,12.513849770257814,-26.61049417906584
0.11405,11.188157638901258,-5.6050631689540715,-0.73185634940657,12.528459869568707,-10.456301289494691,-6.923396700614638,12.51365671899585,-26.6100351466224
0.11410000000000001,11.188031425671168,-5.6048958426198245,-0.7320144408625288,12.52866945824461,-10.45601698480864,-6.92377361562478,12.513468927057062,-26.609609006446014
0.11415,11.187907025079936,-5.604737234894298,-0.7321810161581375,12.528881837691358,-10.455726008921799,-6.92414460279706,12.51328666154674,-26.609214828443196
0.11420000000000001,11.187784764681064,-5.604587271072203,-0.7323561746644225,12.52909668599356,-10.455428590016645,-6.924509414921356,12.513110181721183,-26.60885163693165
0.11425,11.187664968978257,-5.6044458641491826,-0.7325400035431431,12.52931367771754,-10.455124965435116,-6.9248678135683575,12.512939738617867,-26.60851841202146
0.1143,11.18754795896333,-5.604312914946512,-0.7327325776217412,12.52953248437435,-10.45481538134159,-6.925219569427835,12.51277557469728,-26.60821409106769
0.11435000000000001,11.187434051659858,-5.604188312251719,-0.7329339592874302,12.529752774886996,-10.454500092372426,-6.925564462635276,12.512617923496956,-26.60793757017748
0.1144,11.187323559672455,-5.604071932976292,-0.7331441983990091,12.529974216061342,-10.454179361273443,-6.9259022830850485,12.512467009298165,-26.607687705776662
0.11445000000000001,11.18721679074158,-5.603963642331815,-0.7333633322147515,12.530196473060187,-10.453853458526831,-6.926232830728372,12.512323046805784,-26.60746331624159
0.1145,11.187114047306219,-5.6038632940208055,-0.733591385340394,12.530419209879431,-10.453522661965824,-6.926555915858629,12.512186240841759,-26.607263183576094
0.11455,11.18701562607351,-5.603770730445154,-0.733828369693792,12.530642089826122,-10.453187256379715,-6.926871359380966,12.512056786052671,-26.607086055147388
0.11460000000000001,11.186921817596579,-5.603685782930547,-0.7340742844876821,12.530864775997372,-10.452847533108894,-6.927178993066823,12.51193486663179,-26.60693064547162
0.11465,11.186832905861497,-5.603608271965828,-0.7343291162314394,12.531086931759564,-10.45250378963006,-6.927478659793738,12.511820656055992,-26.60679563804294
0.11470000000000001,11.186749167882997,-5.603538007458988,-0.7345928387495266,12.531308221227254,-10.452156329133468,-6.9277702137682615,12.511714316837976,-26.606679687213703
0.11475,11.186670873310717,-5.603474789007029,-0.7348654132193946,12.531528309740912,-10.451805460091323,-6.928053520733885,12.511616000294115,-26.606581420110903
0.1148,11.18659828404551,-5.603418406181253,-0.7351467882264124,12.531746864343006,-10.4514514958191,-6.928328458161755,12.511525846328288,-26.606499438595996
0.11485000000000001,11.186531653866766,-5.603368638826835,-0.7354368998367272,12.531963554251623,-10.451094754030036,-6.928594915424791,12.51144398323196,-26.6064323212616
0.1149,11.18647122807166,-5.6033252573755155,-0.7357356716887758,12.532178051330968,-10.450735556382883,-6.9288527939554525,12.511370527500873,-26.606378625458188
0.11495000000000001,11.18641724312612,-5.603288023172401,-0.7360430151016318,12.532390030558165,-10.450374228024492,-6.929102007385764,12.511305583668584,-26.6063368893554
0.115,11.186369926328274,-5.603256688815744,-0.7363588292007565,12.53259917048559,-10.450011097127515,-6.929342481669845,12.511249244157037,-26.60630563403153
0.11505,11.186329495485568,-5.603230998508007,-0.7366830010625199,12.532805153698074,-10.449646494423044,-6.929574155190065,12.511201589144484,-26.606283365581863
0.11510000000000001,11.186296158604435,-5.6032106884207575,-0.7370154058736564,12.533007667264503,-10.44928075273078,-6.929796978843741,12.511162686450888,-26.606268577258486
0.11515,11.186270113594682,-5.603195487069404,-0.7373559071094178,12.533206403182888,-10.448914206485268,-6.930010916113482,12.511132591440973,-26.60625975162067
0.11520000000000001,11.186251547987997,-5.603185115699293,-0.7377043567278704,12.53340105881852,-10.448547191260124,-6.930215943119223,12.51111134694508,-26.60625536270324
0.11525,11.186240638671112,-5.6031792886823855,-0.7380605953803204,12.53359133733443,-10.448180043290789,-6.930412048652045,12.511098983197932,-26.606253878198572
0.1153,11.186237551634084,-5.6031777139238095,-0.7384244526377057,12.533776948113696,-10.447813098996379,-6.9305992341898826,12.51109551779543,-26.606253761648194
0.11535000000000001,11.1862424417344,-5.6031800932768725,-0.738795747233552,12.533957607172766,-10.447446694500849,-6.930777513895893,12.5111009556695,-26.60625347463684
0.1154,11.186255452476583,-5.603186122967409,-0.7391742873215654,12.534133037565468,-10.44708116515502,-6.930946914598058,12.51111528908101,-26.606251478992917
0.11545000000000001,11.186276715807946,-5.603195494026131,-0.7395598707482685,12.534302969776952,-10.446716845059676,-6.931107475750821,12.51113849763089,-26.606246238988668
0.1155,11.18630635193112,-5.603207892727651,-0.7399522853410827,12.534467142107049,-10.44635406659004,-6.931259249379397,12.511170548289238,-26.606236223533152
0.11555,11.186344469132935,-5.6032230010370725,-0.7403513092097775,12.534625301042544,-10.445993159923155,-6.9314023000054705,12.511211395442565,-26.60621990836245
0.11560000000000001,11.186391163630441,-5.603240497062224,-0.7407567110622979,12.5347772016178,-10.445634452568141,-6.931536704555573,12.511260980959007,-26.60619577821761
0.11565,11.186446519433902,-5.603260055511861,-0.7411682505334102,12.534922607763214,-10.445278268900495,-6.931662552251353,12.511319234271406,-26.60616232901182
0.11570000000000001,11.186510608227518,-5.603281348157914,-0.7415856785271318,12.535061292641018,-10.444924929700385,-6.931779944483104,12.511386072478189,-26.60611806997737
0.11575,11.18658348926732,-5.60330404430261,-0.7420087375708182,12.535193038967922,-10.4445747516965,-6.931888994665311,12.511461400461824,-26.606061525796843
0.1158,11.186665209296809,-5.603327811249142,-0.7424371621811379,12.535317639324266,-10.444228047115669,-6.931989828075123,12.511545111024846,-26.605991238711837
0.11585000000000001,11.186755802480643,-5.603352314774425,-0.742870679242256,12.535434896448987,-10.443885123238388,-6.93208258167456,12.511637085042958,-26.60590577060257
0.1159,11.186855290355973,-5.603377219604778,-0.7433090083940496,12.53554462352027,-10.443546281961929,-6.932167403915494,12.511737191635348,-26.605803705042508
0.11595000000000001,11.18696368180166,-5.603402189893068,-0.7437518624306714,12.535646644421305,-10.44321181937099,-6.932244454528233,12.511845288351665,-26.605683649321577
0.116,11.187080973025889,-5.603426889695978,-0.7441989477096258,12.535740793990763,-10.442882025316262,-6.932313904294784,12.51196122137556,-26.60554423643121
0.11605,11.18720714757143,-5.603450983452108,-0.7446499645691776,12.535826918257767,-10.44255718300225,-6.932375934805654,12.512084825744417,-26.60538412701582
0.11610000000000001,11.18734217633896,-5.603474136459551,-0.7451046077543709,12.535904874660915,-10.44223756858459,-6.9324307382013615,12.51221592558503,-26.605202011284014
0.11615,11.187486017628677,-5.603496015351515,-0.7455625668517806,12.535974532251055,-10.441923450776898,-6.932478516899538,12.512354334364794,-26.60499661087339
0.11620000000000001,11.187638617199488,-5.603516288570775,-0.7460235267307763,12.536035771877563,-10.441615090468709,-6.932519483306786,12.51249985515809,-26.604766680673432
0.11625,11.187799908346047,-5.603534626841535,-0.7464871679915455,12.536088486357833,-10.441312740354501,-6.932553859516298,12.51265228092749,-26.60451101060015
0.1163,11.187969811993911,-5.603550703637348,-0.7469531674199592,12.536132580629744,-10.441016644573953,-6.932581876992396,12.512811394819378,-26.604228427316343
0.11635000000000001,11.188148236811863,-5.603564195645823,-0.7474211984470674,12.536167971886863,-10.440727038364793,-6.93260377624104,12.5129769704735,-26.603917795902404
0.1164,11.188335079341716,-5.603574783228778,-0.7478909316133615,12.53619458969629,-10.440444147728353,-6.932619806467513,12.513148772346065,-26.603578021471527
0.11645000000000001,11.18853022414575,-5.603582150876425,-0.7483620350379748,12.536212376098776,-10.440168189107773,-6.932630225222344,12.513326556045909,-26.603208050723225
0.1165,11.188733543970763,-5.603585987656437,-0.7488341748905017,12.536221285691203,-10.439899369080262,-6.932635298034765,12.513510068683212,-26.602806873440716
0.11655,11.188944899928995,-5.603585987656465,-0.7493070158655948,12.536221285691207,-10.439637884063398,-6.932635298034737,12.513699049230285,-26.602373523925827
0.11660000000000001,11.189164141695901,-5.603581850418809,-0.7497802216604573,12.536212355983729,-10.439383920035441,-6.9326305055649176,12.513893228893895,-26.601907082366136
0.11665,11.18939110772387,-5.603573281368152,-0.75025345545289,12.536194489149695,-10.439137652270977,-6.932621207781545,12.514092331498638,-26.601406676139984
0.11670000000000001,11.189625625472056,-5.603559992230403,-0.7507263803805719,12.53616769047654,-10.438899245091482,-6.9326076982461355,12.514296073880708,-26.600871481051055
0.11675,11.189867511651679,-5.603541701443099,-0.751198660019882,12.536131977950696,-10.438668851631792,-6.93259027650759,12.51450416629159,-26.600300722495685
0.1168,11.19011657248698,-5.603518134555439,-0.7516699588649988,12.536087382231992,-10.438446613621979,-6.932569247676551,12.514716312811066,-26.59969367655476
0.11685000000000001,11.190372603990745,-5.603489024618903,-0.7521399428048815,12.536033946610063,-10.438232661185864,-6.932544921991153,12.514932211768913,-26.599049671016285
0.1169,11.190635392254391,-5.603454112567172,-0.7526082795983388,12.535971726942748,-10.438027112656053,-6.932517614375577,12.515151556174722,-26.598368086323486
0.11695000000000001,11.190904713752287,-5.603413147584543,-0.7530746393467505,12.53590079157669,-10.437830074405538,-6.932487643992148,12.515374034155212,-26.59764835644594
0.117,11.191180335659995,-5.603365887462154,-0.7535386949639459,12.535821221249996,-10.437641640696048,-6.932455333787848,12.515599329398393,-26.596889969671516
0.11705,11.191462016184978,-5.603312098943487,-0.7540001226404225,12.535733108977544,-10.437461893544555,-6.932421010034049,12.515827121603973,-26.596092469328326
0.11710000000000001,11.191749504910774,-5.60325155805568,-0.7544586023044682,12.535636559918528,-10.437290902606305,-6.932385001862849,12.51605708693932,-26.595255454420407
0.11715,11.192042543153471,-5.603184050427653,-0.754913818078027,12.535531691226966,-10.437128725075445,-6.932347640799313,12.516288898500386,-26.59437858018379
0.11720000000000001,11.19234086432915,-5.603109371596068,-0.7553654587248406,12.535418631885015,-10.43697540560431,-6.932309260288948,12.516522226776889,-26.59346155856993
0.11725000000000001,11.19264419433351,-5.603027327295323,-0.755813218094161,12.535297522519498,-10.436830976239351,-6.932270195224178,12.516756740121053,-26.592504158638555
0.1173,11.19295225193165,-5.602937733734182,-0.7562567955558885,12.535168515201867,-10.436695456375762,-6.932230781467682,12.516992105219375,-26.59150620687475
0.11735000000000001,11.193264749157981,-5.602840417857477,-0.7566958964279475,12.535031773231893,-10.436568852730034,-6.932191355374417,12.517227987566578,-26.59046758742419
0.1174,11.193581391726093,-5.602735217591771,-0.7571302323959924,12.534887470905371,-10.436451159330097,-6.932152253313597,12.517464051941184,-26.589388242242233
0.11745,11.193901879447235,-5.602621982076175,-0.7575595219232587,12.53473579326617,-10.43634235752398,-6.932113811189996,12.517699962881979,-26.58826817116478
0.11750000000000001,11.194225906657252,-5.602500571877153,-0.7579834906507839,12.53457693584306,-10.436242416006467,-6.932076363965907,12.517935385164769,-26.5871074318964
0.11755,11.194553162651605,-5.602370859186317,-0.7584018717883035,12.534411104371513,-10.436151290863299,-6.932040245185193,12.518169984278577,-26.58590613991261
0.11760000000000001,11.194883332127066,-5.602232728002891,-0.7588144064930197,12.534238514501112,-10.43606892563405,-6.932005786498221,12.518403426900857,-26.58466446828609
0.11765,11.195216095630505,-5.6020860742981125,-0.7592208442384542,12.534059391488743,-10.43599525139205,-6.931973317190631,12.518635381370814,-26.58338264742496
0.1177,11.195551130013165,-5.601930806163492,-0.7596209431705325,12.533873969878194,-10.43593018684263,-6.931943163714699,12.518865518160286,-26.58206096473427
0.11775000000000001,11.195888108890184,-5.601766843941862,-0.760014470451258,12.533682493166536,-10.435873638438926,-6.931915649224677,12.519093510341513,-26.580699764197014
0.1178,11.196226703105314,-5.601594120339791,-0.7604012025908975,12.533485213457718,-10.435825500514415,-6.931891093117923,12.519319034051087,-26.579299445868948
0.11785000000000001,11.19656658119862,-5.601412580524373,-0.760780925764745,12.533282391103986,-10.435785655433875,-6.931869810579612,12.519541768949471,-26.577860465304223
0.1179,11.196907409878202,-5.601222182200717,-0.7611534361177977,12.533074294335542,-10.435753973760406,-6.931852112134824,12.519761398675405,-26.576383332894686
0.11795,11.197248854494545,-5.6010228956716634,-0.7615185400552814,12.532861198878948,-10.43573031443926,-6.931838303207284,12.519977611294582,-26.574868613132047
0.11800000000000001,11.197590579516051,-5.600814703880956,-0.7618760545169545,12.53264338756497,-10.435714524999097,-6.93182868368401,12.520190099741926,-26.57331692380098
0.11805,11.197932249006652,-5.600597602436964,-0.7622258072381556,12.53242114992622,-10.435706441768495,-6.93182354748925,12.520398562256947,-26.571728935089524
0.11810000000000001,11.198273527103652,-5.600371599618854,-0.7625676369949026,12.532194781785307,-10.435705890108748,-6.931823182166451,12.52060270281139,-26.570105368628322
0.11815,11.19861407849544,-5.6001367163649425,-0.7629013938330726,12.531964584834041,-10.43571268466237,-6.931827868469096,12.520802231528739,-26.568446996458476
0.1182,11.19895356889835,-5.599892986243189,-0.7632269392814393,12.531730866204294,-10.435726629616907,-6.931837879961102,12.520996865094919,-26.566754639929364
0.11825000000000001,11.199291665532387,-5.599640455402939,-0.7635441465491892,12.531493938031087,-10.4357475189832,-6.93185348262815,12.521186327159597,-26.565029168523324
0.1183,11.199628037594444,-5.599379182509615,-0.7638529007058836,12.531254117008604,-10.43577513688856,-6.931874934498989,12.521370348727555,-26.56327149861712
0.11835000000000001,11.19996235672896,-5.5991092386610966,-0.7641530988451679,12.53101172393969,-10.43580925788379,-6.931902485278591,12.521548668539598,-26.561482592175054
0.1184,11.200294297494823,-5.598830707286903,-0.764444650230777,12.53076708327953,-10.435849647264044,-6.9319363759926285,12.521721033442402,-26.559663455380868
0.11845,11.200623537828541,-5.598543684029051,-0.7647274764261377,12.530520522674111,-10.435896061402405,-6.931976838645062,12.521887198746855,-26.557815137203633
0.11850000000000001,11.200949759502258,-5.598248276606234,-0.7650015114056655,12.53027237249415,-10.43594824809659,-6.932024095887917,12.522046928574353,-26.555938727907463
0.11855,11.201272648576301,-5.5979446046608325,-0.7652667016484518,12.530022965365161,-10.436005946927848,-6.932078360704326,12.522199996190562,-26.55403535750352
0.11860000000000001,11.201591895845992,-5.597632799588262,-0.7655230062148907,12.529772635694282,-10.4360688896311,-6.932139836106017,12.522346184326201,-26.552106194142972
0.11865,11.20190719728136,-5.5973130043502985,-0.765770396804668,12.529521719194614,-10.436136800476692,-6.932208714844313,12.522485285484382,-26.55015244246026
0.1187,11.20221825445952,-5.596985373271935,-0.7660088577967586,12.52927055240766,-10.436209396662763,-6.932285179135723,12.522617102234106,-26.548175341865388
0.11875000000000001,11.20252477498938,-5.596650071821419,-0.7662383862721582,12.529019472224602,-10.436286388717221,-6.932369400403178,12.522741447489427,-26.54617616478446
0.1188,11.202826472927457,-5.596307276375089,-0.7664589920177923,12.528768815407075,-10.436367480909665,-6.932461539031981,12.52285814477402,-26.544156214857473
0.11885000000000001,11.20312306918452,-5.595957173966735,-0.76667069751231,12.528518918108166,-10.436452371672207,-6.932561744141431,12.522967028470694,-26.542116825092855
0.1189,11.203414291922789,-5.595599962021046,-0.7668735378946555,12.52827011539419,-10.436540754028133,-6.932670153373143,12.523067944055471,-26.540059355977398
0.11895,11.203699876942542,-5.5952358480730595,-0.7670675609137995,12.528022740768106,-10.43663231602874,-6.932786892695045,12.523160748316064,-26.537985193551755
0.11900000000000001,11.20397956805778,-5.59486504947315,-0.7672528268605646,12.527777125695122,-10.436726741197216,-6.932912076221967,12.523245309554245,-26.535895747450226
0.11905,11.204253117460906,-5.594487793077391,-0.7674294084823946,12.527533599131147,-10.436823708978512,-6.933045806053749,12.523321507771985,-26.5337924489042
0.11910000000000001,11.204520286075097,-5.5941043149251,-0.7675973908796008,12.527292487054906,-10.436922895195496,-6.933188172129804,12.523389234841021,-26.531676748719246
0.11915,11.204780843894248,-5.593714859903298,-0.7677568713840354,12.52705411200423,-10.437023972510211,-6.93333925210093,12.523448394655622,-26.529550115224964
0.1192,11.205034570310433,-5.593319681397911,-0.7679079594211986,12.526818792617238,-10.437126610889234,-6.933499111219327,12.523498903268413,-26.52741403219688
0.11925000000000001,11.20528125442756,-5.592919040933546,-0.7680507763542893,12.52658684317909,-10.43723047807327,-6.93366780224554,12.523540689008946,-26.525269996760528
0.1193,11.205520695361257,-5.592513207801751,-0.7681854553113114,12.526358573174935,-10.43733524004994,-6.933845365373189,12.523573692584973,-26.523119517277124
0.11935000000000001,11.205752702524851,-5.5921024586774335,-0.7683121409962458,12.526134286849658,-10.437440561528602,-6.934031828172227,12.523597867166174,-26.520964111209754
0.1194,11.20597709590035,-5.591687077225651,-0.7684309894828364,12.525914282775103,-10.437546106417514,-6.93422720554945,12.523613178450361,-26.51880530298123
0.11945,11.206193706294568,-5.591267353697933,-0.7685421679927802,12.525698853425352,-10.437651538301786,-6.934431499727418,12.523619604711902,-26.516644621819744
0.11950000000000001,11.206402375579625,-5.59084358451972,-0.768645854657476,12.525488284760732,-10.43775652092215,-6.934644700241013,12.523617136832392,-26.514483599600343
0.11955,11.206602956918147,-5.590416071868223,-0.7687422382651881,12.525282855820985,-10.437860718652962,-6.934866783952761,12.523605778313572,-26.512323768678566
0.11960000000000001,11.206795314972018,-5.5899851232428395,-0.7688315179922346,12.525082838328366,-10.437963796979783,-6.935097715085523,12.523585545272368,-26.51016665972721
0.11965,11.206979326094745,-5.589551051027968,-0.7689139031193746,12.52488849630114,-10.438065422975372,-6.935337445273169,12.52355646641811,-26.50801379957539
0.1197,11.207154878507618,-5.589114172048173,-0.7689896127346706,12.524700085678,-10.438165265772946,-6.935585913629821,12.523518583011997,-26.50586670904917
0.11975000000000001,11.207321872458577,-5.5886748071177506,-0.76905887542156,12.524517853953995,-10.438262997037013,-6.935843046836245,12.523471948808808,-26.503726900824294
0.1198,11.207480220364017,-5.588233280584531,-0.7691219289335223,12.524342039828495,-10.438358291430493,-6.9361087592439645,12.523416629980943,-26.501595877289812
0.11985000000000001,11.207629846933438,-5.587789919868433,-0.769179019855976,12.524172872865652,-10.438450827077464,-6.936382952997218,12.523352705024982,-26.499475128424677
0.1199,11.207770689276803,-5.587345054995143,-0.7692304032561302,12.524010573167795,-10.438540286020679,-6.936665518172651,12.523280264650747,-26.497366129689198
0.11995,11.207902696993497,-5.586899018127709,-0.7692763423190125,12.523855351062402,-10.438626354674486,-6.936956332934692,12.523199411653176,-26.49527033994473
0.12000000000000001,11.20802583224443,-5.586452143093169,-0.769317107974059,12.523707406802894,-10.438708724270374,-6.937255263709725,12.52311026076704,-26.49318919938675
0.12005,11.208140069805738,-5.586004764908001,-0.7693529785093745,12.523566930283758,-10.438787091296362,-6.937562165375759,12.52301293850485,-26.491124127509792
0.12010000000000001,11.208245397104507,-5.585557219301809,-0.7693842391756106,12.523434100770464,-10.438861157928898,-6.937876881468654,12.522907582978041,-26.489076521100863
0.12015,11.208341814236945,-5.585109842239295,-0.7694111817807278,12.523309086644435,-10.438930632456216,-6.938199244405135,12.522794343701833,-26.487047752260708
0.1202,11.208429333968068,-5.584662969442581,-0.7694341042746421,12.523192045163537,-10.438995229693425,-6.938529075720956,12.522673381383829,-26.48503916646314
0.12025000000000001,11.208507981713472,-5.584216935913879,-0.7694533103251349,12.523083122238392,-10.439054671388336,-6.938866186324513,12.522544867696903,-26.48305208065112
0.1203,11.208577795503427,-5.583772075458425,-0.7694691088865074,12.522982452224802,-10.439108686616919,-6.9392103767663755,12.522408985036456,-26.481087781368895
0.12035000000000001,11.208638825928473,-5.583328720210279,-0.769481813759398,12.522890157732665,-10.439157012169074,-6.939561437522383,12.522265926262554,-26.47914752294224
0.12040000000000001,11.208691136067744,-5.582887200159305,-0.7694917431450198,12.522806349451525,-10.439199392922724,-6.939919149292218,12.522115894427195,-26.477232525697524
0.12045,11.208734801399101,-5.5824478426820034,-0.7694992191922739,12.52273112599313,-10.439235582206829,-6.940283283311126,12.52195910248713,-26.475343974232267
0.12050000000000001,11.208769909691622,-5.582010972076167,-0.7695045675391247,12.522664573751204,-10.439265342152495,-6.940653601675038,12.52179577300265,-26.473483015736008
0.12055,11.20879656088117,-5.581576909098676,-0.7695081168503821,12.522606766778472,-10.439288444030792,-6.941029857679792,12.52162613782272,-26.471650758357082
0.1206,11.208814866927758,-5.581145970510278,-0.7695101983490183,12.522557766681382,-10.43930466857874,-6.941411796171103,12.521450437756954,-26.469848269633736
0.12065000000000001,11.208824951656483,-5.580718468624508,-0.7695111453455509,12.522517622532474,-10.439313806310933,-6.941799153907966,12.521268922234823,-26.468076574974273
0.1207,11.208826950581651,-5.580294710862986,-0.7695112927644386,12.52248637080053,-10.43931565781721,-6.942191659937544,12.521081848952628,-26.466336656196134
0.12075000000000001,11.208821010713532,-5.579874999319029,-0.7695109766666037,12.522464035298746,-10.439310034046928,-6.942589035979716,12.520889483508697,-26.464629450133042
0.1208,11.208807290349512,-5.579459630327405,-0.769510533772007,12.522450627150835,-10.439296756577503,-6.942990996823429,12.520692099027338,-26.462955847297682
0.12085,11.208785958848967,-5.579048894042716,-0.7695103009807637,12.522446144775204,-10.439275657868205,-6.943397250732486,12.520489975772076,-26.461316690611483
0.12090000000000001,11.208757196392257,-5.578643074026809,-0.7695106148937335,12.522450573887191,-10.43924658149853,-6.943807499860382,12.520283400748664,-26.45971277420245
0.12095,11.208721193724342,-5.578242446845658,-0.769511811333443,12.522463887519427,-10.4392093823909,-6.944221440673769,12.520072667298537,-26.45814484227172
0.12100000000000001,11.208678151883635,-5.577847281675487,-0.7695142248669223,12.522486046060147,-10.439163927016711,-6.944638764384659,12.519858074683121,-26.4566135880268
0.12105,11.20862828191591,-5.577457839920194,-0.769518188329434,12.522516997309564,-10.439110093586473,-6.945059157389372,12.51963992765976,-26.4551196526903
0.1211,11.208571804574166,-5.577074374839318,-0.7695240323511999,12.522556676554117,-10.439047772222965,-6.945482301714797,12.519418536049681,-26.453663624579274
0.12115000000000001,11.20850895000445,-5.57669713118815,-0.7695320848867314,12.522605006658525,-10.438976865117718,-6.945907875470376,12.51919421429878,-26.45224603826177
0.1212,11.208439957418712,-5.5763263448690585,-0.7695426707488557,12.522661898175514,-10.438897286669857,-6.946335553306454,12.518967281031655,-26.450867373784718
0.12125000000000001,11.208365074754424,-5.5759622425961854,-0.7695561111464101,12.522727249473036,-10.438808963608011,-6.946765006876847,12.518738058599716,-26.449528055982487
0.1213,11.208284558321754,-5.575605041573175,-0.7695727232270604,12.522800946878867,-10.438711835094692,-6.947195905305694,12.51850687262383,-26.44822845386333
0.12135,11.208198672439236,-5.575254949183734,-0.7695928196267046,12.52288286484229,-10.438605852812538,-6.947627915658554,12.51827405153228,-26.44696888007094
0.12140000000000001,11.208107689057652,-5.574912162696882,-0.769616708024482,12.522972866112669,-10.43849098103317,-6.948060703415783,12.518039926094616,-26.44574959042945
0.12145,11.20801188737306,-5.574576868986563,-0.7696446907048413,12.523070801934722,-10.438367196668217,-6.94849393294816,12.517804828952073,-26.444570783568714
0.12150000000000001,11.207911553429886,-5.574249244265346,-0.7696770641280893,12.52317651226009,-10.438234489301799,-6.948927267994744,12.517569094145232,-26.44343260062696
0.12155,11.207806979713931,-5.573929453834019,-0.7697141185084,12.523289825975008,-10.438092861205535,-6.949360372140987,12.517333056639611,-26.442335125038586
0.1216,11.207698464736175,-5.57361765184668,-0.7697561374007376,12.523410561143734,-10.437942327335437,-6.949792909297051,12.517097051849781,-26.441278382403826
0.12165000000000001,11.207586312608397,-5.57331398109098,-0.7698033972980364,12.523538525267314,-10.437782915310363,-6.950224544176335,12.5168614151628,-26.440262340436817
0.1217,11.207470832610463,-5.573018572785245,-0.7698561672376237,12.523673515557423,-10.437614665372838,-6.950654942772175,12.51662648146151,-26.43928690899963
0.12175000000000001,11.207352338750278,-5.572731546392085,-0.7699147084182628,12.523815319224846,-10.437437630332013,-6.951083772832763,12.516392584648536,-26.438351940218645
0.1218,11.207231149317323,-5.572453009447945,-0.769979273829127,12.523963713782138,-10.437251875488197,-6.951510704334194,12.516160057171446,-26.437457228679307
0.12185,11.207107586429812,-5.572183057410409,-0.7700501078896728,12.52411846736011,-10.43705747854014,-6.951935409949703,12.515929229550009,-26.436602511706703
0.12190000000000001,11.206981975576348,-5.571921773522631,-0.7701274461016818,12.524279339037687,-10.436854529474665,-6.952357565515054,12.51570042990598,-26.435787469727682
0.12195,11.206854645153154,-5.571669228694464,-0.770211514714799,12.524446079184568,-10.436643130438352,-6.952776850490104,12.515473983496253,-26.435011726710663
0.12200000000000001,11.206725925996837,-5.571425481401813,-0.7703025304044401,12.524618429816359,-10.436423395592396,-6.953192948414543,12.515250212249978,-26.434274850689615
0.12205,11.206596150913649,-5.571190577603705,-0.7704006999633015,12.524796124961528,-10.436195450950349,-6.95360554735782,12.51502943431029,-26.43357635436815
0.1221,11.206465654206314,-5.570964550676429,-0.7705062200077245,12.524978891039742,-10.435959434198583,-6.954014340363308,12.51481196358136,-26.432915695799075
0.12215000000000001,11.206334771198376,-5.570747421366307,-0.7706192766977774,12.525166447251038,-10.435715494500602,-6.9544190258847305,12.514598109281382,-26.432292279145962
0.1222,11.206203837757096,-5.570539197760407,-0.7707400454721436,12.525358505975262,-10.43546379228496,-6.954819308214857,12.51438817550211,-26.43170545552185
0.12225000000000001,11.20607318981591,-5.570339875274578,-0.7708686907991213,12.525554773181181,-10.435204499016791,-6.9552148979066,12.51418246077565,-26.431154523900567
0.1223,11.205943162896425,-5.570149436660284,-0.7710053659423104,12.525754948844748,-10.434937796954117,-6.955605512184465,12.513981257649062,-26.4306387321069
0.12235,11.205814091631225,-5.569967852028973,-0.7711502127427723,12.52595872737588,-10.43466387888845,-6.955990875346908,12.513784852267406,-26.43015727787779
0.12240000000000001,11.2056863092877,-5.5697950788949235,-0.7713033614169157,12.526165798053169,-10.434382947870782,-6.956370719158242,12.513593523965843,-26.429709309998128
0.12245,11.205560147294225,-5.569631062235193,-0.7714649303717871,12.526375845465834,-10.434095216922437,-6.956744783230637,12.513407544871368,-26.429293929502837
0.12250000000000001,11.205435934768586,-5.569475734568129,-0.771635026036389,12.526588549962417,-10.433800908732195,-6.957112815394287,12.513227179514736,-26.428910190951438
0.12255,11.20531399804974,-5.569329016049518,-0.7718137427100953,12.526803588105487,-10.433500255339643,-6.957474572055966,12.513052684453164,-26.428557103769243
0.1226,11.20519466023365,-5.569190814586082,-0.7720011624286046,12.527020633131709,-10.433193497805044,-6.957829818545624,12.51288430790434,-26.42823363365231
0.12265000000000001,11.205078240713956,-5.569061025965936,-0.7721973548478791,12.52723935541663,-10.432880885866075,-6.958178329450695,12.51272228939227,-26.427938704033302
0.1227,11.204965054727166,-5.5689395340077406,-0.772402377143975,12.52745942294361,-10.432562677583196,-6.95851988893587,12.512566859405439,-26.427671197615776
0.12275000000000001,11.204855412904502,-5.56882621072555,-0.7726162739322571,12.527680501776103,-10.432239138972244,-6.958854291050548,12.512418239067905,-26.427429957960438
0.1228,11.204749620830249,-5.568720916510348,-0.7728390772044702,12.527902256532617,-10.431910543625776,-6.959181340022267,12.512276639823606,-26.427213791127645
0.12285,11.204647978606541,-5.56862350032968,-0.7730708062820609,12.528124350863864,-10.43157717232448,-6.959500850534184,12.512142263134464,-26.427021467382126
0.12290000000000001,11.204550780426953,-5.568533799941633,-0.7733114677896871,12.528346447931167,-10.431239312637267,-6.959812647989534,12.512015300192795,-26.426851722939638
0.12295,11.204458314157817,-5.568451642125934,-0.7735610556454338,12.5285682108856,-10.430897258512386,-6.960116568759667,12.511895931648217,-26.426703261769173
0.12300000000000001,11.20437086092864,-5.5683768429305776,-0.7738195510691934,12.528789303347184,-10.430551309859446,-6.960412460416603,12.511784327349648,-26.426574757441337
0.12305,11.204288694732467,-5.568309207932953,-0.7740869226100053,12.529009389883324,-10.430201772122464,-6.960700181950372,12.511680646102693,-26.426464855016917
0.1231,11.204212082035838,-5.568248532517035,-0.7743631261900837,12.52922813648603,-10.429848955845756,-6.960979603968989,12.511585035442792,-26.426372172982756
0.12315000000000001,11.2041412814,-5.568194602163889,-0.7746481051681413,12.529445211046948,-10.429493176231858,-6.961250608883055,12.511497631424414,-26.42629530522019
0.1232,11.204076543112993,-5.568147192757058,-0.7749417904196808,12.52966028382984,-10.429134752693312,-6.961513091072782,12.511418558426662,-26.426232823013276
0.12325000000000001,11.20401810883351,-5.568106070901597,-0.7752441004350733,12.529873027939622,-10.42877400839844,-6.961766957038019,12.511347928975537,-26.426183277089734
0.1233,11.203966211247401,-5.56807099425562,-0.7755549414360259,12.530083119787323,-10.42841126981137,-6.962012125531705,12.511285843583153,-26.42614519968829
0.12335,11.20392107373649,-5.568041711875215,-0.7758742075087149,12.530290239550423,-10.428046866227776,-6.962248527675206,12.51123239060401,-26.426117106656314
0.12340000000000001,11.203882910060768,-5.568017964571783,-0.7762017807540967,12.53049407162779,-10.427681129306672,-6.962476107056007,12.511187646108816,-26.426097499571906
0.12345,11.203851924054668,-5.567999485279808,-0.7765375314565781,12.530694305088582,-10.42731439259809,-6.96269481980877,12.511151673775668,-26.4260848678805
0.12350000000000001,11.20382830933666,-5.5679859994378145,-0.7768813182674082,12.530890634114586,-10.42694699106925,-6.962904634676772,12.511124524799085,-26.426077691058904
0.12355000000000001,11.20381224903406,-5.567977225378341,-0.7772329884063249,12.531082758435215,-10.426579260627737,-6.963105533056874,12.511106237816763,-26.426074440785733
0.1236,11.203803915522627,-5.567972874728554,-0.7775923778790085,12.53127038375462,-10.42621153764362,-6.963297509026063,12.511096838854423,-26.4260735831256
0.12365000000000001,11.203803470181253,-5.5679726528206,-0.7779593117101588,12.531453222170336,-10.425844158471092,-6.963480569349737,12.511096341288544,-26.426073580722708
0.1237,11.203811063162274,-5.5679762591109885,-0.7783336041921342,12.531630992582842,-10.425477458970139,-6.963654733471853,12.511104745827241,-26.42607289499981
0.12375000000000001,11.203826833178146,-5.56798338760765,-0.7787150591496426,12.53180342109536,-10.425111774028506,-6.963820033487711,12.511122040509292,-26.4260699883553
0.12380000000000001,11.203850907304012,-5.56799372730544,-0.779103470218546,12.531970241403506,-10.424747437085466,-6.963976514098065,12.511148200721214,-26.42606332636256
0.12385,11.20388340079679,-5.568006962628763,-0.7794986211391207,12.532131195174117,-10.424384779657673,-6.964124232545352,12.511183189232435,-26.42605137996465
0.12390000000000001,11.2039244169315,-5.568022773880006,-0.7799002860642342,12.53228603241268,-10.424024130867267,-6.964263258532672,12.511226956248546,-26.426032627657523
0.12395,11.203974046854162,-5.568040837694615,-0.7803082298802353,12.532434511818966,-10.42366581697393,-6.9643936741243495,12.511279439482463,-26.426005557666407
0.124,11.204032369452255,-5.568060827500916,-0.7807222085415944,12.532576401130289,-10.423310160910662,-6.96451557362937,12.51134056424347,-26.42596867010545
0.12405000000000001,11.204099451242325,-5.568082413984974,-0.7811419694176828,12.532711477451874,-10.42295748182464,-6.964629063466901,12.511410243543983,-26.42592047912264
0.1241,11.204175346275598,-5.568105265558555,-0.7815672516526702,12.532839527573923,-10.422608094622923,-6.964734262015366,12.511488378223863,-26.42585951502019
0.12415000000000001,11.204260096060999,-5.568129048831046,-0.7819977865363263,12.532960348274894,-10.422262309524669,-6.9648312994438495,12.511574857092171,-26.425784326355092
0.1242,11.20435372950596,-5.568153429083931,-0.7824332978859754,12.533073746610615,-10.42192043161998,-6.964920317526686,12.511669557086028,-26.425693482013212
0.12425,11.204456262875553,-5.568178070746441,-0.7828735024399041,12.533179540188694,-10.421582760435648,-6.965001469442253,12.511772343446502,-26.425585573250068
0.12430000000000001,11.204567699769237,-5.568202637873144,-0.7833181102600248,12.533277557427988,-10.421249589509207,-6.965074919554844,12.51188306991116,-26.42545921570289
0.12435,11.2046880311156,-5.568226794622046,-0.7837668251440358,12.5333676378027,-10.420921205971567,-6.96514084318065,12.512001578923018,-26.42531305136723
0.12440000000000001,11.204817235185526,-5.568250205731851,-0.784219345047296,12.53344963207067,-10.42059789013823,-6.965199426338819,12.512127701855645,-26.425145750531634
0.12445,11.204955277622966,-5.568272536999101,-0.7846753625122151,12.533523402485713,-10.420279915110752,-6.965250865486615,12.512261259254027,-26.424956013674986
0.1245,11.205102111493698,-5.568293455753799,-0.7851345651053377,12.533588822993549,-10.419967546388362,-6.965295367239749,12.51240206109087,-26.424742573319985
0.12455000000000001,11.205257677352325,-5.568312631332166,-0.7855966358623001,12.533645779411092,-10.419661041490022,-6.965333148078928,12.512549907037995,-26.424504195836615
0.1246,11.20542190332672,-5.568329735547233,-0.7860612537384415,12.533694169588898,-10.41936064958828,-6.965364434041666,12.512704586752367,-26.42423968320018
0.12465000000000001,11.205594705220143,-5.568344443155911,-0.786528094065222,12.533733903556472,-10.419066611154923,-6.9653894604005595,12.512865880176413,-26.423947874697742
0.1247,11.205775986631243,-5.5683564323211785,-0.7869968290125827,12.53376490365022,-10.41877915761866,-6.965408471329039,12.513033557852152,-26.42362764857704
0.12475,11.205965639091064,-5.5683653850701145,-0.7874671280550042,12.533787104623938,-10.418498511036061,-6.965421719553825,12.513207381248687,-26.423277923642566
0.12480000000000001,11.206163542217233,-5.568370987746454,-0.78793865844142,12.533800453741657,-10.418224883775814,-6.9654294659952,12.513387103102627,-26.422897660793108
0.12485,11.206369563885426,-5.568372931456278,-0.788411085669066,12.533804910852592,-10.41795847821636,-6.965431979396315,12.513572467770848,-26.42248586449483
0.12490000000000001,11.206583560417192,-5.56837091250764,-0.7888840739590425,12.533800448448313,-10.417699486458153,-6.965429535940675,12.513763211595224,-26.422041584195046
0.12495,11.206805376784237,-5.568364632842814,-0.7893572867336853,12.533787051701863,-10.417448090050552,-6.96542241885905,12.513959063278685,-26.42156391567117
0.125,11.207034846829158,-5.568353800461781,-0.7898303870958762,12.533764718488815,-10.417204459733282,-6.9654109180270325,12.514159744272096,-26.421052002309207
0.12505,11.20727179350165,-5.568338129837929,-0.7903030383079059,12.533733459390335,-10.416968755193746,-6.965395329552406,12.514364969171416,-26.420505036317717
0.12510000000000002,11.207516029110437,-5.568317342324027,-0.7907749042706653,12.533693297678107,-10.41674112483977,-6.965375955354079,12.514574446124564,-26.419922259869036
0.12515,11.207767355590098,-5.568291166548936,-0.7912456500013786,12.533644269281258,-10.416521705588721,-6.965353102732319,12.514787877247379,-26.41930296617113
0.1252,11.208025564783064,-5.568259338803132,-0.7917149421106429,12.533586422735196,-10.416310622672421,-6.965327083932065,12.51500495904812,-26.418646500461925
0.12525,11.208290438735556,-5.568221603414079,-0.7921824492763923,12.533519819112623,-10.416107989459164,-6.96529821569855,12.515225382859798,-26.417952260932765
0.1253,11.208561750007593,-5.568177713110067,-0.7926478427150332,12.533444531936658,-10.41591390729256,-6.965266818826585,12.515448835279898,-26.417219699575206
0.12535000000000002,11.208839261996523,-5.56812742937188,-0.793110796649206,12.533360647076195,-10.415728465347318,-6.965233217704312,12.515674998616666,-26.41644832294972
0.1254,11.209122729273874,-5.568070522771519,-0.7935709887718241,12.533268262623803,-10.415551740502053,-6.965197739852289,12.51590355134144,-26.415637692873606
0.12545,11.209411897933993,-5.568006773299513,-0.7940281007034811,12.533167488756222,-10.415383797230515,-6.965160715456705,12.516134168546348,-26.41478742703758
0.1255,11.209706505955467,-5.567935970677414,-0.7944818184458727,12.533058447577563,-10.415224687509594,-6.965122476900148,12.516366522406722,-26.413897199535214
0.12555,11.210006283574064,-5.567857914656418,-0.7949318328289814,12.532941272945656,-10.415074450745081,-6.96508335828924,12.516600282647525,-26.412966741311635
0.12560000000000002,11.210310953665966,-5.567772415303256,-0.7953778399497169,12.532816110281669,-10.414933113716247,-6.965043694978413,12.516835117013205,-26.411995840538925
0.12565,11.210620232142398,-5.5676792932694985,-0.7958195416051734,12.532683116363193,-10.414800690537222,-6.965003823093692,12.517070691740237,-26.410984342900054
0.1257,11.210933828353596,-5.567578380046996,-0.7962566457164906,12.532542459101268,-10.414677182637105,-6.964964079054268,12.517306672031717,-26.409932151797005
0.12575,11.211251445502109,-5.5674695182077985,-0.7966888667440202,12.532394317301527,-10.414562578758089,-6.964924799093725,12.517542722533289,-26.408839228476197
0.1258,11.211572781065266,-5.5673525616275565,-0.7971159260941582,12.532238880409826,-10.41445685497111,-6.964886318782275,12.517778507809782,-26.407705592067764
0.12585000000000002,11.211897527225219,-5.567227375693994,-0.7975375525149113,12.53207634824281,-10.414359974710306,-6.964848972548817,12.518013692821862,-26.40653131954837
0.1259,11.212225371307042,-5.567093837497876,-0.7979534824823692,12.53190693070363,-10.414271888824672,-6.964813093205754,12.518247943401992,-26.40531654561622
0.12595,11.212555996223415,-5.566951836008026,-0.7983634605752905,12.53173084748337,-10.414192535648123,-6.964779011475335,12.51848092672904,-26.404061462487665
0.126,11.212889080925544,-5.5668012722295614,-0.798767239838174,12.531548327748563,-10.414121841087368,-6.964747055519003,12.518712311800922,-26.402766319612898
0.12605,11.213224300860087,-5.566642059344184,-0.7991645821330858,12.531359609815206,-10.414059718727,-6.964717550471022,12.51894176990447,-26.401431423306374
0.12610000000000002,11.213561328430698,-5.566474122833949,-0.7995552584781223,12.531164940809724,-10.414006069952576,-6.964690817975771,12.519168975082028,-26.400057136300887
0.12615,11.213899833463875,-5.566297400587573,-0.7999390493727857,12.530964576317485,-10.413960784091092,-6.964667175729913,12.519393604593997,-26.398643877222042
0.1262,11.21423948367906,-5.56611184298791,-0.8003157451112012,12.530758780019195,-10.413923738567858,-6.964646937031282,12.519615339376713,-26.39719211997773
0.12625,11.214579945160777,-5.565917412983561,-0.8006851460792509,12.530547823315848,-10.413894799081525,-6.964630410332283,12.519833864495004,-26.395702393079418
0.1263,11.214920882833907,-5.565714086141036,-0.8010470630391573,12.530331984942665,-10.41387381979475,-6.964617898801623,12.520048869588841,-26.394175278878272
0.12635000000000002,11.21526196094035,-5.565501850679412,-0.8014013173987408,12.53011155057256,-10.413860643541614,-6.9646096998931455,12.520260049313334,-26.392611412727877
0.1264,11.215602843516583,-5.565280707487266,-0.8017477414653041,12.529886812409817,-10.413855102051281,-6.964606104922551,12.520467103771617,-26.391011482073562
0.12645,11.215943194871398,-5.565050670121636,-0.8020861786838868,12.52965806877444,-10.41385701618751,-6.964607398652803,12.520669738939818,-26.389376225468926
0.1265,11.216282680063692,-5.564811764788279,-0.802416483860512,12.529425623677763,-10.413866196203184,-6.964613858889487,12.520867667083731,-26.38770643151687
0.12655,11.21662096537877,-5.564564030304604,-0.802738523368429,12.529189786390022,-10.41388244201034,-6.964625756085412,12.521060607166405,-26.386002937743914
0.12660000000000002,11.216957718802947,-5.564307518044732,-0.8030521753379593,12.528950871000438,-10.413905543464988,-6.964643352955706,12.521248285246248,-26.384266629406085
0.12665,11.21729261049604,-5.564042291865897,-0.8033573298303615,12.528709195970407,-10.41393528066568,-6.964666904104508,12.521430434864914,-26.382498438223994
0.1267,11.217625313260434,-5.563768428017962,-0.803653888993876,12.52846508368051,-10.41397142426656,-6.964696655662543,12.521606797424631,-26.38069934105707
0.12675,11.217955503006573,-5.563486015034788,-0.8039417672030876,12.528218859971924,-10.414013735803485,-6.964732844937135,12.521777122554255,-26.37887035851211
0.1268,11.218282859213799,-5.563195153608601,-0.8042208911803708,12.527970853682946,-10.414061968033428,-6.964775700074346,12.521941168463632,-26.377012553493024
0.12685000000000002,11.218607065386554,-5.5628959564463,-0.8044912001006619,12.527721396181192,-10.414115865285892,-6.964825439734896,12.522098702285799,-26.375127029687473
0.1269,11.218927809504446,-5.562588548109355,-0.804752645677715,12.527470820892253,-10.41417516382673,-6.964882272782893,12.52224950040645,-26.373214930000074
0.12695,11.219244784465983,-5.562273064836889,-0.8050051922325091,12.527219462825409,-10.414239592233473,-6.964946397988518,12.522393348780302,-26.371277434931088
0.127,11.219557688525649,-5.561949654351373,-0.805248816744559,12.526967658097082,-10.41430887178109,-6.9650180037457075,12.52253004323385,-26.3693157608987
0.12705,11.219866225723003,-5.561618475648744,-0.8054835088843603,12.526715743452698,-10.414382716838649,-6.9650972678039516,12.522659389754129,-26.36733115851507
0.12710000000000002,11.220170106303595,-5.561279698772489,-0.8057092710278426,12.526464055787724,-10.414460835275753,-6.965184357015236,12.522781204763094,-26.365324910814692
0.12715,11.220469047131308,-5.560933504571252,-0.8059261182535209,12.52621293166838,-10.41454292887779,-6.965279427097128,12.522895315377145,-26.363298331433878
0.1272,11.220762772091064,-5.5605800844418605,-0.8061340783207671,12.525962706852923,-10.414628693770295,-6.965382622411059,12.52300155965159,-26.361252762751395
0.12725,11.221051012481418,-5.560219640057277,-0.8063331916300667,12.525713715814032,-10.414717820851353,-6.965494075756754,12.523099786809532,-26.359189573989028
0.1273,11.221333507397057,-5.55985238307926,-0.8065235111660793,12.525466291263019,-10.414809996230979,-6.965613908183759,12.523189857455012,-26.357110159271155
0.12735000000000002,11.221610004099778,-5.559478534857511,-0.8067051024219996,12.525220763676549,-10.41490490167778,-6.965742228819036,12.523271643769997,-26.35501593565343
0.1274,11.221880258377919,-5.559098326115053,-0.8068780433061381,12.524977460826568,-10.415002215071778,-6.965879134711518,12.523345029695031,-26.35290834111948
0.12745,11.22214403489394,-5.558711996619548,-0.8070424240316145,12.524736707314036,-10.415101610862324,-6.966024710694487,12.523409911093212,-26.350788832544982
0.1275,11.222401107519113,-5.558319794842489,-0.8071983469877931,12.52449882410718,-10.415202760531324,-6.966179029264687,12.523466195897369,-26.348658883639114
0.12755,11.222651259655041,-5.557921977605978,-0.8073459265943299,12.524264128084964,-10.415305333060711,-6.966342150478984,12.523513804240105,-26.346519982862617
0.12760000000000002,11.222894284541994,-5.5575188097169255,-0.8074852891389844,12.524032931586289,-10.415408995403007,-6.9665141218693645,12.523552668566646,-26.344373631321737
0.12765,11.223129985552912,-5.557110563590613,-0.8076165725976872,12.523805541965727,-10.415513412955224,-6.966694978375114,12.523582733730283,-26.342221340648305
0.1277,11.223358176472987,-5.556697518863431,-0.8077399264380083,12.523582261156315,-10.415618250034978,-6.966884742292885,12.523603957070268,-26.340064630865175
0.12775,11.223578681764785,-5.556279961994614,-0.8078555114070906,12.52336338524005,-10.415723170357696,-6.967083423245433,12.523616308472077,-26.337905028236346
0.1278,11.223791336817783,-5.555858185859086,-0.8079634993026231,12.523149204026714,-10.415827837515163,-6.967291018167627,12.523619770409965,-26.335744063112564
0.12785000000000002,11.223995988182605,-5.555432489330693,-0.8080640727286361,12.522940000641647,-10.41593191545397,-6.967507511310955,12.523614337971697,-26.333583267768745
0.1279,11.224192493789133,-5.555003176857373,-0.8081574248354155,12.522736051123003,-10.416035068953716,-6.967732874265628,12.523600018865494,-26.331424174241214
0.12795,11.224380723148851,-5.554570558027611,-0.8082437590452547,12.522537624029074,-10.416136964103593,-6.967967066001461,12.523576833409164,-26.32926831216114
0.128,11.224560557540329,-5.5541349471303025,-0.8083232887628503,12.522344980056276,-10.41623726877748,-6.968210032925971,12.52354481450137,-26.32711720659512
0.12805,11.224731890178038,-5.553696662707837,-0.8083962370715477,12.522158371668347,-10.41633565310649,-6.96846170896051,12.523504007575196,-26.324972375891477
0.12810000000000002,11.224894626364277,-5.5532560271029,-0.8084628364161012,12.521978042737194,-10.416431789948176,-6.968722015634291,12.52345447053393,-26.322835329534826
0.12815000000000001,11.22504868362415,-5.552813365999389,-0.8085233282726507,12.521804228195961,-10.416525355351503,-6.968990862196566,12.523396273669285,-26.32070756601043
0.1282,11.22519399182244,-5.552369007960104,-0.8085779628041582,12.521637153704914,-10.416616029018282,-6.969268145744811,12.523329499562106,-26.318590570691544
0.12825,11.225330493263566,-5.551923283958874,-0.8086269985050886,12.52147703533041,-10.416703494758472,-6.969553751371534,12.523254242965665,-26.316485813737646
0.1283,11.225458142773926,-5.551476526909293,-0.8086707018342477,12.521324079237495,-10.416787440939673,-6.969847552328204,12.523170610671816,-26.314394748013786
0.12835000000000002,11.225576907765626,-5.551029071192191,-0.8087093468345813,12.521178481396747,-10.416867560931047,-6.970149410204558,12.523078721360086,-26.312318807041663
0.12840000000000001,11.225686768283296,-5.550581252179111,-0.8087432147443486,12.52104042730542,-10.416943553538948,-6.970459175126309,12.522978705429987,-26.310259402967848
0.12845,11.225787717032269,-5.550133405755554,-0.8087725935967032,12.520910091723609,-10.417015123435565,-6.970776685968053,12.522870704816699,-26.308217924567728
0.1285,11.225879759388881,-5.549685867843451,-0.8087977778097054,12.520787638425679,-10.417081981579178,-6.971101770582229,12.522754872790502,-26.30619573528162
0.12855,11.225962913393047,-5.549238973922823,-0.8088190677680512,12.520673219967264,-10.417143845624997,-6.971434246044442,12.522631373740113,-26.304194171282383
0.12860000000000002,11.226037209722483,-5.548793058554825,-0.8088367693955256,12.52056697746828,-10.417200440326956,-6.971773918913456,12.5225003829403,-26.302214539584632
0.12865000000000001,11.226102691648936,-5.548348454906062,-0.8088511937195488,12.520469040412191,-10.417251497929387,-6.972120585506126,12.522362086304083,-26.300258116194552
0.1287,11.226159414976925,-5.547905494274129,-0.8088626564293848,12.520379526461793,-10.41729675854754,-6.9724740321876615,12.522216680119863,-26.29832614429884
0.12875,11.226207447964036,-5.547464505616971,-0.8088714774263583,12.520298541291892,-10.417335970537676,-6.9728340356749205,12.522064370773828,-26.296419832505364
0.1288,11.226246871224104,-5.547025815084392,-0.8088779803694306,12.520226178438929,-10.417368890854672,-6.973200363354533,12.52190537445806,-26.294540353126024
0.12885,11.226277777612426,-5.546589745554357,-0.8088824922145337,12.520162519167947,-10.41739528539789,-6.973572773613586,12.521739916864721,-26.29268884051424
0.12890000000000001,11.22630027209351,-5.54615661617403,-0.8088853427491263,12.520107632357032,-10.417414929344385,-6.973951016183002,12.521568232866752,-26.290866389455864
0.12895,11.22631447159222,-5.545726741904895,-0.8088868641240572,12.520061574399241,-10.417427607468161,-6.974334832494347,12.52139056618553,-26.28907405360911
0.129,11.226320504826907,-5.545300433075799,-0.8088873903799325,12.520024389122502,-10.417433114446974,-6.974723956046705,12.521207169045951,-26.287312844011936
0.12905,11.226318512126573,-5.544877994941009,-0.8088872569724828,12.51999610772719,-10.417431255154092,-6.975118112786182,12.521018301819417,-26.285583727641026
0.1291,11.2263086452315,-5.544459727245535,-0.8088868002959196,12.51997674874174,-10.417421844935582,-6.975517021496206,12.52082423265526,-26.283887626032563
0.12915000000000001,11.226291067076888,-5.544045923799696,-0.8088863572033538,12.519966317996355,-10.417404709873534,-6.975920394196657,12.520625237100997,-26.282225413973993
0.1292,11.226265951561405,-5.543636872060634,-0.8088862645282525,12.519964808614656,-10.41737968703315,-6.976327936554024,12.52042159771216,-26.280597918253402
0.12925,11.226233483299838,-5.54323285272332,-0.8088868586053909,12.519972201023494,-10.417346624694447,-6.97673934830017,12.520213603652037,-26.27900591647873
0.1293,11.226193857360402,-5.542834139321442,-0.8088884747922436,12.519988462980754,-10.417305382568156,-6.977154323659306,12.520001550282,-26.277450135967214
0.12935,11.226147278987145,-5.542440997838546,-0.80889144699168,12.520013549621272,-10.417255831995462,-6.977572551782729,12.519785738742977,-26.275931252705856
0.12940000000000002,11.226093963308237,-5.542053686329198,-0.8088961071775329,12.520047403520643,-10.417197856130702,-6.977993717191441,12.519566475528643,-26.274449890380343
0.12945,11.226034135029781,-5.541672454552233,-0.8089027849220085,12.520089954776841,-10.417131350107773,-6.978417500224608,12.519344072050933,-26.27300661948165
0.1295,11.225968028116274,-5.541297543615307,-0.8089118069270618,12.520141121109734,-10.417056221189215,-6.978843577494426,12.519118844198495,-26.271601956484982
0.12955,11.225895885457623,-5.540929185632266,-0.8089234965593146,12.520200807978105,-10.416972388898307,-6.979271622345835,12.518891111888697,-26.27023636310748
0.1296,11.225817958523875,-5.5405676033924784,-0.8089381733906026,12.520268908714101,-10.41687978513327,-6.979701305321623,12.518661198613827,-26.26891024563885
0.12965000000000002,11.225734507007402,-5.540213010044148,-0.8089561527431299,12.520345304674994,-10.416778354264272,-6.980132294630843,12.518429430982115,-26.26762395435393
0.1297,11.225645798453364,-5.539865608791388,-0.8089777452406598,12.520429865411954,-10.416668053212703,-6.980564256620566,12.518196138254234,-26.266377783004558
0.12975,11.225552107879382,-5.53952559260466,-0.809003256367196,12.520522448855594,-10.416548851512186,-6.9809968562509335,12.517961651875964,-26.265171968387456
0.1298,11.225453717384191,-5.539193143946526,-0.8090329860321674,12.520622901518047,-10.416420731352025,-6.98142975757152,12.51772630500758,-26.264006689996528
0.12985,11.225350915746263,-5.538868434512349,-0.8090672281435514,12.520731058711343,-10.41628368760271,-6.981862624198994,12.517490432050778,-26.262882069756312
0.12990000000000002,11.225243998013264,-5.538551624985571,-0.8091062701903279,12.520846744781636,-10.416137727822935,-6.982295119796067,12.517254368173681,-26.261798171833302
0.12995,11.22513326508221,-5.538242864809387,-0.8091503928332665,12.520969773359077,-10.415982872248945,-6.98272690854969,12.517018448834662,-26.26075500253301
0.13,11.22501902327137,-5.5379422919744,-0.8091998695054227,12.52109994762293,-10.415819153765947,-6.9831576556485295,12.516783009305659,-26.259752510279036
0.13005,11.224901583884728,-5.5376500328218645,-0.8092549660237239,12.52123706058153,-10.415646617861004,-6.983587027759666,12.516548384195616,-26.258790585671008
0.1301,11.224781262769087,-5.5373662018642005,-0.8093159402105825,12.521380895366734,-10.415465322558498,-6.984014693502532,12.516314906974813,-26.257869061628163
0.13015000000000002,11.224658379864618,-5.537090901622339,-0.8093830415268786,12.52153122554242,-10.41527533833774,-6.984440323920081,12.516082909500636,-26.256987713615324
0.1302,11.224533258750029,-5.5368242224794155,-0.8094565107176435,12.521687815426558,-10.415076748032387,-6.984863592947143,12.515852721545597,-26.256146259946966
0.13025,11.224406226182147,-5.536566242552444,-0.8095365794693434,12.521850420426489,-10.414869646712804,-6.98528417787404,12.5156246703282,-26.255344362176515
0.1303,11.224277611630994,-5.536317027581437,-0.8096234700800345,12.522018787386854,-10.41465414155096,-6.985701759805417,12.515399080047304,-26.254581625566747
0.13035,11.224147746811353,-5.53607663083539,-0.8097173951436926,12.522192654949679,-10.414430351667667,-6.98611602411429,12.515176271420716,-26.253857599636834
0.13040000000000002,11.224016965210781,-5.535845093036869,-0.8098185572474329,12.52237175392617,-10.414198407963346,-6.986526660889302,12.51495656122864,-26.253171778793394
0.13045,11.223885601615276,-5.535622442303879,-0.8099271486835343,12.522555807679614,-10.41395845293174,-6.98693336537573,12.514740261862611,-26.25252360303781
0.1305,11.223753991632911,-5.5354086941102345,-0.8100433511755244,12.522744532518916,-10.413710640457388,-6.987335838408684,12.514527680880605,-26.251912458754177
0.13055,11.22362247121671,-5.535203851262936,-0.8101673356203327,12.522937638102098,-10.413455135596376,-6.987733786839161,12.514319120568915,-26.2513376795693
0.1306,11.223491376186503,-5.535007903898782,-0.8102992618445471,12.523134827849352,-10.413192114341957,-6.988126923950571,12.514114877511505,-26.25079854729451
0.13065000000000002,11.223361041751275,-5.5348208294982095,-0.810439278377254,12.523335799364894,-10.412921763374024,-6.988514969866683,12.513915242167318,-26.250294292938
0.1307,11.223231802032616,-5.534642592916873,-0.8105875222392926,12.523540244867092,-10.412644279793321,-6.98889765195022,12.51372049845632,-26.24982409778862
0.13075,11.223103989589077,-5.534473146436245,-0.8107441187476294,12.523747851626322,-10.41235987084145,-6.989274705190077,12.513530923354693,-26.24938709457691
0.1308,11.222977934943208,-5.5343124298314486,-0.8109091813371903,12.523958302409808,-10.412068753606015,-6.989645872578356,12.513346786499964,-26.248982368702396
0.13085,11.222853966111577,-5.534160370456416,-0.8110828114000348,12.52417127593284,-10.411771154711543,-6.990010905476423,12.513168349806401,-26.24860895952699
0.13090000000000002,11.222732408137874,-5.534016883347971,-0.8112650981403293,12.524386447315875,-10.411467309997546,-6.9903695639678975,12.512995867091483,-26.248265861740943
0.13095,11.222613582630975,-5.533881871345719,-0.8114561184485104,12.52460348854656,-10.411157464182464,-6.990721617200839,12.512829583713751,-26.24795202678468
0.131,11.222497807306919,-5.533755225231358,-0.8116559367906929,12.52482206894643,-10.41084187051623,-6.991066843715071,12.51266973622272,-26.247666364343583
0.13105,11.222385395537453,-5.533636823883104,-0.8118646051179997,12.525041855641216,-10.410520790419454,-6.991405031758114,12.512516552021316,-26.24740774389265
0.1311,11.222276655903935,-5.53352653444862,-0.8120821627919849,12.525262514034402,-10.410194493111952,-6.9917359795857825,12.51237024904128,-26.247174996307365
0.13115000000000002,11.22217189175851,-5.5334242125337365,-0.8123086365288834,12.525483708283144,-10.409863255229626,-6.992059495749405,12.512231035432066,-26.246966915525853
0.1312,11.22207140079263,-5.53332970240779,-0.8125440403617102,12.525705101776008,-10.40952736043092,-6.992375399368219,12.512099109263648,-26.246782260265455
0.13125,11.221975474613691,-5.533242837224979,-0.8127883756204761,12.525926357611791,-10.409187098993218,-6.992683520386814,12.511974658243705,-26.246619755789766
0.1313,11.22188439832985,-5.533163439262416,-0.8130416309294839,12.52614713907879,-10.408842767400364,-6.992983699816367,12.511857859449538,-26.246478095728715
0.13135,11.221798450144913,-5.533091320172062,-0.8133037822245003,12.526367110133695,-10.408494667920415,-6.9932757899616345,12.511748879075148,-26.246355943936333
0.13140000000000002,11.221717900962284,-5.5330262812492705,-0.8135747927862742,12.526585935879684,-10.408143108176008,-6.993559654630411,12.511647872193834,-26.246251936399347
0.13145,11.221643013999671,-5.532968113715304,-0.8138546132929412,12.526803283042758,-10.407788400706732,-6.993835169327453,12.51155498253666,-26.246164683182364
0.1315,11.221574044414934,-5.532916599013821,-0.8141431818907219,12.52701882044581,-10.407430862524214,-6.994102221431988,12.511470342287097,-26.246092770408776
0.13155,11.221511238942776,-5.532871509122411,-0.8144404242811908,12.527232219479735,-10.407070814661589,-6.9943607103573235,12.51139407189213,-26.246034762282356
0.1316,11.221454835543874,-5.532832606876797,-0.8147462538271426,12.527443154570884,-10.406708581716732,-6.994610547694088,12.511326279890158,-26.24598920313649
0.13165000000000002,11.221405063066408,-5.532799646308101,-0.8150605716759226,12.527651303644163,-10.406344491390486,-6.994851657336067,12.511267062755852,-26.24595461951271
0.1317,11.221362140920666,-5.532772372992509,-0.8153832669003178,12.527856348581171,-10.405978874020345,-6.995083975588659,12.511216504762308,-26.245929522264348
0.13175,11.221326278766604,-5.5327505244138155,-0.8157142166556134,12.52805797567274,-10.405612062110986,-6.995307451258929,12.51117467786056,-26.245912408687403
0.1318,11.221297676216045,-5.532733830335955,-0.816053286355341,12.528255876065153,-10.405244389860707,-6.995522045729195,12.51114164157674,-26.24590176466337
0.13185,11.221276522548408,-5.532722013188151,-0.8164003298618987,12.52844974619949,-10.404876192686508,-6.995727733011337,12.511117442927022,-26.245896066826877
0.13190000000000002,11.221262996441492,-5.532714788459567,-0.8167551896946278,12.528639288243467,-10.404507806746862,-6.995924499783896,12.511102116350354,-26.245893784742286
0.13195,11.221257265717398,-5.532711865103962,-0.8171176972539067,12.528824210515047,-10.404139568463487,-6.996112345411085,12.511095683659272,-26.24589338309093
0.132,11.221259487103813,-5.532712945953598,-0.8174876730610671,12.529004227897385,-10.403771814042743,-6.996291281943788,12.5110981540087,-26.245893323865523
0.13205,11.221269806011168,-5.5327177281418045,-0.8178649270138771,12.529179062244353,-10.403404878997293,-6.996461334102545,12.511109523882867,-26.245892068567994
0.1321,11.221288356325475,-5.532725903534445,-0.8182492586562432,12.529348442776271,-10.403039097669227,-6.996622539241827,12.511129777100336,-26.245888080412243
0.13215000000000002,11.221315260218091,-5.532737159167727,-0.8186404574639028,12.529512106465031,-10.402674802754186,-6.996774947297307,12.511158884837121,-26.24587982651853
0.1322,11.221350627972045,-5.532751177693256,-0.8190383031440367,12.529669798408253,-10.402312324828012,-6.996918620714994,12.511196805667902,-26.245865780103948
0.13225,11.221394557824874,-5.532767637830002,-0.8194425659480425,12.529821272191898,-10.401951991876828,-6.997053634361896,12.511243485625268,-26.245844422667645
0.1323,11.221447135829099,-5.532786214820826,-0.8198530069988604,12.529966290240774,-10.401594128830233,-6.997180075419947,12.511298858276803,-26.24581424615868
0.13235,11.221508435729884,-5.532806580894378,-0.8202693786308645,12.530104624156458,-10.40123905709902,-6.99729804326208,12.511362844820106,-26.245773755130728
0.13240000000000002,11.221578518859813,-5.532828405731972,-0.8206914247414423,12.530236055042252,-10.400887094118369,-6.997407649310277,12.511435354195399,-26.24572146888215
0.13245,11.22165743405187,-5.532851356936983,-0.8211188811558464,12.530360373814496,-10.400538552896025,-6.997509016877512,12.511516283215677,-26.245655923568897
0.1325,11.22174521757007,-5.5328751005075105,-0.8215514760031355,12.530477381500006,-10.400193741566937,-6.997602280992496,12.51160551671418,-26.245575674294525
0.13255,11.221841893057555,-5.532899301312127,-0.8219889301022063,12.53058688951913,-10.399852962955343,-6.997687588207005,12.511702927708994,-26.245479297176747
0.1326,11.221947471503409,-5.53292362356564,-0.82243095735998,12.53068871995394,-10.399516514143427,-6.9977650963883,12.511808377584451,-26.2453653913754
0.13265000000000002,11.222061951226523,-5.532947731307858,-0.8228772651771273,12.530782705801407,-10.39918468604939,-6.997834974493543,12.511921716289262,-26.245232581097373
0.1327,11.222185317878422,-5.532971288880527,-0.8233275548653469,12.530868691210854,-10.398857763013073,-6.997897402330323,12.512042782550827,-26.245079517554743
0.13275,11.222317544463332,-5.532993961405504,-0.8237815220714387,12.530946531705743,-10.398536022391896,-6.9979525703002405,12.512171404105656,-26.24490488089212
0.1328,11.222458591376903,-5.533015415260499,-0.8242388572109547,12.531016094389132,-10.398219734165947,-6.9980006791286335,12.512307397945415,-26.244707382065283
0.13285,11.222608406462168,-5.533035318554338,-0.8246992459077769,12.531077258132747,-10.397909160554393,-6.998041939578406,12.512450570578293,-26.2444857646819
0.13290000000000002,11.222766925084237,-5.533053341598135,-0.8251623694423702,12.531129913749249,-10.397604555641868,-6.9980765721511125,12.512600718305327,-26.24423880678646
0.13295,11.222934070221669,-5.533069157375366,-0.8256279052039196,12.531173964147602,-10.39730616501775,-6.99810480677223,12.512757627511247,-26.243965322605874
0.133,11.22310975257651,-5.533082442006102,-0.8260955271502936,12.53120932447113,-10.397014225426219,-6.998126882465025,12.512921074969434,-26.243664164232168
0.13305,11.223293870700969,-5.53309287520842,-0.8265649062710355,12.531235922218274,-10.396728964429933,-6.998143047009851,12.513090828160568,-26.243334223258817
0.1331,11.22348631114198,-5.5331001407534615,-0.8270357110559965,12.531253697345688,-10.396450600085984,-6.998153556592223,12.51326664560447,-26.24297443235364
0.13315000000000002,11.223686948602458,-5.533103926915556,-0.827507607966546,12.53126260235365,-10.396179340635912,-6.998158675438093,12.51344827720471,-26.242583766776573
0.1332,11.223895646119596,-5.533103926915502,-0.8279802619101987,12.531262602353644,-10.395915384209394,-6.998158675438143,12.513635464605407,-26.24216124583369
0.13325,11.224112255259522,-5.533099839357266,-0.8284533367169192,12.531253675118002,-10.395658918542601,-6.998153835760736,12.513827941559784,-26.241705934270016
0.1333,11.22433661632874,-5.533091368656153,-0.8289264956179409,12.531235811111474,-10.395410120710794,-6.998144442455322,12.51402543430991,-26.241216943592306
0.13335,11.224568558601003,-5.533078225459831,-0.8293994017241919,12.531209013504846,-10.39516915687681,-6.998130788045016,12.514227661977063,-26.240693433330154
0.13340000000000002,11.224807900560247,-5.533060127059762,-0.8298717185056803,12.531173298170408,-10.394936182054565,-6.998113171110649,12.514434336962191,-26.240134612224278
0.13345,11.225054450159028,-5.53303679779287,-0.8303431102707445,12.53112869365934,-10.394711339888282,-6.998091895866469,12.514645165355867,-26.239539739342334
0.1335,11.225308005091398,-5.533007969434324,-0.8308132426428492,12.531075241161155,-10.394494762448547,-6.998067271726827,12.51485984735717,-26.23890812512814
0.13355,11.225568353080705,-5.532973381578975,-0.8312817830363196,12.531012994445094,-10.394286570044386,-6.998039612866117,12.515078077700853,-26.23823913237327
0.1336,11.225835272181813,-5.5329327820113,-0.831748401129969,12.5309420197836,-10.394086871051842,-6.998009237772299,12.51529954609224,-26.237532177111497
0.13365000000000002,11.226108531096422,-5.532885927064914,-0.832212769336177,12.530862395858128,-10.393895761760247,-6.997976468793207,12.515523937649148,-26.236786729443146
0.1337,11.226387889502604,-5.532832581968208,-0.832674563267934,12.530774213647105,-10.393713326234668,-6.997941631678897,12.515750933350333,-26.236002314273122
0.13375,11.226673098396061,-5.5327725211794165,-0.8331334621990412,12.530677576296648,-10.393539636197017,-6.997905055117231,12.515980210489623,-26.235178511981196
0.1338,11.226963900444819,-5.532705528706498,-0.833589149521392,12.53057259897373,-10.393374750923428,-6.997867070267235,12.516211443135283,-26.234314959002294
0.13385,11.22726003035498,-5.532631398415015,-0.8340413131946357,12.53045940870243,-10.39321871716034,-6.997828010287415,12.516444302593857,-26.233411348334737
0.13390000000000002,11.227561215248173,-5.532549934321115,-0.8344896461903122,12.530338144183212,-10.393071569057861,-6.997788209862096,12.516678457877777,-26.232467429963314
0.13395,11.227867175049793,-5.532460950870247,-0.8349338469286763,12.530208955595628,-10.392933328121115,-6.997748004725385,12.516913576176227,-26.231483011201757
0.134,11.228177622887465,-5.532364273200905,-0.8353736197078774,12.530072004384678,-10.392804003179585,-6.997707731183771,12.517149323328397,-26.230457956952907
0.13405,11.228492265498756,-5.532259737394154,-0.8358086751237779,12.529927463031205,-10.392683590374974,-6.9976677256370525,12.51738536429864,-26.229392189891776
0.1341,11.228810803648772,-5.532147190705859,-0.8362387304826064,12.529775514806506,-10.39257207316616,-6.997628324100644,12.517621363652685,-26.228285690557655
0.13415000000000002,11.229132932555498,-5.532026491784627,-0.8366635102023726,12.529616353511628,-10.39246942235312,-6.997589861726999,12.517856986034365,-26.227138497372067
0.1342,11.229458342323426,-5.531897510872719,-0.8370827462050525,12.529450183201735,-10.392375596118374,-6.997552672329015,12.518091896642114,-26.22595070657027
0.13425,11.229786718384602,-5.53176012999014,-0.8374961782984592,12.529277217895775,-10.392290540086146,-6.997517087905638,12.51832576170455,-26.22472247204908
0.1343,11.230117741945781,-5.531614243103099,-0.8379035545456368,12.529097681272102,-10.39221418740015,-6.997483438169004,12.51855824895449,-26.22345400513858
0.13435,11.230451090441987,-5.531459756274693,-0.8383046316234415,12.528911806350278,-10.392146458818544,-6.9974520500755855,12.518789028100764,-26.222145574288437
0.13440000000000002,11.230786437995379,-5.5312965877984395,-0.838699175168715,12.528719835159615,-10.39208726282666,-6.997423247361176,12.51901777129706,-26.22079750467372
0.13445000000000001,11.231123455878938,-5.531124668314263,-0.8390869601119598,12.528522018394865,-10.392036495766975,-6.997397350080601,12.519244153607223,-26.21941017771967
0.1345,11.231461812983753,-5.530943940907807,-0.8394677709967602,12.528318615059662,-10.39199404198699,-6.997374674151856,12.51946785346634,-26.217984030551484
0.13455,11.231801176290448,-5.530754361190507,-0.8398414022872586,12.528109892098042,-10.391959774003189,-6.997355530907535,12.519688553136906,-26.216519555357685
0.1346,11.232141211342544,-5.530555897363443,-0.8402076586597094,12.527896124014749,-10.391933552682833,-6.997340226651306,12.519905939159491,-26.215017298683925
0.13465000000000002,11.232481582722285,-5.5303485302624305,-0.8405663552805198,12.52767759248477,-10.391915227441764,-6.99732906222234,12.520119702797219,-26.213477860645828
0.13470000000000001,11.232821954527815,-5.530132253385195,-0.8409173180692436,12.527454585952647,-10.39190463645857,-6.997322332567455,12.520329540473497,-26.211901894066628
0.13475,11.233161990851018,-5.529907072900529,-0.8412603839463045,12.52722739922216,-10.391901606904716,-6.9973203263216295,12.520535154202287,-26.21029010354073
0.1348,11.23350135625543,-5.529673007639388,-0.8415954010651439,12.526996333036962,-10.391905955190285,-6.997323325397577,12.52073625201043,-26.208643244424138
0.13485,11.233839716253062,-5.529430089068697,-0.8419222290275256,12.526761693652835,-10.391917487225536,-6.997331604584137,12.520932548351297,-26.20696212175742
0.13490000000000002,11.234176737780448,-5.529178361246161,-0.8422407390837506,12.526523792402006,-10.391935998696699,-6.997345431155847,12.521123764509323,-26.205247589113565
0.13495000000000001,11.234512089672496,-5.52891788075739,-0.8425508143160065,12.52628294525027,-10.391961275356493,-6.997365064492882,12.521309628994734,-26.20350054737903
0.135,11.23484544313328,-5.528648716636,-0.8428523498040428,12.526039472347584,-10.391993093329237,-6.997390755711584,12.521489877928005,-26.201721943472474
0.13505,11.235176472203996,-5.528370950264915,-0.8431452527749711,12.525793697572619,-10.392031219429024,-6.9974227473077,12.521664255413466,-26.199912768993485
0.1351,11.235504854226656,-5.52808467526053,-0.8434294427352828,12.525545948072045,-10.39207541149137,-6.997461272811513,12.521832513901511,-26.198074058810942
0.13515000000000002,11.23583027030275,-5.5277899973401805,-0.8437048515846822,12.525296553795233,-10.392125418718068,-6.99750655645505,12.521994414538993,-26.1962068895945
0.13520000000000001,11.236152405747124,-5.527487034171285,-0.8439714237134566,12.525045847024845,-10.392180982033665,-6.997558812853559,12.522149727507196,-26.194312378281914
0.13525,11.236470950535656,-5.527175915203802,-0.8442291160817814,12.52479416190419,-10.392241834453877,-6.997618246700388,12.522298232346994,-26.19239168049184
0.1353,11.23678559974598,-5.526856781486735,-0.8444778982802059,12.524541833961937,-10.392307701465773,-6.997685052475201,12.52243971827074,-26.19044598888662
0.13535,11.237096053991689,-5.526529785466531,-0.8447177525740117,12.524289199634772,-10.392378301417674,-6.997759414168243,12.522573984460395,-26.1884765314753
0.13540000000000002,11.237402019847641,-5.52619509077134,-0.8449486739271701,12.524036595788909,-10.392453345920472,-6.997841505017563,12.522700840351538,-26.186484569877965
0.13545000000000001,11.237703210267851,-5.525852871977326,-0.8451706700105639,12.523784359240814,-10.392532540257289,-6.997931487263489,12.52282010590284,-26.184471397532675
0.1355,11.237999344993424,-5.525503314361023,-0.8453837611903083,12.523532826278194,-10.392615583803115,-6.99802951191717,12.522931611850609,-26.182438337866557
0.13555,11.238290150951553,-5.525146613635158,-0.8455879804994664,12.523282332181521,-10.392702170452084,-6.9981357185463615,12.523035199948083,-26.18038674241828
0.1356,11.23857536264359,-5.524782975670982,-0.8457833735902712,12.523033210747208,-10.392791989053316,-6.9982502350762275,12.523130723189128,-26.178317988928423
0.13565,11.238854722523193,-5.524412616204447,-0.8459699986702433,12.522785793812703,-10.39288472385295,-6.998373177608254,12.523218046015996,-26.176233479384692
0.13570000000000002,11.239127981362124,-5.524035760530462,-0.8461479264181515,12.52254041078454,-10.392980054943973,-6.998504650254075,12.523297044510937,-26.174134638044176
0.13575,11.239394898605248,-5.523652643181446,-0.8463172398845414,12.522297388169683,-10.393077658720703,-6.9986447449882405,12.523367606571286,-26.17202290941394
0.1358,11.239655242712354,-5.523263507594427,-0.846478034372807,12.522057049111169,-10.393177208339544,-6.99879354151674,12.523429632067872,-26.169899756212114
0.13585,11.239908791487801,-5.5228686057642165,-0.8466304173042342,12.521819712928341,-10.393278374183565,-6.998951107164123,12.5234830329865,-26.167766657297207
0.1359,11.240155332396427,-5.522468197885253,-0.8467745080648388,12.52158569466271,-10.393380824331587,-6.99911749677746,12.523527733552308,-26.165625105579373
0.13595000000000002,11.24039466286594,-5.522062551981332,-0.846910437835722,12.52135530462977,-10.393484225030218,-6.999292752648437,12.523563670336799,-26.163476605909853
0.136,11.240626590574943,-5.521651943524671,-0.8470383494061312,12.521128847977604,-10.393588241168816,-6.99947690445293,12.523590792347468,-26.16132267295626
0.13605,11.240850933726763,-5.52123665504349,-0.8471583969709351,12.520906624252792,-10.39369253675583,-6.999669969209303,12.523609061099826,-26.159164829059673
0.1361,11.24106752130777,-5.520816975720673,-0.847270745910691,12.520688926974339,-10.393796775397078,-6.999871951253667,12.523618450671753,-26.157004602086925
0.13615,11.241276193330735,-5.5203932009822765,-0.8473755725565569,12.520476043216151,-10.393900620774177,-7.000082842233875,12.523618947740134,-26.154843523271495
0.13620000000000002,11.24147680106263,-5.51996563207679,-0.8474730639399994,12.520268253198633,-10.394003737122631,-7.000302621121844,12.523610551599655,-26.152683125048082
0.13625,11.24166920723591,-5.51953457564727,-0.847563417526042,12.520065829890143,-10.394105789709869,-7.000531254242874,12.523593274163838,-26.150524938891216
0.1363,11.241853286243776,-5.519100343295062,-0.847646840932455,12.519869038618676,-10.394206445311317,-7.000768695323619,12.523567139948172,-26.148370493151624
0.13635,11.242028924319099,-5.518663251136069,-0.8477235516349585,12.519678136694422,-10.394305372684137,-7.001014885558355,12.523532186035494,-26.14622131089476
0.1364,11.242196019695916,-5.518223619351825,-0.8477937766570836,12.519493373043796,-10.39440224303883,-7.0012697536919735,12.523488462023632,-26.144078907752867
0.13645000000000002,11.242354482754623,-5.517781771733054,-0.8478577522482793,12.519314987855264,-10.394496730506347,-7.001533216122208,12.523436029955297,-26.14194478977877
0.1365,11.242504236148955,-5.517338035220235,-0.8479157235466145,12.519143212237788,-10.394588512602338,-7.001805177017554,12.523374964230491,-26.139820451323533
0.13655,11.24264521491642,-5.516892739437548,-0.847967944231162,12.518978267891978,-10.394677270685257,-7.002085528454431,12.523305351501328,-26.137707372919806
0.1366,11.24277736657045,-5.516446216224652,-0.848014676160405,12.518820366794797,-10.39476269041005,-7.002374150570143,12.523227290549672,-26.135607019192427
0.13665,11.242900651175153,-5.515998799164409,-0.8480561890000381,12.518669710898001,-10.394844462175119,-7.002670911733592,12.523140892147541,-26.13352083678675
0.13670000000000002,11.243015041402158,-5.5155508231082795,-0.8480927598394457,12.518526491840873,-10.394922281562714,-7.002975668732591,12.523046278900578,-26.13145025232259
0.13675,11.243120522569573,-5.515102623699849,-0.8481246727977447,12.518390890677583,-10.394995849771826,-7.00328826697773,12.522943585074799,-26.1293966703757
0.1368,11.243217092662514,-5.5146545368981075,-0.8481522186188147,12.518263077619721,-10.395064874043696,-7.003608540721614,12.522832956406845,-26.12736147149436
0.13685,11.243304762336402,-5.51420689849867,-0.8481756942587052,12.518143211794113,-10.395129068077697,-7.003936313295442,12.522714549897987,-26.125346010241127
0.1369,11.243383554901511,-5.513760043656757,-0.8481954024625156,12.518031441016484,-10.395188152438992,-7.004271397359727,12.522588533592227,-26.123351613278523
0.13695000000000002,11.24345350628985,-5.513314306410279,-0.848211651333918,12.517927901581208,-10.39524185495593,-7.004613595170927,12.522455086338692,-26.12137957748948
0.137,11.243514665004318,-5.5128700192042075,-0.8482247538974229,12.517832718067387,-10.395289911106898,-7.004962698863177,12.522314397538809,-26.119431168137595
0.13705,11.243567092049389,-5.512427512418305,-0.8482350276523993,12.517746003161692,-10.395332064396992,-7.005318490743384,12.522166666878467,-26.117507617077024
0.1371,11.243610860844402,-5.511987113897016,-0.8482427941216139,12.517667857498045,-10.395368066722789,-7.005680743601028,12.522012104045617,-26.115610121005027
0.13715,11.243646057119172,-5.511549148483034,-0.8482483783939613,12.517598369514484,-10.395397678725212,-7.006049221031448,12.521850928433688,-26.113739839763777
0.13720000000000002,11.243672778792156,-5.511113937554984,-0.8482521086623,12.517537615327331,-10.395420670129852,-7.00642367777235,12.521683368831225,-26.11189789469286
0.13725,11.24369113583085,-5.510681798570892,-0.8482543157558968,12.51748565862296,-10.395436820074954,-7.006803860052066,12.521509663098206,-26.110085367039872
0.1373,11.243701250095812,-5.510253044615759,-0.8482553326707984,12.51744255056715,-10.395445917425011,-7.007189505951388,12.521330057829454,-26.108303296419443
0.13735,11.24370325516693,-5.509827983956894,-0.8482554940953639,12.517408329732353,-10.395447761071567,-7.0075803457754615,12.521144808005612,-26.10655267933844
0.1374,11.24369729615352,-5.509406919605271,-0.8482551359343464,12.517383022042821,-10.395442160219176,-7.007976102437554,12.520954176632243,-26.104834467777003
0.13745000000000002,11.243683529487933,-5.5089901488844095,-0.8482545948311693,12.51736664073771,-10.395428934656765,-7.008376491853302,12.520758434367451,-26.103149567832354
0.1375,11.243662122703075,-5.508577963007368,-0.8482542076891458,12.51735918635224,-10.395407915013932,-7.008781223344876,12.520557859138632,-26.101498838426803
0.13755,11.243633254194183,-5.508170646662341,-0.8482543111924222,12.517360646716954,-10.395378943001761,-7.009190000054612,12.520352735748858,-26.099883090081477
0.1376,11.243597112964725,-5.507768477608322,-0.8482552413263359,12.517370996975018,-10.39534187163839,-7.009602519366693,12.520143355473396,-26.098303083762005
0.13765,11.24355389835781,-5.507371726279537,-0.8482573329000209,12.517390199617598,-10.39529656545779,-7.01001847333806,12.519930015647066,-26.09675952978807
0.13770000000000002,11.243503819772691,-5.506980655400584,-0.8482609190703274,12.517418204537183,-10.395242900702364,-7.010437549136596,12.519713019242866,-26.095253086815678
0.13775,11.243447096366625,-5.506595519613285,-0.8482663308672881,12.517454949098903,-10.395180765499333,-7.010859429485614,12.51949267444253,-26.093784360895818
0.1378,11.24338395674335,-5.506216565113969,-0.8482738967237724,12.517500358229581,-10.395110060019578,-7.011283793115611,12.519269294199608,-26.092353904601758
0.13785,11.243314638627982,-5.505844029303198,-0.848283942008383,12.517554344524537,-10.3950306966196,-7.0117103152213405,12.519043195795751,-26.09096221623366
0.1379,11.243239388528488,-5.5054781404487,-0.8482967885619189,12.517616808371958,-10.394942599966567,-7.0121386679232565,12.518814700390646,-26.08960973910351
0.13795000000000002,11.24315846138531,-5.505119117360191,-0.8483127542400953,12.517687638094547,-10.394845707145214,-7.012568520734353,12.51858413256646,-26.088296860891706
0.138,11.243072120208776,-5.50476716907796,-0.8483321524615793,12.517766710108377,-10.394739967747197,-7.012999541030419,12.518351819867279,-26.087023913083982
0.13805,11.242980635704676,-5.504422494576144,-0.848355291761446,12.517853889098749,-10.394625343943229,-7.013431394522608,12.518118092334255,-26.085791170491657
0.1381,11.242884285889632,-5.504085282478754,-0.8483824753533661,12.517949028212586,-10.394501810536264,-7.013863745733828,12.517883282037072,-26.084598850844113
0.13815,11.24278335569511,-5.50375571079247,-0.8484140006970375,12.518051969267399,-10.394369354998071,-7.014296258474931,12.517647722602506,-26.083447114472445
0.13820000000000002,11.242678136562558,-5.503433946652451,-0.848450159076133,12.518162542976262,-10.394227977486425,-7.014728596323809,12.517411748740566,-26.082336064063874
0.13825,11.242568926028495,-5.503120146085351,-0.8484912351831465,12.518280569188638,-10.394077690845348,-7.01516042310329,12.517175695769073,-26.081265744506688
0.1383,11.242456027301584,-5.502814453786696,-0.8485375067151447,12.518405857146622,-10.39391852058644,-7.015591403359925,12.516939899137228,-26.080236142809973
0.13835,11.242339748830968,-5.502517002915802,-0.8485892439779319,12.518538205756311,-10.393750504853035,-7.016021202840508,12.516704693948894,-26.07924718811275
0.1384,11.242220403867986,-5.50222791490539,-0.8486467095026402,12.518677403873811,-10.393573694365344,-7.016449488968425,12.516470414486257,-26.07829875176672
0.13845000000000002,11.242098310020017,-5.501947299289963,-0.8487101576710121,12.518823230605657,-10.393388152349006,-7.016875931315697,12.516237393734551,-26.07739064751186
0.1385,11.241973788799182,-5.5016752535490605,-0.8487798343546386,12.51897545562296,-10.393193954444547,-7.017300202073902,12.516005962908533,-26.076522631723574
0.13855,11.241847165164627,-5.501411862969276,-0.8488559765643882,12.519133839489083,-10.392991188600236,-7.0177219765198044,12.51577645098134,-26.075694403750035
0.1386,11.24171876706056,-5.501157200522432,-0.8489388121139099,12.519298134000223,-10.392779954946649,-7.018140933477788,12.515549184216463,-26.074905606324652
0.13865,11.241588924949609,-5.5009113267620515,-0.8490285592951998,12.519468082538475,-10.39256036565441,-7.018556755776421,12.515324485703466,-26.074155826063553
0.13870000000000002,11.241457971342802,-5.500674289737081,-0.8491254265682785,12.519643420436855,-10.392332544774526,-7.018969130699773,12.515102674898083,-26.07344459404108
0.13875,11.241326240326446,-5.500446124923863,-0.8492296122642861,12.519823875355815,-10.392096628062156,-7.019377750431951,12.514884067167458,-26.072771386447165
0.1388,11.241194067087148,-5.50022685517512,-0.849341304304008,12.520009167670606,-10.391852762783142,-7.019782312495484,12.51466897334104,-26.072135625318793
0.13885,11.241061787434775,-5.500016490687989,-0.8494606799299187,12.520199010869051,-10.391601107504856,-7.020182520181063,12.514457699267922,-26.071536679354736
0.1389,11.240929737324812,-5.49981502898936,-0.8495879054542409,12.520393111959116,-10.391341831870571,-7.02057808296976,12.514250545381072,-26.070973864803197
0.13895000000000002,11.240798252380737,-5.499622454938929,-0.8497231360229126,12.520591171885647,-10.391075116357825,-7.02096871694672,12.514047806269332,-26.070446446423144
0.139,11.240667667416286,-5.499438740751362,-0.8498665153941718,12.520792885955796,-10.390801152022116,-7.021354145204434,12.513849770257545,-26.06995363852526
0.13905,11.240538315959217,-5.499263846035747,-0.8500181757341619,12.520997944272462,-10.390520140225055,-7.021734098236715,12.513656718995577,-26.069494606081815
0.1391,11.240410529777119,-5.499097717852553,-0.8501782374294551,12.52120603217506,-10.39023229234766,-7.022108314322501,12.513468927056778,-26.069068465905417
0.13915,11.24028463840512,-5.498940290789677,-0.8503468089150088,12.521416830687164,-10.389937829490112,-7.022476539897488,12.513286661546445,-26.068674287903384
0.13920000000000002,11.240160968677607,-5.498791487054515,-0.8505239865209911,12.521630016970194,-10.389636982156619,-7.022838529915683,12.51311018172088,-26.068311096391003
0.13925,11.240039844262764,-5.4986512165857535,-0.8507098543344869,12.521845264782728,-10.389329989928276,-7.023194048196979,12.512939738617561,-26.06797787148121
0.1393,11.23992158520262,-5.498519377180502,-0.8509044840809848,12.522062244944474,-10.389017101121627,-7.023542867763967,12.512775574696976,-26.06767355052745
0.13935,11.239806507457494,-5.498395854640334,-0.8511079350216129,12.522280625804594,-10.38869857243588,-7.02388477116426,12.51261792349666,-26.06739702963644
0.1394,11.239694922456668,-5.498280522933477,-0.8513202538691137,12.522500073713454,-10.38837466858755,-7.024219550779974,12.512467009297879,-26.067147165236044
0.13945000000000002,11.239587136655414,-5.498173244374026,-0.8515414747214951,12.52272025349722,-10.38804566193392,-7.024547009123193,12.512323046805507,-26.066922775701393
0.1395,11.239483451099156,-5.498073869817619,-0.8517716190136886,12.522940828934605,-10.387711832085465,-7.024866959116987,12.512186240841489,-26.066722643035508
0.13955,11.23938416099488,-5.497982238874317,-0.8520106954862728,12.523161463235226,-10.387373465508604,-7.025179224360908,12.512056786052405,-26.06654551460721
0.1396,11.239289555291649,-5.497898180135895,-0.8522587001740107,12.523381819518594,-10.387030855117636,-7.025483639382697,12.511934866631522,-26.066390104931024
0.13965,11.239199916269255,-5.49782151142028,-0.8525156164107778,12.52360156129336,-10.386684299858475,-7.025780049873077,12.511820656055711,-26.066255097502328
0.13970000000000002,11.239115519136769,-5.497752040030552,-0.8527814148534482,12.52382035293597,-10.386334104283318,-7.026068312905418,12.511714316837685,-26.0661391466735
0.13975,11.239036631641296,-5.497689563028577,-0.8530560535241767,12.524037860168047,-10.38598057811712,-7.026348297139472,12.511616000293817,-26.066040879570686
0.1398,11.238963513686787,-5.497633867524305,-0.8533394778693771,12.524253750531917,-10.38562403581741,-7.026619883007608,12.511525846327983,-26.065958898055776
0.13985,11.238896416964435,-5.497584730978469,-0.8536316208375321,12.52446769386354,-10.385264796126904,-7.026882962885074,12.511443983231656,-26.065891780720975
0.1399,11.238835584594648,-5.497541921519021,-0.8539324029746289,12.524679362762141,-10.384903181620022,-7.027137441243117,12.511370527500574,-26.065838084917562
0.13995000000000002,11.238781250781383,-5.497505198270776,-0.8542417325374756,12.52488843305592,-10.384539518243908,-7.027383234785141,12.51130558366829,-26.065796348814775
0.14,11.238733640478646,-5.497474311698653,-0.854559505623481,12.525094584263211,-10.384174134855165,-7.027620272564561,12.511249244156756,-26.065765093490924
0.14005,11.238692969070934,-5.497449003961753,-0.8548856063194231,12.525297500048316,-10.383807362751515,-7.027848496086561,12.511201589144205,-26.06574282504166
0.1401,11.238659442066533,-5.497429009280889,-0.8552199068655417,12.525496868671523,-10.38343953520099,-7.028067859390631,12.51116268645062,-26.065728036718287
0.14015,11.23863325480522,-5.497414054316447,-0.8555622678374599,12.525692383432533,-10.38307098696776,-7.028278329116086,12.511132591440706,-26.065719211080065
0.14020000000000002,11.238614592180475,-5.49740385855715,-0.8559125383445778,12.525883743106753,-10.382702053835896,-7.028479884549603,12.5111113469448,-26.065714822162633
0.14025,11.23860362837649,-5.497398134718995,-0.8562705562448271,12.526070652373752,-10.382333072131662,-7.028672517654756,12.511098983197641,-26.065713337658778
0.1403,11.23860052662049,-5.4973965891537455,-0.8566361483754653,12.526252822237335,-10.38196437824502,-7.028856233083591,12.511095517795138,-26.06571322110799
0.14035,11.238605438950213,-5.497398922267283,-0.8570091307987119,12.526429970436704,-10.381596308151497,-7.029031048169423,12.511100955669201,-26.06571293409623
0.1404,11.23861850599789,-5.497404828945284,-0.8573893090638985,12.526601821847905,-10.381229196933987,-7.029196992902623,12.511115289080712,-26.06571093845271
0.14045000000000002,11.238639856790279,-5.497413998987093,-0.8577764784842778,12.52676810887519,-10.380863378306,-7.0293541098881,12.511138497630593,-26.065705698448056
0.1405,11.238669608564843,-5.4974261175475245,-0.8581704244275439,12.526928571831709,-10.380499184137296,-7.029502454284184,12.511170548288943,-26.06569568299254
0.14055,11.238707866603225,-5.497440865584247,-0.8585709226216814,12.527082959308851,-10.380136943981542,-7.029642093724606,12.511211395442285,-26.06567936782224
0.1406,11.238754724081515,-5.497457920311534,-0.8589777394740759,12.5272310285339,-10.379776984607433,-7.02977310822236,12.511260980958738,-26.065655237677394
0.14065,11.238810261937406,-5.497476955660057,-0.859390632403088,12.52737254571537,-10.379419629534318,-7.02989559005531,12.511319234271136,-26.065621788471198
0.14070000000000002,11.238874548755309,-5.497497642740239,-0.8598093501836436,12.527507286375593,-10.379065198571665,-7.030009643635354,12.511386072477915,-26.06557752943675
0.14075000000000001,11.238947640668835,-5.49751965030992,-0.8602336333047745,12.527635035669967,-10.378714007364058,-7.030115385360048,12.511461400461549,-26.065520985256228
0.1408,11.239029581280668,-5.497542645246194,-0.8606632143380698,12.52775558869265,-10.378366366942599,-7.030212943446452,12.511545111024555,-26.065450698171638
0.14085,11.239120401601003,-5.497566293018306,-0.8610978183191392,12.527868750767938,-10.378022583281863,-7.030302457749634,12.511637085042665,-26.065365230061964
0.1409,11.239220120002864,-5.497590258164625,-0.8615371631374951,12.527974337727297,-10.377682956865367,-7.030384079562667,12.511737191635053,-26.065263164502316
0.14095000000000002,11.239328742196472,-5.497614204768884,-0.8619809599389369,12.528072176171232,-10.377347782257539,-7.030457971402353,12.511845288351369,-26.065143108780976
0.14100000000000001,11.239446261220749,-5.497637796938727,-0.8624289135356109,12.528162103716053,-10.37701734768514,-7.030524306777323,12.511961221375262,-26.065003695890617
0.14105,11.239572657453534,-5.497660699282866,-0.8628807228266424,12.528243969224738,-10.37669193462689,-7.030583269941873,12.512084825744129,-26.064843586475217
0.1411,11.239707898639152,-5.497682577388893,-0.8633360812256337,12.528317633022047,-10.376371817413515,-7.030635055633153,12.512215925584753,-26.064661470743797
0.14115,11.239851939934757,-5.49770309829801,-0.8637946770978464,12.528382967093089,-10.376057262836907,-7.03067986879508,12.512354334364522,-26.064456070332753
0.14120000000000002,11.24000472397358,-5.497721930979783,-0.8642561942022481,12.528439855265532,-10.37574852977133,-7.030717924285751,12.51249985515782,-26.06422614013321
0.14125000000000001,11.240166180947,-5.497738746802049,-0.8647203121424257,12.528488193374766,-10.375445868804572,-7.030749446572717,12.512652280927222,-26.063970470059505
0.1413,11.240336228703482,-5.497753219999129,-0.8651867068215412,12.528527889412134,-10.375149521881943,-7.030774669413003,12.512811394819103,-26.063687886775714
0.14135,11.240514772865774,-5.497765028134564,-0.8656550509040668,12.528558863655762,-10.374859721961704,-7.030793835521199,12.512976970473218,-26.06337725536179
0.1414,11.240701706964765,-5.497773852560508,-0.8661250142806057,12.528581048784034,-10.374576692684158,-7.030807196223524,12.513148772345776,-26.06303748093132
0.14145000000000002,11.24089691259145,-5.497779378870028,-0.8665962645385359,12.52859438997125,-10.37430064805291,-7.03081501110122,12.51332655604562,-26.062667510182624
0.14150000000000001,11.24110025956477,-5.497781297345463,-0.8670684674336163,12.528598844965725,-10.374031792131154,-7.030817547620262,12.513510068682915,-26.062266332900535
0.14155,11.24131160611731,-5.497779303398033,-0.8675412873665035,12.52859438414981,-10.373770318750807,-7.030815080751774,12.51369904922999,-26.061832983385234
0.1416,11.241530799096601,-5.497773098001749,-0.8680143878594273,12.528580990582066,-10.373516411237171,-7.030807892580319,12.513893228893606,-26.061366541825123
0.14165,11.241757674183088,-5.497762388118609,-0.8684874320349991,12.528558660021378,-10.373270242148088,-7.030796271902767,12.514092331498356,-26.060866135599362
0.14170000000000002,11.241992056124083,-5.4977468871149595,-0.8689600830959454,12.528527400932884,-10.373031973028137,-7.030780513817927,12.514296073880432,-26.06033094051083
0.14175000000000001,11.242233758982756,-5.497726315169859,-0.8694320048034813,12.528487234476078,-10.372801754179275,-7.030760919306219,12.514504166291317,-26.05976018195505
0.1418,11.242482586402673,-5.497700399673059,-0.8699028619556951,12.52843819447462,-10.372579724446974,-7.0307377948015635,12.514716312810796,-26.059153136014114
0.14185,11.24273833188731,-5.497668875612268,-0.8703723208648969,12.528380327368241,-10.372366011022416,-7.0307114517559715,12.514932211768633,-26.05850913047564
0.1419,11.24300077909357,-5.497631485950732,-0.8708400498316574,12.528313692146689,-10.372160729261912,-7.030682206195958,12.51515155617444,-26.05782754578287
0.14195000000000002,11.243269702139552,-5.497587981992657,-0.8713057196168226,12.528238360265838,-10.371963982522729,-7.0306503782731795,12.515374034154924,-26.057107815905333
0.14200000000000002,11.243544865926122,-5.497538123736528,-0.8717690039103823,12.52815441554597,-10.371775862015738,-7.0306162918094435,12.515599329398102,-26.056349429131334
0.14205,11.243826026471027,-5.497481680217135,-0.8722295797949279,12.52806195405264,-10.371596446676097,-7.030580273835507,12.515827121603678,-26.055551928788162
0.1421,11.244112931256016,-5.497418429833945,-0.8726871282051714,12.527961083959967,-10.371425803050844,-7.03054265412602,12.516057086939028,-26.054714913879415
0.14215,11.244405319586098,-5.497348160666263,-0.8731413343818957,12.527851925396773,-10.371263985204203,-7.030503764730509,12.516288898500102,-26.053838039643182
0.1422,11.244702922960407,-5.4972706707745855,-0.8735918883197872,12.527734610275695,-10.37111103464062,-7.030463939501107,12.516522226776605,-26.05292101802972
0.14225000000000002,11.24500546545421,-5.497185768487712,-0.8740384852085783,12.527609282105532,-10.370966980245628,-7.0304235136178175,12.516756740120774,-26.051963618097908
0.1423,11.245312664111056,-5.497093272676098,-0.8744808258658503,12.527476095787154,-10.370831838245202,-7.0303828231110534,12.516992105219101,-26.0509656663345
0.14235,11.245624229345712,-5.496993013008645,-0.8749186171635753,12.527335217393107,-10.370705612182137,-7.0303422043844614,12.517227987566304,-26.04992704688352
0.1424,11.245939865355771,-5.49688483019561,-0.8753515724443769,12.527186823931407,-10.37058829291139,-7.030301993735791,12.517464051940905,-26.04884770170118
0.14245,11.246259270542545,-5.496768576214978,-0.8757794119295649,12.527031103093742,-10.370479858612976,-7.030262526878765,12.517699962881702,-26.04772763062415
0.14250000000000002,11.246582137940116,-5.496644114522915,-0.8762018631172002,12.526868252988493,-10.370380274822914,-7.030224138465581,12.517935385164483,-26.046566891356203
0.14255,11.246908155652072,-5.4965113202478495,-0.8766186611698961,12.526698481858887,-10.370289494482176,-7.030187161611037,12.518169984278288,-26.04536559937244
0.1426,11.24723700729486,-5.496370080368757,-0.8770295492908431,12.52652200778685,-10.370207458004021,-7.030151927418094,12.518403426900568,-26.044123927745506
0.14265,11.247568372448066,-5.49622029387541,-0.8774342790896135,12.526339058382739,-10.370134093358452,-7.0301187645073275,12.518635381370524,-26.042842106884358
0.1427,11.247901927110284,-5.496061871911944,-0.8778326109356918,12.526149870461564,-10.370069316174593,-7.030087998549622,12.518865518160002,-26.041520424193653
0.14275000000000002,11.24823734415968,-5.49589473790387,-0.8782243142986033,12.525954689706186,-10.370013029861076,-7.030059951802317,12.519093510341227,-26.04015922365639
0.1428,11.248574293819773,-5.495718827666121,-0.8786091680768441,12.52575377031774,-10.369965125742926,-7.030034942651624,12.51931903405081,-26.038758905328727
0.14285,11.248912444128148,-5.4955340894950755,-0.8789869609115775,12.525547374654131,-10.369925483216575,-7.03001328515906,12.519541768949196,-26.037319924763977
0.1429,11.249251461408763,-5.495340484241957,-0.8793574914874611,12.525335772856794,-10.369893969921298,-7.029995288614834,12.51976139867513,-26.03584279235363
0.14295,11.249591010746638,-5.495137985368432,-0.8797205688191216,12.525119242466435,-10.369870441927512,-7.029981257098002,12.519977611294303,-26.034328072591403
0.14300000000000002,11.249930756464359,-5.494926578984112,-0.8800760125230657,12.524898068028211,-10.36985474394129,-7.029971489044098,12.520190099741649,-26.032776383260344
0.14305,11.250270362599286,-5.494706263866971,-0.8804236530735913,12.524672540687025,-10.369846709525692,-7.029966276820055,12.520398562256666,-26.03118839454934
0.1431,11.250609493381905,-5.494477051464105,-0.8807633320449783,12.524442957773292,-10.369846161336929,-7.029965906309192,12.520602702811106,-26.029564828087725
0.14315,11.250947813712907,-5.494238965876589,-0.8810949023355966,12.524209622380107,-10.369852911377313,-7.029970656503522,12.520802231528453,-26.0279064559183
0.1432,11.251284989640334,-5.493992043824213,-0.8814182283782502,12.523972842931993,-10.369866761262083,-7.029980799107779,12.520996865094634,-26.026214099388763
0.14325000000000002,11.251620688834258,-5.493736334593982,-0.8817331863321939,12.523732932746249,-10.369887502502063,-7.029996598152263,12.52118632715931,-26.024488627982702
0.1433,11.251954581059756,-5.493471899969537,-0.882039664259826,12.523490209587232,-10.369914916799928,-7.030018309617695,12.521370348727272,-26.02273095807689
0.14335,11.252286338646693,-5.493198814143152,-0.8823375622860271,12.523244995214325,-10.369948776360664,-7.030046181071169,12.521548668539316,-26.020942051634798
0.1434,11.252615636955518,-5.492917163610882,-0.8826267927394958,12.522997614924291,-10.369988844216019,-7.030080451313409,12.521721033442121,-26.019122914840207
0.14345,11.252942154839287,-5.492627047049006,-0.8829072802780045,12.522748397088524,-10.370034874561286,-7.0301213500395185,12.521887198746576,-26.01727459666297
0.14350000000000002,11.253265575100572,-5.492328575173533,-0.8831789619957461,12.522497672685914,-10.370086613104824,-7.030169097512382,12.522046928574072,-26.015398187366795
0.14355,11.253585584942382,-5.492021870583254,-0.8834417875121989,12.522245774832104,-10.370143797430183,-7.030223904248848,12.522199996190276,-26.013494816962883
0.1436,11.253901876413401,-5.491707067584793,-0.8836957190444092,12.521993038305578,-10.370206157368992,-7.030285970720785,12.522346184325917,-26.011565653602368
0.14365,11.254214146845865,-5.491384312001873,-0.8839407314603737,12.521739799071476,-10.370273415385487,-7.0303554870696,12.522485285484104,-26.009611901920046
0.1437,11.254522099286184,-5.491053760967738,-0.8841768123149905,12.521486393803679,-10.370345286971197,-7.030432632835943,12.522617102233824,-26.00763480132479
0.14375000000000002,11.254825442917209,-5.490715582701939,-0.8844039618673674,12.521233159405934,-10.37042148104984,-7.0305175767039945,12.52274144748914,-26.00563562424387
0.1438,11.255123893472176,-5.490369956270501,-0.8846221930811228,12.520980432532559,-10.370501700391051,-7.030610476262056,12.52285814477374,-26.00361567431687
0.14385,11.255417173638712,-5.490017071331913,-0.8848315316051047,12.520728549109613,-10.370585642033603,-7.030711477777702,12.522967028470413,-26.001576284552623
0.1439,11.255705013453776,-5.489657127866389,-0.8850320157379958,12.520477843856993,-10.370672997715781,-7.030820715990605,12.52306794405519,-25.99951881543675
0.14395,11.255987150687146,-5.489290335892523,-0.8852236963725783,12.520228649812365,-10.370763454314565,-7.030938313919842,12.523160748315785,-25.997444653011513
0.14400000000000002,11.256263331214877,-5.488916915167571,-0.8854066369244202,12.519981297857376,-10.370856694290461,-7.031064382689802,12.523245309553962,-25.99535520690956
0.14405,11.256533309380469,-5.4885370948756,-0.8855809132408443,12.519736116247014,-10.370952396139623,-7.0311990213714175,12.52332150777171,-25.993251908363554
0.1441,11.256796848344564,-5.48815111330079,-0.8857466134937728,12.519493430142644,-10.371050234850792,-7.03134231684185,12.523389234840735,-25.991136208178613
0.14415,11.257053720421567,-5.487759217489255,-0.8859038380534977,12.519253561149515,-10.371149882368075,-7.031494343660256,12.523448394655338,-25.98900957468475
0.1442,11.257303707403942,-5.487361662896631,-0.886052699346955,12.519016826859215,-10.371251008056982,-7.031655163962586,12.523498903268136,-25.98687349165626
0.14425000000000002,11.257546600872047,-5.486958713025811,-0.8861933216965872,12.518783540397989,-10.37135327917546,-7.03182482737218,12.523540689008666,-25.984729456220336
0.1443,11.257782202491137,-5.4865506390511944,-0.8863258411445308,12.51855400998126,-10.371456361346604,-7.032003370930063,12.523573692584689,-25.98257897673651
0.14435,11.25801032429312,-5.486137719433552,-0.8864504052584186,12.518328538475222,-10.371559919034704,-7.032190819041671,12.523597867165892,-25.98042357066872
0.1444,11.258230788944049,-5.485720239523781,-0.8865671729216167,12.518107422966045,-10.371663616022431,-7.032387183442264,12.523613178450082,-25.97826476244059
0.14445,11.258443429996586,-5.48529849115651,-0.8866763141077774,12.517890954337211,-10.37176711588881,-7.0325924631807,12.523619604711618,-25.97610408127951
0.14450000000000002,11.258648092126483,-5.48487277223562,-0.8867780096383262,12.517679416855795,-10.371870082488154,-7.032806644620174,12.523617136832113,-25.97394305905968
0.14455,11.258844631353536,-5.484443386310394,-0.8868724509253363,12.517473087768096,-10.3719721804282,-7.033029701457702,12.523605778313295,-25.971783228137905
0.1446,11.259032915246655,-5.484010642143248,-0.8869598396997918,12.517272236905237,-10.372073075546863,-7.033261594761985,12.52358554527209,-25.969626119186564
0.14465,11.259212823111959,-5.483574853271094,-0.887040387724009,12.51707712629935,-10.372172435387949,-7.0335022730282555,12.52355646641783,-25.967473259034346
0.1447,11.259384246164535,-5.483136337559162,-0.8871143164905689,12.516888009810867,-10.372269929673966,-7.033751672251702,12.523518583011718,-25.965326168508547
0.14475000000000002,11.259547087683423,-5.482695416748378,-0.8871818569078036,12.516705132767326,-10.37236523077562,-7.034009716018947,12.523471948808524,-25.963186360284094
0.1448,11.259701263148889,-5.482252415998331,-0.8872432489706091,12.516528731614502,-10.372458014178278,-7.034276315616169,12.523416629980664,-25.961055336749606
0.14485,11.25984670036271,-5.481807663424579,-0.887298741419243,12.516359033579999,-10.372547958943468,-7.034551370155419,12.523352705024697,-25.958934587883654
0.1449,11.259983339550953,-5.481361489631838,-0.8873485913855824,12.516196256350065,-10.372634748165368,-7.034834766718227,12.523280264650472,-25.95682558914856
0.14495,11.260111133448994,-5.4809142272436135,-0.8873930640274503,12.516040607759914,-10.372718069421543,-7.0351263805162985,12.523199411652897,-25.9547297994045
0.14500000000000002,11.260230047368868,-5.480466210428906,-0.8874324321516112,12.515892285498051,-10.372797615217259,-7.035426075069144,12.52311026076676,-25.952648658846105
0.14505,11.26034005924824,-5.480017774427567,-0.8874669758249072,12.515751476825162,-10.372873083423332,-7.035733702397591,12.523012938504563,-25.950583586969543
0.1451,11.260441159682221,-5.479569255072561,-0.8874969819768534,12.51561835830764,-10.372944177705367,-7.036049103235079,12.522907582977762,-25.9485359805602
0.14515,11.260533351936434,-5.479120988312887,-0.8875227439907666,12.515493095566487,-10.373010607945666,-7.036372107253599,12.522794343701552,-25.94650721171967
0.1452,11.26061665194249,-5.478673309735453,-0.8875445612867143,12.515375843041696,-10.373072090655773,-7.036702533306243,12.522673381383552,-25.944498625922495
0.14525000000000002,11.260691088275356,-5.478226554087639,-0.8875627388956686,12.515266743772568,-10.373128349379689,-7.0370401896849275,12.52254486769662,-25.9425115401109
0.1453,11.2607567021128,-5.477781054800967,-0.887577587025796,12.515165929194215,-10.373179115087002,-7.03738487439325,12.522408985036177,-25.9405472408287
0.14535,11.260813547176488,-5.477337143517431,-0.8875894206204804,12.51507351895066,-10.373224126556007,-7.037736375433227,12.522265926262277,-25.938606982401634
0.1454,11.260861689655812,-5.476895149617281,-0.8875985589108504,12.514989620724599,-10.37326313074496,-7.0380944711073194,12.522115894426918,-25.9366919851569
0.14545,11.260901208113806,-5.476455399750308,-0.887605324961865,12.514914330084217,-10.373295883151942,-7.038458930333909,12.52195910248685,-25.93480343369164
0.14550000000000002,11.260932193375092,-5.476018217371851,-0.8876100452120482,12.514847730347293,-10.373322148163043,-7.0388295129754415,12.521795773002367,-25.93294247519537
0.14555,11.2609547483971,-5.475583922281797,-0.8876130490101106,12.514789892462614,-10.373341699386986,-7.039205970180818,12.52162613782244,-25.931110217816833
0.1456,11.260968988123263,-5.475152830170393,-0.8876146681456621,12.514740874909108,-10.3733543199776,-7.039588044738715,12.521450437756672,-25.929307729093477
0.14565,11.260975039319609,-5.474725252169033,-0.8876152363774285,12.514700723612647,-10.373359802942183,-7.039975471443613,12.52126892223454,-25.927536034433217
0.1457,11.260973040394452,-5.47430149440759,-0.8876150889585707,12.514669471880708,-10.373357951435882,-7.040367977473117,12.521081848952344,-25.925796115655487
0.14575000000000002,11.260963141201652,-5.473881857578722,-0.8876145621600657,12.514647140354988,-10.373348579041583,-7.04076528277627,12.520889483508416,-25.92408890959241
0.1458,11.260945502827107,-5.473466636510778,-0.8876139927916541,12.514633736982084,-10.373331510035452,-7.041167100471306,12.52069209902706,-25.922415306757475
0.14585,11.260920297360116,-5.473056119747451,-0.8876137177238046,12.514629257002087,-10.373306579636312,-7.041573137254641,12.520489975771797,-25.92077615007088
0.1459,11.260887707648017,-5.472650589138455,-0.8876140734072779,12.514633682955505,-10.373273634240736,-7.041983093817049,12.52028340074839,-25.91917223366222
0.14595,11.260847927036554,-5.472250319437645,-0.8876153953956006,12.514646984707955,-10.373232531640953,-7.042396665270309,12.520072667298257,-25.917604301731107
0.14600000000000002,11.260801159094532,-5.471855577912888,-0.8876180178669467,12.514669119493126,-10.373183141227582,-7.042813541580236,12.51985807468284,-25.916073047486183
0.14605,11.260747617324423,-5.471466623965425,-0.8876222731493099,12.514700031973566,-10.373125344175115,-7.043233408008142,12.519639927659473,-25.914579112150072
0.1461,11.260687524858762,-5.4710837087607755,-0.8876284912478642,12.514739654319389,-10.373059033610893,-7.043655945558611,12.5194185360494,-25.913123084039032
0.14615,11.260621114142374,-5.470707074872114,-0.8876369993748265,12.514787906304807,-10.372984114767547,-7.044080831432688,12.519194214298492,-25.91170549772111
0.1462,11.260548626602024,-5.47033695593474,-0.8876481214845408,12.514844695422227,-10.372900505117482,-7.0445077394874875,12.518967281031374,-25.91032683324406
0.14625000000000002,11.26047031230301,-5.4699735763135555,-0.8876621778128332,12.514909917013814,-10.372808134490176,-7.04493634070026,12.518738058599435,-25.908987515441844
0.1463,11.260386429593222,-5.469617150784494,-0.8876794844208664,12.514983454420413,-10.372706945172354,-7.0453663036359195,12.51850687262355,-25.907687913322686
0.14635,11.260297244735899,-5.469267884228437,-0.887700352746168,12.515065179147454,-10.372596891989728,-7.045797294919017,12.518274051532003,-25.90642833953032
0.1464,11.260203031530729,-5.4689259713400915,-0.8877250891592653,12.515154951047753,-10.372477942371464,-7.046228979707658,12.518039926094339,-25.90520904988924
0.14645,11.260104070924443,-5.468591596350895,-0.8877539945280536,12.515252618520847,-10.37235007639639,-7.046661022169954,12.517804828951794,-25.904030243028107
0.14650000000000002,11.260000650611035,-5.468264932767249,-0.887787363789467,12.515358018728696,-10.37221328682157,-7.047093085961447,12.517569094144955,-25.902892060086337
0.14655,11.259893064622778,-5.467946143123174,-0.8878254855305593,12.51547097782724,-10.37206757909222,-7.047524834704066,12.51733305663933,-25.901794584497956
0.1466,11.25978161291163,-5.467635378749814,-0.8878686415771889,12.515591311213763,-10.371912971334439,-7.047955932463947,12.517097051849499,-25.90073784186359
0.14665,11.259666600923024,-5.4673327795592135,-0.8879171065942063,12.515718823789408,-10.371749494328816,-7.048386044230193,12.516861415162515,-25.89972179989616
0.1467,11.259548339160835,-5.46703847384642,-0.8879711476934915,12.515853310236782,-10.371577191467344,-7.0488148363903615,12.516626481461229,-25.898746368459392
0.14675000000000002,11.259427142746157,-5.4667525781060196,-0.8880310240550673,12.515994555311948,-10.371396118691088,-7.04924197720593,12.516392584648251,-25.897811399678
0.1468,11.25930333096871,-5.466475196867153,-0.8880969865576239,12.51614233415066,-10.37120634441108,-7.049667137283504,12.516160057171161,-25.89691668813866
0.14685,11.259177226832957,-5.4662064225441895,-0.8881692774223572,12.51629641258817,-10.371007949410595,-7.05008999004398,12.515929229549727,-25.896061971166063
0.1469,11.2590491565983,-5.465946335305978,-0.888248129867609,12.516456547492393,-10.370801026730692,-7.050510212186418,12.5157004299057,-25.89524692918748
0.14695,11.258919449315439,-5.465695002960854,-0.8883337677781996,12.516622487109663,-10.370585681537237,-7.05092748414881,12.51547398349598,-25.894471186170055
0.14700000000000002,11.25878843635776,-5.465452480861304,-0.8884264053856948,12.516793971422945,-10.370362030972064,-7.051341490561641,12.5152502122497,-25.893734310149405
0.14705000000000001,11.25865645095044,-5.465218811824275,-0.8885262469647486,12.516970732521635,-10.370130203985692,-7.05175192069736,12.515029434310007,-25.89303581382753
0.1471,11.25852382769613,-5.464994026070895,-0.8886334865418053,12.51715249498269,-10.369890341154324,-7.052158468911795,12.51481196358108,-25.89237515525804
0.14715,11.258390902099059,-5.464778141183336,-0.8887483076192872,12.517338976262417,-10.36964259447977,-7.052560835079082,12.5145981092811,-25.891751738605727
0.1472,11.258258010088019,-5.46457116207931,-0.8888708829150941,12.517529887098327,-10.369387127172928,-7.05295872501902,12.514388175501823,-25.891164914981605
0.14725000000000002,11.258125487538221,-5.464373081005734,-0.8890013741162027,12.517724931920677,-10.369124113422018,-7.053351850914945,12.514182460775366,-25.890613983359913
0.14730000000000001,11.257993669793533,-5.464183877549661,-0.8891399316487618,12.51792380927289,-10.36885373814477,-7.053739931723228,12.51398125764878,-25.89009819156625
0.14735,11.257862891189719,-5.464003518666844,-0.8892866944646604,12.518126212240327,-10.368576196725057,-7.054122693573481,12.513784852267127,-25.889616737337146
0.1474,11.257733484578559,-5.4638319587292985,-0.8894417898432175,12.518331828886925,-10.368291694735337,-7.054499870157628,12.513593523965564,-25.889168769457086
0.14745,11.257605780854474,-5.463669139590055,-0.8896053332103484,12.518540342698913,-10.368000447644125,-7.054871203108861,12.513407544871093,-25.88875338896221
0.14750000000000002,11.257480108484055,-5.463514990665377,-0.8897774279748769,12.51875143303498,-10.367702680509174,-7.055236442369599,12.51322717951446,-25.88836965041122
0.14755000000000001,11.257356793038516,-5.463369429035824,-0.8899581653807328,12.518964775582447,-10.367398627657785,-7.055595346546625,12.51305268445289,-25.888016563229023
0.1476,11.257236156730668,-5.463232359564025,-0.8901476243773491,12.519180042818592,-10.36708853235332,-7.055947683254566,12.512884307904063,-25.887693093111285
0.14765,11.257118517956599,-5.463103675029946,-0.8903458715074382,12.519396904476514,-10.366772646449162,-7.056293229446571,12.512722289391988,-25.887398163492673
0.1477,11.257004190842808,-5.462983256283302,-0.8905529608124243,12.519615028014943,-10.366451230030382,-7.0566317717316425,12.512566859405158,-25.88713065707596
0.14775000000000002,11.256893484799459,-5.46287097241292,-0.8907689337557548,12.519834079091254,-10.366124551043704,-7.056963106678336,12.512418239067628,-25.886889417419795
0.14780000000000001,11.256786704079872,-5.462766680933651,-0.8909938191631093,12.520053722037112,-10.365792884916761,-7.057287041103461,12.512276639823316,-25.886673250587414
0.14785,11.256684147348187,-5.462670227988182,-0.8912276331823763,12.52027362033589,-10.36545651416581,-7.057603392347706,12.512142263134177,-25.886480926841482
0.1479,11.256586107254199,-5.46258144856654,-0.8914703792599861,12.520493437101418,-10.365115727994214,-7.057911988534873,12.512015300192513,-25.8863111823986
0.14795,11.256492870017182,-5.462500166740558,-0.8917220481362536,12.520712835557134,-10.364770821880926,-7.058212668816578,12.51189593164794,-25.886162721228537
0.14800000000000002,11.256404715018784,-5.462426195914064,-0.8919826178586568,12.520931479515204,-10.36442209716013,-7.058505283601142,12.51178432734937,-25.886034216901113
0.14805000000000001,11.256321914405712,-5.462359339088156,-0.8922520538132188,12.521149033854666,-10.36406986059249,-7.058789694766508,12.51168064610242,-25.885924314476696
0.1481,11.256244732702271,-5.462299389142039,-0.8925303087730677,12.52136516499821,-10.363714423929205,-7.059065775856168,12.511585035442517,-25.885831632442127
0.14815,11.256173426434342,-5.462246129127204,-0.8928173229661186,12.521579541386648,-10.363356103468226,-7.059333412259442,12.511497631424138,-25.885754764679568
0.1482,11.256108243764542,-5.462199332575853,-0.8931130241602865,12.521791833950529,-10.362995219604253,-7.059592501374677,12.511418558426385,-25.88569228247264
0.14825000000000002,11.256049424138897,-5.462158763823683,-0.8934173277655305,12.522001716578288,-10.362632096373368,-7.059842952754602,12.511347928975258,-25.88564273654951
0.14830000000000002,11.255997197946703,-5.462124178344251,-0.8937301369551444,12.522208866580057,-10.36226706099156,-7.060084688235802,12.511285843582861,-25.885604659148054
0.14835,11.255951786192409,-5.462095323097507,-0.8940513428027067,12.522412965146753,-10.361900443389702,-7.060317642049244,12.511232390603721,-25.885576566116082
0.1484,11.255913400181342,-5.462071936889586,-0.8943808244371877,12.52261369780355,-10.361532575744153,-7.06054176091396,12.511187646108528,-25.88555695903086
0.14845,11.255882241219167,-5.462053750744276,-0.8947184492149901,12.522810754857213,-10.36116379200418,-7.060757004112934,12.511151673775387,-25.88554432733986
0.14850000000000002,11.255858500325647,-5.462040488285381,-0.8950640729088811,12.52300383183661,-10.360794427416767,-7.060963343551228,12.511124524798797,-25.885537150518267
0.14855000000000002,11.255842357962619,-5.462031866130509,-0.8954175399124581,12.523192629925868,-10.360424818050157,-7.061160763795356,12.511106237816488,-25.88553390024551
0.1486,11.2558339837777,-5.462027594293285,-0.8957786834624648,12.523376856389355,-10.360055300315237,-7.061349262096071,12.511096838854149,-25.885533042585376
0.14865,11.25583353636265,-5.4620273765965885,-0.8961473258752014,12.523556224988164,-10.359686210487443,-7.061528848391574,12.511096341288269,-25.885533040182484
0.1487,11.255841163027805,-5.462030911093676,-0.896523278799468,12.523730456387241,-10.359317884228341,-7.061699545293561,12.511104745826962,-25.88553235445918
0.14875,11.25585699959264,-5.46203789049764,-0.8969063434845662,12.523899278552749,-10.358950656108071,-7.061861388055109,12.511122040509019,-25.88552944781467
0.14880000000000002,11.255881170192533,-5.462048002618409,-0.8972963110631128,12.524062427139016,-10.358584859129424,-7.062014424520609,12.51114820072093,-25.885522785822747
0.14885,11.255913787102326,-5.462060930806697,-0.897692962848324,12.524219645864552,-10.358220824254005,-7.06215871505786,12.51118318923215,-25.885510839424423
0.1489,11.255954950576262,-5.462076354405053,-0.8980960706443794,12.524370686876653,-10.357858879931884,-7.062294332471597,12.511226956248256,-25.885492087116898
0.14895,11.256004748705633,-5.4620939492035125,-0.8985053970715713,12.524515311103908,-10.357499351634067,-7.062421361900396,12.511279439482175,-25.885465017125778
0.149,11.256063257293546,-5.462113387900629,-0.8989206959041269,12.524653288596301,-10.357142561389415,-7.062539900695673,12.51134056424319,-25.88542812956482
0.14905000000000002,11.2561305397468,-5.462134340569596,-0.8993417124198564,12.52478439885232,-10.356788827326945,-7.062650058282723,12.5114102435437,-25.88537993858201
0.1491,11.256206646985966,-5.462156475127096,-0.899768183763014,12.524908431132587,-10.356438463222954,-7.06275195600549,12.511488378223588,-25.88531897447996
0.14915,11.256291617372955,-5.46217945780559,-0.9001998393182923,12.525025184759627,-10.35609177805466,-7.062845726954034,12.511574857091894,-25.88524378581486
0.1492,11.256385476656162,-5.462202953628747,-0.9006364010950607,12.525134469403378,-10.355749075561098,-7.062931515774633,12.511669557085751,-25.885152941472576
0.14925,11.256488237934052,-5.462226626887443,-0.9010775841233287,12.52523610535189,-10.355410653810724,-7.063009478464447,12.511772343446225,-25.885045032709428
0.14930000000000002,11.256599901636633,-5.46225014161716,-0.9015230968592924,12.52532992376695,-10.355076804777342,-7.0630797821497895,12.51188306991088,-25.88491867516226
0.14935,11.256720455524503,-5.4622731620765075,-0.9019726415993287,12.525415766924297,-10.354747813925174,-7.063142604847791,12.512001578922739,-25.884772510827002
0.1494,11.256849874706743,-5.462295353223868,-0.9024259149045493,12.525493488437917,-10.3544239598022,-7.063198135214045,12.51212770185536,-25.884605209991015
0.14945,11.25698812167579,-5.462316381195088,-0.9028826080311808,12.525562953468345,-10.354105513644608,-7.063246572273255,12.512261259253743,-25.88441547313477
0.1495,11.257135146361222,-5.462335913777441,-0.9033424073708228,12.525624038914408,-10.3537927389904,-7.063288125136966,12.512402061090583,-25.88420203277936
0.14955000000000002,11.257290886200675,-5.462353620882914,-0.9038049948957386,12.525676633588395,-10.353485891304937,-7.063323012705478,12.51254990703771,-25.883963655295986
0.1496,11.257455266229115,-5.462369175017109,-0.9042700486119616,12.525720638374146,-10.353185217617154,-7.063351463357038,12.512704586752088,-25.883699142659545
0.14965,11.257628199185145,-5.462382251745809,-0.9047372430165194,12.52575596636813,-10.352890956168622,-7.0633737146223226,12.51286588017614,-25.883407334157503
0.1497,11.257809585635574,-5.4623925301555305,-0.9052062495615222,12.52578254300296,-10.352603336074054,-7.06339001284743,12.513033557851875,-25.8830871080364
0.14975,11.257999314116354,-5.462399693311128,-0.9056767371202695,12.525800306153572,-10.352322576996087,-7.06340061284244,12.513207381248414,-25.88273738310232
0.14980000000000002,11.258197261291558,-5.462403428705674,-0.9061483724593399,12.525809206225496,-10.35204888883222,-7.063405777519821,12.513387103102351,-25.88235712025247
0.14985,11.25840329212854,-5.4624034287056205,-0.9066208207118934,12.525809206225489,-10.351782471416646,-7.063405777519868,12.51357246777057,-25.881945323953786
0.1499,11.25861726009008,-5.462399390988253,-0.9070937458541913,12.525800281814126,-10.351523514235888,-7.063400890825869,12.513763211594947,-25.881501043654815
0.14995,11.258839007343074,-5.462391018971255,-0.9075668111841145,12.525782421340352,-10.351272196158957,-7.063391402369099,12.513959063278408,-25.881023375130944
0.15,11.259068364982722,-5.462378022235228,-0.9080396797994043,12.52575562585818,-10.351028685183318,-7.063377603622954,12.514159744271813,-25.880511461768588
0.15005000000000002,11.259305153272853,-5.462360116936723,-0.9085120150769882,12.525719909125117,-10.350793138195863,-7.063359792188395,12.514364969171133,-25.879964495777088
0.1501,11.259549181901798,-5.462337026211535,-0.9089834811523478,12.52567529758259,-10.350565700749447,-7.063338271371056,12.514574446124284,-25.879381719328418
0.15015,11.259800250252855,-5.4623084805690665,-0.9094537433966605,12.525621830318357,-10.350346506856196,-7.06331334974929,12.5147878772471,-25.878762425630075
0.1502,11.26005814768974,-5.462274218275562,-0.9099224688929769,12.52555955901093,-10.350135678796764,-7.06328534073537,12.51500495904784,-25.87810595992129
0.15025,11.260322653856432,-5.4622339857258835,-0.9103893269103225,12.525488547855986,-10.34993332694611,-7.063254562130101,12.515225382859521,-25.877411720392516
0.15030000000000002,11.26059353899032,-5.462187537804935,-0.9108539893734396,12.525408873475113,-10.34973954961688,-7.063221335670177,12.515448835279622,-25.876679159034953
0.15035,11.260870564249114,-5.4621346382361615,-0.9113161313296511,12.525320624806822,-10.349554432919463,-7.063185986570659,12.515674998616394,-25.87590778240866
0.1504,11.261153482050627,-5.4620750599175585,-0.9117754314111821,12.525223902980002,-10.349378050639443,-7.063148843062438,12.515903551341163,-25.875097152332945
0.15045,11.261442036425002,-5.46200858524466,-0.9122315722923859,12.52511882117007,-10.349210464132616,-7.06311023592541,12.516134168546072,-25.87424688649775
0.1505,11.261735963378898,-5.461935006419899,-0.9126842411413194,12.525005504437988,-10.349051722237581,-7.063070498018087,12.516366522406445,-25.873356658994584
0.15055000000000002,11.262034991270655,-5.46185412574891,-0.9131331300639252,12.524884089552382,-10.348901861206729,-7.063029963803467,12.516600282647241,-25.872426200771404
0.1506,11.262338841197142,-5.4617657559209,-0.9135779365429938,12.524754724794965,-10.348760904654146,-7.062988968874065,12.516835117012926,-25.871455299998303
0.15065,11.26264722739016,-5.461669720275684,-0.9140183638677708,12.524617569749639,-10.348628863522388,-7.062947849473956,12.517070691739962,-25.870443802359038
0.1507,11.262959857623077,-5.461565853054775,-0.9144541215562892,12.52447279507547,-10.34850573606679,-7.0629069420206925,12.51730667203144,-25.86939161125637
0.15075,11.263276433626547,-5.461453999637087,-0.9148849257686613,12.524320582263925,-10.348391507857887,-7.062866582626835,12.517542722533008,-25.86829868793595
0.15080000000000002,11.26359665151286,-5.461334016758716,-0.9153104997110084,12.5241611233807,-10.348286151801851,-7.0628271066219845,12.517778507809505,-25.867165051527497
0.15085,11.263920202207867,-5.461205772717437,-0.9157305740284029,12.523994620792562,-10.348189628179464,-7.062788848075126,12.518013692821588,-25.865990779008133
0.1509,11.264246771891074,-5.4610691475591855,-0.9161448871889941,12.52382128687941,-10.34810188470208,-7.062752139320228,12.518247943401715,-25.864776005075555
0.15095,11.264576042441716,-5.460924033249326,-0.9165531858553135,12.523641343732242,-10.348022856586404,-7.062717310482912,12.518480926728769,-25.863520921947014
0.151,11.264907691891356,-5.460770333826172,-0.9169552252448235,12.523455022837183,-10.347952466646534,-7.062684689011011,12.518712311800645,-25.862225779072666
0.15105000000000002,11.26524139488213,-5.460607965536991,-0.9173507694786522,12.523262564746217,-10.34789062540348,-7.062654599209226,12.518941769904194,-25.860890882766157
0.1511,11.265576823129223,-5.460436856957798,-0.9177395919164075,12.523064218735007,-10.347837231212816,-7.062627361777207,12.519168975081751,-25.859516595760674
0.15115,11.265913645887942,-5.460256949094798,-0.9181214754787521,12.522860242448328,-10.347792170409189,-7.06260329335353,12.519393604593722,-25.858103336681012
0.1512,11.266251530424228,-5.460068195468209,-0.9184962129562797,12.522650901533554,-10.347755317467946,-7.062582706065344,12.519615339376434,-25.85665157943711
0.15125,11.266590142488075,-5.45987056217815,-0.9188636073045318,12.52243646926276,-10.347726535183543,-7.0625659070846085,12.519833864494728,-25.855161852538806
0.15130000000000002,11.266929146788693,-5.459664027953486,-0.9192234719235735,12.522217226144042,-10.347705674865116,-7.062553198190554,12.520048869588564,-25.85363473833804
0.15135,11.267268207471863,-5.45944858418124,-0.919575630924417,12.52199345952246,-10.347692576547443,-7.062544875341218,12.520260049313062,-25.852070872187625
0.1514,11.26760698859734,-5.45922423491953,-0.9199199193784102,12.521765463171317,-10.347687069218928,-7.062541228251788,12.52046710377134,-25.850470941533317
0.15145,11.26794515461681,-5.458990996891646,-0.920256183552025,12.521533536874285,-10.347688971064782,-7.0625425399826405,12.520669738939546,-25.848835684928275
0.1515,11.268282370851214,-5.458748899462193,-0.9205842811256231,12.521297985998952,-10.34769808972559,-7.062549086536762,12.520867667083458,-25.84716589097621
0.15155000000000002,11.268618303966878,-5.458497984595228,-0.9209040813960023,12.521059121062443,-10.347714222570877,-7.062561136467216,12.521060607166133,-25.845462397204084
0.1516,11.268952622449753,-5.458238306794418,-0.9212154654624853,12.520817257289696,-10.347737156987268,-7.0625789504952765,12.52124828524597,-25.843726088865846
0.15165,11.26928499707666,-5.457969933026141,-0.921518326395345,12.520572714165125,-10.34776667068131,-7.062602781138984,12.52143043486464,-25.841957897683354
0.1517,11.269615101383845,-5.457692942623748,-0.9218125693884548,12.52032581497811,-10.347802531995388,-7.062632872354362,12.521606797424356,-25.840158800516445
0.15175,11.269942612131445,-5.457407427174559,-0.9220981118943062,12.520076886363116,-10.347844500237139,-7.062669459188557,12.521777122553976,-25.838329817971484
0.15180000000000002,11.270267209763011,-5.457113490390136,-0.9223748837408164,12.519826257835113,-10.347892326022198,-7.0627127674449754,12.521941168463353,-25.836472012952385
0.15185,11.270588578860314,-5.45681124795829,-0.9226428272316834,12.519574261320807,-10.347945751628629,-7.062763013362513,12.52209870228552,-25.834586489147224
0.1519,11.270906408592053,-5.456500827378414,-0.9229018972285548,12.519321230686469,-10.348004511363499,-7.062820403308055,12.522249500406176,-25.83267438945983
0.15195,11.271220393155678,-5.456182367780777,-0.9231520612144919,12.51906750126308,-10.348068331941185,-7.062885133482306,12.522393348780028,-25.83073689439044
0.152,11.271530232212656,-5.455856019728125,-0.9233932993408029,12.518813409369288,-10.34813693287185,-7.062957389641161,12.522530043233575,-25.82877522035804
0.15205000000000002,11.271835631315737,-5.45552194500136,-0.923625604455418,12.518559291832974,-10.348210026860317,-7.063037346831616,12.522659389753857,-25.82679061797442
0.1521,11.272136302327516,-5.455180316370033,-0.9238489821123704,12.518305485512206,-10.348287320215144,-7.0631251691421735,12.522781204762817,-25.824784370274447
0.15215,11.272431963830751,-5.454831317345641,-0.9240634505649542,12.51805232681596,-10.348368513265795,-7.0632210094703165,12.522895315376871,-25.82275779089323
0.1522,11.272722341528134,-5.4544751419216935,-0.9242690407385198,12.517800151225682,-10.348453300789611,-7.063325009303984,12.523001559651311,-25.820712222211156
0.15225,11.273007168632942,-5.454111994296815,-0.9244657961875571,12.517549292818003,-10.348541372445386,-7.06343729852119,12.52309978680926,-25.818649033448395
0.15230000000000002,11.273286186248175,-5.453742088584974,-0.924653773032913,12.517300083789591,-10.348632413215265,-7.063557995204619,12.523189857454733,-25.81656961873053
0.15235,11.27355914373516,-5.453365648510296,-0.9248330398827017,12.517052853984525,-10.348726103852458,-7.063687205474231,12.52327164376972,-25.814475395112787
0.1524,11.273825799069707,-5.45298290708953,-0.9250036777339006,12.516807930425188,-10.3488221213358,-7.063825023335659,12.523345029694754,-25.812367800579242
0.15245,11.274085919186865,-5.452594106299619,-0.9251657798582006,12.516565636846984,-10.348920139328662,-7.063971530547367,12.523409911092939,-25.810248292004328
0.1525,11.274339280311905,-5.452199496734631,-0.9253194516680733,12.516326293237945,-10.349019828643828,-7.064126796503316,12.523466195897097,-25.808118343098858
0.15255000000000002,11.274585668279093,-5.451799337248322,-0.9254648105679112,12.516090215383462,-10.34912085771118,-7.0642908781351395,12.523513804239828,-25.80597944232195
0.1526,11.274824878836,-5.45139389458665,-0.9256019857862084,12.51585771441715,-10.349222893049792,-7.064463819830499,12.523552668566369,-25.803833090781076
0.15265,11.275056717934305,-5.450983443007766,-0.9257311181923574,12.515629096378227,-10.349325599741949,-7.064645653370457,12.523582733730004,-25.801680800108063
0.1527,11.275281002005675,-5.450568263892218,-0.925852360095921,12.515404661776188,-10.349428641909752,-7.064836397883967,12.52360395706999,-25.79952409032493
0.15275,11.275497558222963,-5.450148645342527,-0.9259658750301474,12.515184705163348,-10.349531683192815,-7.065036059820821,12.523616308471805,-25.797364487695702
0.15280000000000002,11.275706224745896,-5.449724881773692,-0.926071837518979,12.514969514715867,-10.34963438722691,-7.065244632942178,12.523619770409697,-25.795203522571924
0.15285,11.275906850951552,-5.449297273493822,-0.9261704328294492,12.514759371823775,-10.3497364181221,-7.0654620983299505,12.523614337971422,-25.79304272722811
0.1529,11.276099297648374,-5.448866126277534,-0.9262618567074834,12.514554550690734,-10.34983744094089,-7.065688424413199,12.523600018865217,-25.790883633700158
0.15295,11.27628343727421,-5.448431750930814,-0.9263463150996696,12.514355317944007,-10.349937122174545,-7.0659235670131935,12.523576833408884,-25.788727771620497
0.153,11.276459154078019,-5.4479944628484365,-0.9264240238608025,12.51416193225513,-10.350035130217217,-7.066167469406693,12.523544814501092,-25.786576666054874
0.15305000000000002,11.27662634428422,-5.447554581565961,-0.9264952084461565,12.513974643972006,-10.350131135838058,-7.066420062406046,12.523504007574923,-25.784431835351224
0.1531,11.276784916240313,-5.447112430305109,-0.9265601035908454,12.513793694762787,-10.350224812649465,-7.06668126445768,12.523454470533657,-25.782294788994164
0.15315,11.27693479054753,-5.44666833551352,-0.9266189529764595,12.51361931727208,-10.350315837571074,-7.06695098175856,12.523396273669013,-25.780167025469776
0.1532,11.277075900173418,-5.44622262640111,-0.9266720088836345,12.513451734790058,-10.350403891289785,-7.067229108388943,12.523329499561829,-25.7780500301517
0.15325,11.277208190547636,-5.44577563447081,-0.9267195318342549,12.513291160934758,-10.35048865871338,-7.06751552646395,12.52325424296539,-25.775945273196996
0.15330000000000002,11.27733161963904,-5.445327693048124,-0.9267617902196131,12.513137799348323,-10.350569829419427,-7.067810106300198,12.523170610671537,-25.773854207473548
0.15335000000000001,11.27744615801597,-5.444879136806041,-0.9267990599197162,12.51299184340722,-10.350647098096253,-7.068112706601173,12.523078721359811,-25.771778266501027
0.1534,11.277551788887763,-5.444430301289596,-0.9268316239101198,12.512853475947239,-10.350720164977645,-7.068423174657643,12.522978705429706,-25.769718862426803
0.15345,11.277648508128788,-5.4439815224383254,-0.926859771859681,12.512722869003388,-10.350788736269106,-7.068741346565065,12.522870704816423,-25.767677384027085
0.1535,11.277736324284316,-5.443533136108324,-0.9268837997185925,12.512600183565178,-10.350852524565727,-7.0690670474568496,12.522754872790223,-25.765655194741385
0.15355000000000002,11.277815258558496,-5.44308547759434,-0.9269040092975863,12.512485569347582,-10.350911249260912,-7.0694000917532405,12.522631373739836,-25.763653630741718
0.15360000000000001,11.277885344783778,-5.44263888115354,-0.9269207078378076,12.512379164578155,-10.350964636945973,-7.069740283424614,12.522500382940022,-25.761673999044373
0.15365,11.277946629373272,-5.44219367952916,-0.9269342075747504,12.512281095800326,-10.35101242179852,-7.070087416271166,12.522362086303808,-25.759717575653884
0.1537,11.27799917125437,-5.441750203477822,-0.9269448252934012,12.512191477693435,-10.35105434596097,-7.070441274215611,12.522216680119586,-25.757785603758183
0.15375,11.278043041785043,-5.441308781298885,-0.9269528818777923,12.512110412909609,-10.35109015990725,-7.070801631610723,12.522064370773549,-25.755879291965115
0.15380000000000002,11.278078324652535,-5.440869738366963,-0.9269587018550899,12.512037991927695,-10.351119622797444,-7.071168253560726,12.521905374457782,-25.75399981258577
0.15385000000000001,11.278105115754023,-5.440433396669732,-0.9269626129332476,12.511974292924593,-10.351142502820775,-7.071540896254863,12.521739916864446,-25.752148299974
0.1539,11.278123523060286,-5.440000074349743,-0.926964945535026,12.51191938166408,-10.351158577525256,-7.071919307314337,12.521568232866478,-25.750325848914798
0.15395,11.278133666462145,-5.439570085251794,-0.9269660323280633,12.511873311403205,-10.35116763413408,-7.072303226151411,12.521390566185254,-25.748533513068466
0.154,11.278135677600059,-5.439143738476257,-0.9269662077519324,12.51183612281654,-10.351169469848124,-7.072692384340286,12.521207169045674,-25.74677230347129
0.15405000000000002,11.278129699676532,-5.438721337940022,-0.9269658075416939,12.511807843938378,-10.351163892134837,-7.073086505998353,12.521018301819145,-25.74504318710036
0.15410000000000001,11.278115887252863,-5.438303181943312,-0.9269651682512978,12.511788490122761,-10.351150719001563,-7.073485308179448,12.52082423265498,-25.743347085492303
0.15415,11.278094406028918,-5.437889562746074,-0.9269646267740446,12.511778064021724,-10.35112977925487,-7.073888501275653,12.52062523710072,-25.74168487343374
0.1542,11.278065432607507,-5.437480766152075,-0.9269645198635407,12.511776555581495,-10.351100912743968,-7.07429578942942,12.52042159771188,-25.740057377712738
0.15425,11.278029154243232,-5.437077071102293,-0.92696518365476,12.511783942056786,-10.351063970588468,-7.074706870954493,12.52021360365176,-25.738465375938056
0.15430000000000002,11.277985768576114,-5.4366787492780375,-0.9269669531859906,12.51180018804315,-10.351018815390121,-7.075121438765115,12.520001550281723,-25.736909595427367
0.15435000000000001,11.277935483350573,-5.436286064714322,-0.9269701619224274,12.511825245527328,-10.350965321428145,-7.075539180813007,12.519785738742698,-25.735390712165607
0.1544,11.277878516119598,-5.435899273424936,-0.9269751412811144,12.511859053955597,-10.350903374838483,-7.075959780530657,12.519566475528364,-25.733909349839678
0.15445,11.277815093935496,-5.435518623037789,-0.9269822201600416,12.51190154031986,-10.350832873775452,-7.076382917282069,12.519344072050655,-25.73246607894097
0.1545,11.27774545302701,-5.435144352442496,-0.9269917244704797,12.51195261926151,-10.350753728556528,-7.076808266819016,12.519118844198218,-25.731061415944335
0.15455000000000002,11.277669838463021,-5.434776691451121,-0.9270039766727485,12.51201219319287,-10.350665861790272,-7.07723550174175,12.518891111888422,-25.729695822566843
0.15460000000000002,11.27758850380416,-5.434415860470804,-0.927019295318063,12.512080152435972,-10.350569208486096,-7.077664291965168,12.518661198613549,-25.728369705098586
0.15465,11.277501710742175,-5.434062070190172,-0.9270379945954885,12.512156375378597,-10.350463716146688,-7.078094305188422,12.518429430981836,-25.727083413813684
0.1547,11.277409728727362,-5.4337155212802335,-0.9270603838843009,12.512240728647258,-10.350349344843059,-7.078525207367023,12.518196138253955,-25.725837242463896
0.15475,11.277312834585517,-5.433376404108492,-0.9270867673144385,12.51233306729695,-10.35022606727108,-7.078956663188455,12.517961651875684,-25.72463142784678
0.15480000000000002,11.277211312124233,-5.433044898467981,-0.9271174433340575,12.512433235017266,-10.350093868790175,-7.079388336549288,12.517726305007299,-25.723466149455867
0.15485000000000002,11.277105451728879,-5.432721173322131,-0.9271527042842901,12.512541064354828,-10.34995274744459,-7.079819891032696,12.517490432050499,-25.72234152921605
0.1549,11.276995549949994,-5.432405386563498,-0.9271928359844549,12.512656376951382,-10.349802713965541,-7.080250990387883,12.517254368173402,-25.72125763129264
0.15495,11.276881909080924,-5.432097684790261,-0.9272381173242517,12.512778983797627,-10.349643791756671,-7.080681299007367,12.517018448834383,-25.72021446199274
0.155,11.27676483672826,-5.431798203096741,-0.9272888198681007,12.512908685501984,-10.349476016860157,-7.0811104824052435,12.516783009305383,-25.71921196973838
0.15505000000000002,11.276644645373933,-5.431507064881933,-0.9273452074680586,12.513045272574269,-10.349299437905872,-7.081538207692336,12.516548384195339,-25.718250045130347
0.15510000000000002,11.276521651931047,-5.4312243816733625,-0.9274075358892031,12.513188525723674,-10.349114116041843,-7.081964144050311,12.516314906974532,-25.71732852108749
0.15515,11.27639617729269,-5.430950252969145,-0.9274760524450126,12.513338216170729,-10.348920124847677,-7.082387963201582,12.516082909500355,-25.716447173075057
0.1552,11.276268545875968,-5.43068476609549,-0.9275509956466294,12.513494105972669,-10.34871755022934,-7.082809339877176,12.515852721545317,-25.715605719406287
0.15525,11.276139085159969,-5.430427996083607,-0.9276325948623468,12.513655948361995,-10.348506490297622,-7.083227952278387,12.515624670327922,-25.71480382163626
0.1553,11.276008125220402,-5.430180005562005,-0.9277210699923967,12.513823488097412,-10.348287055228004,-7.083643482535408,12.515399080047025,-25.71404108502606
0.15535000000000002,11.275875998259721,-5.429940844668147,-0.9278166311553598,12.513996461826979,-10.34805936710436,-7.084055617158827,12.515176271420437,-25.71331705909615
0.1554,11.275743038134857,-5.429710550976551,-0.927919478389882,12.514174598462642,-10.347823559744976,-7.084464047486087,12.51495656122836,-25.71263123825271
0.15545,11.27560957988214,-5.429489149445662,-0.9280298013697778,12.514357619565908,-10.347579778512358,-7.0848684701202425,12.51474026186233,-25.711983062497552
0.1555,11.275475959240806,-5.429276652382207,-0.9281477791344005,12.514545239743903,-10.347328180106407,-7.0852685873616945,12.514527680880327,-25.7113719182135
0.15555,11.275342512175254,-5.42907305942398,-0.9282735798335994,12.514737167055324,-10.347068932341651,-7.085664107631343,12.51431912056864,-25.710797139029037
0.15560000000000002,11.27520957439743,-5.428878357539832,-0.9284073604891702,12.514933103425744,-10.34680221390826,-7.0860547458859156,12.514114877511227,-25.71025800675426
0.15565,11.275077480889,-5.42869252104873,-0.9285492667708528,12.515132745071588,-10.346528214118145,-7.086440224022854,12.513915242167043,-25.70975375239692
0.1557,11.274946565424923,-5.42851551165617,-0.9286994327893043,12.515335782932286,-10.346247132635613,-7.086820271276116,12.51372049845604,-25.709283557247947
0.15575,11.274817160098896,-5.428347278508125,-0.9288579809058812,12.51554190310986,-10.345959179193018,-7.087194624601737,12.513530923354411,-25.70884655403664
0.1558,11.27468959485067,-5.428187758264068,-0.9290250215578343,12.515750787315497,-10.345664573292838,-7.08756302905143,12.51334678649968,-25.70844182816172
0.15585000000000002,11.274564196996721,-5.428036875186952,-0.9292006531013287,12.51596211332227,-10.345363543895393,-7.087925238135319,12.513168349806122,-25.708068418986723
0.1559,11.274441290764909,-5.427894541250497,-0.929384961672071,12.51617555542349,-10.345056329092834,-7.088281014172995,12.512995867091208,-25.707725321199877
0.15595,11.274321196832902,-5.4277606562651,-0.9295780210619651,12.51639078489607,-10.344743175770935,-7.088630128630971,12.51282958371347,-25.70741148624442
0.156,11.274204231872513,-5.427635108019414,-0.92977989261523,12.516607470468033,-10.344424339257284,-7.088972362448621,12.512669736222442,-25.70712582380291
0.15605,11.27409070809867,-5.427517772441074,-0.9299906251398763,12.516825278789845,-10.344100082958795,-7.089307506348772,12.51251655202104,-25.706867203352388
0.15610000000000002,11.273980932825774,-5.427408513772227,-0.9302102548393631,12.517043874908513,-10.343770677986415,-7.089635361136284,12.512370249041,-25.7066344557671
0.15615,11.27387520803025,-5.427307184763292,-0.9304388052603705,12.517262922744099,-10.343436402769882,-7.089955737980806,12.512231035431785,-25.70642637498518
0.1562,11.273773829921092,-5.427213626882172,-0.9306762872595822,12.517482085567782,-10.343097542661507,-7.090268458685606,12.512099109263369,-25.706241719724375
0.15625,11.27367708851856,-5.427127670539684,-0.9309226989883322,12.517701026480802,-10.342754389530226,-7.090573355941119,12.511974658243432,-25.7060792152495
0.1563,11.273585267241701,-5.427049135330637,-0.9311780258953997,12.51791940889373,-10.3424072413463,-7.09087027356309,12.511857859449258,-25.705937555188054
0.15635000000000002,11.27349864250487,-5.426977830291177,-0.9314422407469293,12.518136897005272,-10.342056401757942,-7.091159066714093,12.511748879074865,-25.70581540339607
0.1564,11.273417483324934,-5.426913554169545,-0.931715303666125,12.518353156279895,-10.34170217965881,-7.09143960211035,12.51164787219355,-25.705711395859083
0.15645,11.273342050938295,-5.4268560957129965,-0.9319971621892748,12.518567853923738,-10.341344888749019,-7.0917117582107405,12.51155498253638,-25.705624142641284
0.1565,11.27327259842938,-5.426805233968138,-0.9322877513405579,12.51878065935799,-10.340984847088817,-7.091975425389848,12.511470342286819,-25.705552229868108
0.15655,11.27320937037085,-5.426760738594752,-0.9325869937249975,12.518991244689088,-10.340622376645848,-7.092230506094339,12.511394071891853,-25.70549422174209
0.15660000000000002,11.273152602475404,-5.4267223701940965,-0.9328947996378575,12.519199285175214,-10.34025780283755,-7.092476914981118,12.511326279889875,-25.705448662596222
0.15665,11.273102521260562,-5.426689880649275,-0.9332110671923982,12.51940445968818,-10.339891454068166,-7.0927145790389075,12.511267062755575,-25.705414078972034
0.1567,11.273059343726466,-5.4266630134781,-0.9335356824649104,12.519606451170262,-10.339523661261552,-7.092943437692157,12.511216504762029,-25.705388981724084
0.15675,11.273023277047345,-5.4266415041977,-0.9338685196570582,12.519804947085145,-10.339154757390286,-7.0931634428874455,12.511174677860282,-25.70537186814632
0.1568,11.27299451827648,-5.426625080701365,-0.9342094412740553,12.519999639862588,-10.338785077002422,-7.093374559161225,12.511141641576465,-25.70536122412269
0.15685000000000002,11.27297325406635,-5.4266134636447525,-0.9345582983212939,12.52019022733585,-10.338414955745053,-7.093576763691097,12.511117442926743,-25.70535552628661
0.1569,11.272959660402758,-5.426606366843952,-0.9349149305154378,12.52037641317156,-10.33804472988732,-7.093770046327605,12.511102116350072,-25.705353244202023
0.15695,11.27295390235458,-5.426603497682425,-0.9352791665126153,12.520557907291254,-10.337674735841965,-7.093954409608827,12.511095683658985,-25.705352842550262
0.157,11.272956133838997,-5.426604557527163,-0.935650824152245,12.520734426283994,-10.337305309686752,-7.094129868756827,12.511098154008419,-25.70535278332444
0.15705,11.272966497402576,-5.426609242153399,-0.9360297107162351,12.520905693809487,-10.33693678668634,-7.094296451656087,12.511109523882588,-25.705351528027734
0.15710000000000002,11.2729851240186,-5.426617242177211,-0.9364156232033065,12.521071440991182,-10.33656950081529,-7.094454198813973,12.511129777100054,-25.705347539871976
0.15715,11.273012132900442,-5.4266282434962525,-0.9368083486170433,12.521231406798796,-10.336203784283395,-7.094603163302544,12.511158884836842,-25.705339285977857
0.1572,11.273047631332211,-5.426641927736067,-0.9372076642694033,12.521385338419558,-10.335839967062807,-7.094743410683493,12.511196805667625,-25.705325239563685
0.15725,11.273091714516234,-5.426657972702819,-0.9376133380976726,12.52153299161784,-10.335478376418562,-7.094875018915024,12.511243485624984,-25.705303882126973
0.1573,11.27314446543735,-5.426676052842162,-0.9380251289939386,12.521674131082623,-10.335119336443409,-7.094998078240459,12.511298858276518,-25.705273705617596
0.15735000000000002,11.27320595474511,-5.426695839701856,-0.9384427871486054,12.521808530762158,-10.3347631675965,-7.095112691060302,12.511362844819827,-25.70523321459046
0.1574,11.273276240653304,-5.426717002398896,-0.9388660544058202,12.521935974185544,-10.334410186247483,-7.095218971786641,12.511435354195118,-25.70518092834189
0.15745,11.273355368856853,-5.426739208090833,-0.9392946646299862,12.522056254770678,-10.334060704226864,-7.0953170466798445,12.511516283215393,-25.705115383028225
0.1575,11.273443372467044,-5.426762122448756,-0.9397283440848717,12.522169176118103,-10.333715028382173,-7.095407053669343,12.511605516713898,-25.705035133754258
0.15755,11.273540271964501,-5.426785410132701,-0.9401668118231666,12.522274552290336,-10.333373460141338,-7.095489142157636,12.511702927708704,-25.704938756635677
0.15760000000000002,11.273646075169742,-5.426808735269305,-0.9406097800854086,12.522372208076446,-10.333036295084332,-7.095563472807139,12.511808377584169,-25.704824850835138
0.15765,11.27376077723252,-5.4268317619286295,-0.9410569547103987,12.522461979241173,-10.33270382252212,-7.095630217312545,12.511921716288981,-25.704692040556704
0.1577,11.273884360638181,-5.426854154603117,-0.9415080355523694,12.522543712758676,-10.332376325085809,-7.095689558155558,12.51204278255055,-25.70453897701446
0.15775,11.27401679523304,-5.426875578683893,-0.9419627169090206,12.522617267030109,-10.332054078324017,-7.095741688346212,12.512171404105377,-25.70436434035144
0.1578,11.274158038266936,-5.42689570093746,-0.9424206879555674,12.522682512085094,-10.331737350311368,-7.095786811147633,12.512307397945131,-25.704166841525012
0.15785000000000002,11.274308034454343,-5.4269141899790725,-0.9428816331875917,12.522739329766582,-10.331426401266752,-7.095825139787507,12.51245057057801,-25.703945224140817
0.1579,11.274466716052661,-5.42693071674484,-0.9433452328690429,12.522787613898949,-10.331121483183615,-7.0958568971541025,12.512600718305045,-25.70369826624619
0.15795,11.274634002959049,-5.426944954958863,-0.9438111634881168,12.522827270438968,-10.33082283947093,-7.095882315480104,12.512757627510965,-25.703424782065206
0.158,11.274809802823826,-5.426956581598462,-0.9442790982162056,12.522858217609686,-10.330530704607622,-7.0959016360112255,12.51292107496915,-25.7031236236919
0.15805,11.274994011182308,-5.426965277352721,-0.9447487073738642,12.52288038601665,-10.330245303808443,-7.0959151086639265,12.513090828160284,-25.702793682718152
0.15810000000000002,11.27518651160304,-5.426970727077411,-0.9452196588989786,12.522893718746692,-10.329966852704063,-7.09592299166928,12.513266645604187,-25.702433891812966
0.15815,11.275387175853709,-5.426972620242721,-0.9456916188197322,12.522898171448825,-10.329695557033979,-7.095925551206105,12.513448277204427,-25.702043226235897
0.1582,11.275595864083382,-5.4269706513752975,-0.9461642517293221,12.522893712397385,-10.329431612354055,-7.09592306102209,12.513635464605125,-25.701620705293426
0.15825,11.27581242502152,-5.426964520492614,-0.9466372212632426,12.522880322537121,-10.329175203758275,-7.095915802044508,12.513827941559503,-25.701165393729344
0.1583,11.276036696193012,-5.426953933530012,-0.9471101905774033,12.522857995510341,-10.328926505615607,-7.095904061980327,12.514025434309628,-25.70067640305204
0.15835000000000002,11.276268504149549,-5.426938602758437,-0.9475828228279005,12.522826737665893,-10.32868568132165,-7.0958881349074545,12.51422766197678,-25.70015289278989
0.1584,11.27703395478764,-5.42687345330774,-0.948505117626643,12.52274823880982,-10.328528837160997,-7.095874785502077,12.514889144361192,-25.698364410542048
0.15845,11.277461568634285,-5.426828917117696,-0.9490822058927545,12.522688134786174,-10.328379362741535,-7.095859217668474,12.51525515232063,-25.697331785760785
0.1585,11.276990460079821,-5.426886987565006,-0.948753718054751,12.52272862531749,-10.328236742025071,-7.095841637752483,12.514855820685018,-25.69850659330342
0.15855,11.274802914047042,-5.427198637312816,-0.9467016968759338,12.523020967454938,-10.328101217171108,-7.095822330142123,12.513019851317017,-25.70413598414969
0.15860000000000002,11.27017475006027,-5.427947340168565,-0.9422014061864723,12.523748984115631,-10.327973343873797,-7.095801643947065,12.509174681989977,-25.716420175747754
0.15865,11.262390200087435,-5.429357860395052,-0.9345363012880177,12.52513786151196,-10.327853898799418,-7.0957800011169025,12.502774083988681,-25.737723349844746
0.1587,11.250830794593735,-5.43167843324734,-0.9230875172703426,12.527436226890382,-10.327743277323393,-7.095757793643037,12.493371209196617,-25.770330710920415
0.15875,11.2350722306654,-5.435152530781967,-0.9074301354946833,12.530888018035423,-10.327642095170718,-7.095735487253453,12.480694334095936,-25.816145724803288
0.1588,11.214720757188049,-5.440043564232088,-0.8871689353092438,12.535757356265707,-10.327551821878806,-7.095713792033624,12.464511047066685,-25.87712410465101
0.15885000000000002,11.189213335865105,-5.446685180182241,-0.8617400946719094,12.542378511396764,-10.327473241193195,-7.095693331214521,12.444471645173143,-25.955892252322766
0.1589,11.157938134174534,-5.4554619179923565,-0.8305325314557019,12.55113626786954,-10.327405602718834,-7.095674349877187,12.420211276171237,-26.055442908993527
0.15895,11.12042427747162,-5.466757132167087,-0.7930763333651818,12.562414121355866,-10.32734794410644,-7.0956569891887815,12.391499895213652,-26.17855107368233
0.159,11.076278898896167,-5.480962828057764,-0.7489791027334313,12.576604323551091,-10.327299796162736,-7.09564149549333,12.358191929594048,-26.32795070501652
0.15905,11.02507403131101,-5.498513064524744,-0.6978130818386252,12.594141245490949,-10.327260949472382,-7.0956281809662025,12.320142179237937,-26.506717094666598
0.15910000000000002,10.966435788698185,-5.519855639425513,-0.6392050775442998,12.61547281454382,-10.327230711153884,-7.095617175118303,12.277276578612131,-26.717981934162044
0.15915,10.900183920064682,-5.545394977681125,-0.5729764748481261,12.641003184046525,-10.327207445216555,-7.095608206365401,12.229693984304255,-26.96440900774187
0.1592,10.826278190761753,-5.575498427225558,-0.4990876771434583,12.671099736973959,-10.327190513618294,-7.095601309748398,12.177622188906925,-27.248321690567874
0.15925,10.744664909607007,-5.610550859567594,-0.4174834426475284,12.70614828382821,-10.327181466959479,-7.095597424260621,12.121307890138539,-27.572251422728698
0.1593,10.655227802727826,-5.650978980891138,-0.3280460282339506,12.746576544166038,-10.327181774493875,-7.095597563274901,12.060988474022247,-27.939154767803327
0.15935000000000002,10.557850770860414,-5.697228253734135,-0.23065933860108387,12.79283040396992,-10.32719143225933,-7.095602150235783,11.996942221870718,-28.3521901461639
0.15940000000000001,10.452478697351753,-5.7497338047335385,-0.12526843494902912,12.845345337788016,-10.327210262402726,-7.095611533054479,11.929532670808518,-28.814457188033405
0.15945,10.339062285403891,-5.808944750331503,-0.011823227159402129,12.904571316739503,-10.327239058244485,-7.095626566408003,11.859175690319502,-29.32921308195993
0.1595,10.217487191555682,-5.875363617684128,0.1097916522792561,12.971011919743567,-10.32727884383494,-7.0956483020594385,11.786303158735175,-29.900201851847818
0.15955,10.08767732363032,-5.949495155421634,0.23965143207254921,13.045171961042188,-10.32732875570287,-7.095676805620553,11.711435710025945,-30.531189746175677
0.15960000000000002,9.94973367966485,-6.031761351818179,0.3776522788161061,13.12747227176859,-10.327385958480958,-7.095710919950409,11.635263009556102,-31.225223874299846
0.15965000000000001,9.803877185806341,-6.122520388304099,0.5235714904863484,13.2182703343412,-10.327448676292686,-7.095749946037096,11.558601289930085,-31.984774004992325
0.1597,9.650299712435121,-6.222151801189442,0.6772175951810275,13.317946270916023,-10.327517307616151,-7.09579446972658,11.482310637535914,-32.81240703028259
0.15975,9.489172372811202,-6.331054875075404,0.8384195087970374,13.426899748023331,-10.327591881608233,-7.095844872947926,11.407306787850471,-33.71071241342688
0.1598,9.320754743624597,-6.449575125032484,1.0069163912444836,13.545475770741888,-10.327671134869084,-7.0959006457094045,11.33461460678034,-34.681624983692494
0.15985000000000002,9.145340014338046,-6.578035556050631,1.182414773477686,13.673997462827675,-10.327754787815733,-7.095961906777044,11.26533602492704,-35.72660766302477
0.15990000000000001,8.963122116534077,-6.716834812132164,1.3647224601309584,13.812865112989321,-10.327844576665033,-7.096030300857158,11.20059944687662,-36.847362067012725
0.15995,8.774244428079736,-6.866421405683339,1.5536980897310921,13.962529273575976,-10.327942517810826,-7.096107867892633,11.141593611513331,-38.04550936985679
0.16,8.578925940395967,-7.027197564876562,1.7491228526378007,14.123392913080865,-10.328048793033766,-7.096195348204299,11.089611170217191,-39.32170206260773
0.16005,8.377474017765783,-7.199500427385946,1.950687730753675,14.295792386996375,-10.328161748519458,-7.09629195961043,11.046034461392521,-40.675367156470465
0.16010000000000002,8.170227220405925,-7.383642648383105,2.1580530991013838,14.480039960285074,-10.328280319507309,-7.0963973119019705,11.012301829866624,-42.10492532487029
0.16015000000000001,7.9575357533730235,-7.579927262104369,2.37086894448183,14.676439357905577,-10.328404697854854,-7.096512095801207,10.989889561092188,-43.60780908898112
0.1602,7.7397997991139755,-7.788610270929059,2.5887340255800226,14.88524612478126,-10.328533824693997,-7.0966358538522005,10.980298305728601,-45.18009730602931
0.16025,7.5174865631663135,-8.009877297359024,2.811178498139659,15.106643770221638,-10.328665061305971,-7.096766472862613,10.98502337485604,-46.81630702316087
0.1603,7.291069150663364,-8.243897160791338,3.037727781721004,15.34079993258713,-10.32879693238437,-7.096902771795789,11.005522693514308,-48.50980610973137
0.16035000000000002,7.0609502262723645,-8.490902991778697,3.2679799955765256,15.587948834271494,-10.32893022184889,-7.097045842492794,11.043208397639345,-50.25342754821443
0.16040000000000001,6.827483610531582,-8.751179876342146,3.5015827135645265,15.84837745045959,-10.329066324096107,-7.097197574117446,11.09944510685886,-52.03940602701877
0.16045,6.5910714651370395,-9.02496152893581,3.738133926051866,16.12232015238689,-10.329205391188905,-7.097358623451074,11.175515811689191,-53.858756066779755
0.1605,6.3521642510708975,-9.312423032286294,3.977182585393897,16.40995184763312,-10.329346836464794,-7.097528815346823,11.272586810703181,-55.70142776197822
0.16055,6.111183294934905,-9.613769531038294,4.218307893343927,16.711478858216584,-10.329491188278839,-7.097709327178288,11.391713034491858,-57.55711057884734
0.16060000000000002,5.868553178467189,-9.929200352691794,4.4610862746420095,17.02710243128102,-10.329639453109198,-7.097902078589228,11.533817063417999,-59.41522006706602
0.16065000000000002,5.624787722381451,-10.258793007433251,4.705003168886559,17.356899843930133,-10.329790891268008,-7.098106836496876,11.699618407931709,-61.26450721550472
0.1607,5.380460843675135,-10.602525643026228,4.949482472036824,17.700846918704542,-10.32994331571196,-7.098321275678311,11.88961348830777,-63.09358554941549
0.16075,5.136110317597115,-10.960403656163615,5.193984860137576,18.05894735034794,-10.33009517773469,-7.098543694184324,12.104134727462855,-64.89193234843516
0.1608,4.8922249884335445,-11.332486290117084,5.438021155208378,18.431260304807427,-10.330246143641922,-7.098774014690348,12.343383282274973,-66.65018233154186
0.16085000000000002,4.6493061378620455,-11.718800424412258,5.681089926554471,18.81781285828704,-10.330396064416513,-7.0990124338747815,12.60739191707653,-68.35983757897093
0.16090000000000002,4.407869040166844,-12.11933423903404,5.9226752009119314,19.218592491651375,-10.330544241078774,-7.099258252617335,12.896029306444841,-70.01339278266563
0.16095,4.168395455262853,-12.534114655158367,6.162294575452143,19.6336254228328,-10.33069003071499,-7.099510767674428,13.209070779585964,-71.6047313131594
0.161,3.9313415824586646,-12.963202071028004,6.399492386395353,20.062973378821084,-10.330833968854016,-7.099771307793073,13.54621919844328,-73.12905875438955
0.16105,3.6971847398660427,-13.4066100146975,6.633792470910521,20.50665257062326,-10.33097721077656,-7.100042555925757,13.907061770441867,-74.58256656979773
0.16110000000000002,3.4664497712665487,-13.864245523538738,6.864669990523954,20.964570812533623,-10.3311197617905,-7.100325288994885,14.291031381733017,-75.96224588485053
0.16115000000000002,3.2396883223773827,-14.335933370093027,7.091572298971232,21.43655166189764,-10.331260621348617,-7.100618291804612,14.69743399433708,-77.2659777776875
0.1612,3.0174307186898797,-14.821507106330776,7.313968484740555,21.92242816311653,-10.33139920343043,-7.100921056785747,15.125540024908434,-78.49272076390153
0.16125,2.800184315495821,-15.3208175479132,7.531350965174073,22.422051359181932,-10.331535280669893,-7.101233811268733,15.5746101889323,-79.64237780492493
0.1613,2.5884691956841963,-15.833652787924771,7.743199019360883,22.935208604689823,-10.331668215045077,-7.101555816765049,16.04383786335314,-80.7154746240166
0.16135000000000002,2.3828061556238906,-16.35975749245113,7.948990799448535,23.461642637879283,-10.331796955072424,-7.101885145428155,16.532375219159828,-81.71311513878227
0.16140000000000002,2.183667975885697,-16.898957619455626,8.148252679862239,24.001177705275737,-10.331920655747934,-7.102220085820106,17.039459335702706,-82.6370913475681
0.16145,1.991487285762917,-17.451160848533497,8.34055194043245,24.55372162926862,-10.332039226195361,-7.102560780735116,17.56442531285165,-83.48969775438547
0.1615,1.8067166536894457,-18.016196522776315,8.525436271574304,25.119104999620237,-10.332152925263747,-7.102908476843921,18.10656130285417,-84.27335813046516
0.16155,1.6298348674112833,-18.593776194203787,8.702426790772497,25.697039721307736,-10.33226165818378,-7.103263527103949,18.665070984466386,-84.99055005713993
0.16160000000000002,1.4613031977770774,-19.1836156011998,8.871061960936172,26.287241366992102,-10.332365158713248,-7.103625765792299,19.239192149631176,-85.64393249361068
0.16165000000000002,1.3015637161636529,-19.78544567978246,9.03089964638095,26.889441435629635,-10.332463362544603,-7.103995755847178,19.828210429962056,-86.23628329174741
0.1617,1.151065987377725,-20.39891215348439,9.181490265532686,27.50328655375099,-10.332556252910408,-7.104374400266596,20.431362410590022,-86.77034944011746
0.16175,1.0102621234382951,-21.023570780150262,9.322381465956743,28.128332637741984,-10.332643589395037,-7.10476185759172,21.047830242237367,-87.24883733094632
0.1618,0.879578477851442,-21.65899438335654,9.453146380680248,28.76415139619081,-10.33272485853169,-7.105157012834273,21.676847003126852,-87.67447848075176
0.16185000000000002,0.7594046761160419,-22.304843515291154,9.573394841248842,29.41040176651431,-10.33279951736488,-7.105558251223148,22.31776735481694,-88.05002521518051
0.16190000000000002,0.6501108692344588,-22.96080846670425,9.682756391835198,30.06677330543046,-10.332867261069657,-7.105964838726209,22.970010221742925,-88.37816425093514
0.16195,0.5520625385229282,-23.626528734035553,9.780865366314872,30.732905326692453,-10.332927904837799,-7.106376592656888,23.63297765975858,-88.66145809562423
0.162,0.4656156242406522,-24.301605129410856,9.867365555640657,31.408397754549416,-10.332981179881303,-7.106792625138558,24.306065287811293,-88.9023545465195
0.16205,0.3911080700706245,-24.98565557538753,9.941918796491855,32.09286764785548,-10.333026866562474,-7.107212072467944,24.98871645471948,-89.10320496891367
0.1621,0.32886242438229296,-25.678306954373912,10.004202464246625,32.78594212530099,-10.333064888628915,-7.1076351709270735,25.680412740787833,-89.26625229161192
0.16215000000000002,0.279194368083613,-26.379091716370752,10.053900800592539,33.48715411955335,-10.333095168676145,-7.10806240318259,26.380569161332925,-89.3936083222817
0.1622,0.2424073812908804,-27.087422115240454,10.09071020713204,34.19591620879903,-10.333117588422919,-7.10849409355857,27.08850675448394,-89.4872694396535
0.16225,0.2187792307651375,-27.802738491254203,10.114352777514508,34.9116691301813,-10.33313200827964,-7.108930638927091,27.803599262773197,-89.54914988489789
0.1623,0.20856354690734522,-28.52457950499355,10.124574705150273,35.633951329751966,-10.333138252057621,-7.1093718247584095,28.52534197323139,-89.581077153036
0.16235,0.21199709926666796,-29.252467924218347,10.121139052384772,36.36228501999224,-10.333136151651438,-7.109817095773896,29.253236101797707,-89.5847760112135
0.16240000000000002,0.22929780283060108,-29.985862303391634,10.103827753945847,37.0961285266658,-10.333125556776446,-7.11026622327415,29.986738995101593,-89.56187552139038
0.16245,0.2606647766525152,-30.724265288185997,10.072441561887437,37.83498392370906,-10.333106338539949,-7.110718635523066,30.725371008738335,-89.51391406390196
0.1625,0.30628446565351586,-31.467264696099143,10.026793960601271,38.57843793383053,-10.333078426254781,-7.111173237731384,31.468755260230232,-89.44233306504937
0.16255,0.36632731022061155,-32.214408802753724,9.96671449905223,39.32603768449239,-10.333041809272839,-7.111628881738681,32.21649158752626,-89.34848706100244
0.1626,0.44093759608999233,-32.96513222514638,9.892058915972086,40.077216884217506,-10.332996512062074,-7.112084659071114,32.9680810570623,-89.23366432791788
0.16265000000000002,0.5302338548131896,-33.71883101557669,9.80270866324187,40.83137140726579,-10.332942518055052,-7.112540391689094,33.722999762740656,-89.09908922250202
0.1627,0.6343149746198897,-34.47492784195622,9.698564786268918,41.58792413279718,-10.332879760888801,-7.112996290840959,34.480762827917765,-88.94591597869582
0.16275,0.7532603619176795,-35.23285975219623,9.579547850579646,42.34631195654708,-10.332808212497323,-7.113452204350845,35.24091099121539,-88.77523238151198
0.1628,0.8871236181323762,-35.99203600348194,9.445604224034,43.105944010629614,-10.33272784216637,-7.113908007147671,36.00296715535803,-88.58807237261144
0.16285,1.0359314905684072,-36.7518439837794,9.296707026338881,43.866208082689035,-10.332638516907284,-7.114364098909628,36.766441087780215,-88.38542005182661
0.16290000000000002,1.199700424627601,-37.51173450110235,9.132839611760465,44.626555551222594,-10.332540036388068,-7.11482105012024,37.53091400952079,-88.16819056255918
0.16295,1.3784464837902886,-38.271243330513414,8.953985800029617,45.3865222314376,-10.332432283819909,-7.115278900924187,38.29605959850231,-87.93722302381198
0.163,1.5721656002661564,-39.029887911001616,8.760149806550432,46.145624526718116,-10.332315406816583,-7.115736615716503,39.061539332443246,-87.69331180749575
0.16305,1.7808139196389854,-39.78710182184587,8.551375818874579,46.90329450539685,-10.332189738513561,-7.1161926835509774,39.82693522728446,-87.43723308631219
0.1631,2.004321011146016,-40.5423031497655,8.327734410271193,47.65894967327688,-10.332055421417207,-7.116646523511373,40.59181749322401,-87.16972881163439
0.16315000000000002,2.242609973636943,-41.29496308552478,8.089302516371196,48.41206107243601,-10.331912490008142,-7.117097986911225,41.35581308266965,-86.89148551992602
0.1632,2.495576766833003,-42.044532757545916,7.836184610821187,49.16207850772349,-10.33176137765418,-7.117545750177584,42.11853081720097,-86.60316232076438
0.16325,2.7630654189185595,-42.79037992809607,7.568537188475921,49.90836838247076,-10.331602607394478,-7.1179884543746805,42.879495623200036,-86.30541944804027
0.1633,3.044899662043242,-43.53189231173395,7.286536438231469,50.65031885017502,-10.331436100274713,-7.118426538441071,43.63825228159708,-85.99888248216841
0.16335,3.3409170337317278,-44.26855987002305,6.990344417237321,51.38742103997517,-10.331261450969045,-7.118861169952119,44.39444919798075,-85.68410935038514
0.16340000000000002,3.6509490325185094,-44.999908466774265,6.680129445063215,52.119201260980034,-10.331078477581718,-7.119292794205764,45.147770607817506,-85.36161738124036
0.16345,3.974794628722947,-45.725434701401255,6.356092648814911,52.84515584988913,-10.330887277537853,-7.119721148487879,45.8978689153716,-85.0319134708842
0.1635,4.31222988367206,-46.44463341455786,6.01845812243999,53.564779283791154,-10.330688006112053,-7.120145869233279,46.64439194139311,-84.69548490942962
0.16355,4.663026549151676,-47.157037324934144,5.667453987083506,54.27760452756684,-10.33048053623517,-7.120567202632694,47.38702339104372,-84.35278290988549
0.1636,5.0269404559906405,-47.86218921442002,5.303324379152422,54.98317437863596,-10.330264835143062,-7.120985164215947,48.12545362638174,-84.00423685588612
0.16365000000000002,5.403685230906786,-48.55959300900636,4.926356495454664,55.68099117672299,-10.33004172636145,-7.12139816771662,48.85932753605047,-83.65028044604216
0.1637,5.792928469069945,-49.24871534791767,4.53688390865488,56.370519558060735,-10.329812377724835,-7.121804210143045,49.588244410021034,-83.29135436327837
0.16375,6.194318325828958,-49.92903888379294,4.1352589159575714,57.05124163044673,-10.329577241786522,-7.122202746653793,50.3118127618257,-82.9278816101821
0.1638,6.607516035908637,-50.600114607537364,3.7218201336215104,57.72270888041451,-10.329336169530148,-7.122594272877138,51.02970572578981,-82.56024060591783
0.16385,7.0321800332823425,-51.26152813436,3.2969092427892472,58.38450694342148,-10.329089276071585,-7.122978809061479,51.74162562860078,-82.18878310648691
0.16390000000000002,7.467930211716061,-51.912842670979146,2.8609068829082345,59.03619841492355,-10.328837094624284,-7.1233557439444,52.44724221376081,-81.81386704869999
0.16395,7.914378304316427,-52.55364806707913,2.4142013397379185,59.677373340465316,-10.328579644054347,-7.123725273386181,53.14624454373276,-81.43583073576751
0.164,8.371164345150433,-53.183609066558944,1.9571516735784253,60.307697909885285,-10.328316018728856,-7.124088843326341,53.838393975285776,-81.05496474470829
0.16405,8.837913981578179,-53.80239923281144,1.490131688127331,60.926846489522696,-10.328045669705519,-7.124447256711262,54.523452630520424,-80.671550816828
0.1641,9.314188654796206,-54.40963784683883,1.0135807341391547,61.53443735480634,-10.32776938893535,-7.124799507967502,55.201112315978655,-80.28590267231493
0.16415000000000002,9.799512014617733,-55.00493237185701,0.527976222113459,62.13007673931757,-10.327488236731188,-7.125144367460558,55.871039197040176,-79.8983429638348
0.1642,10.293421266272857,-55.587943163144665,0.033781256708387705,62.713424787295345,-10.327202522981239,-7.125481624150675,56.53294567306714,-79.50916305427369
0.16425,10.795449489000879,-56.15835802830431,-0.4685369132629153,63.2841690965185,-10.326912575737964,-7.125811068214167,57.186562286124364,-79.11863943657441
0.1643,11.305087811491143,-56.7158491329102,-0.9784684091068688,63.84198090215798,-10.326619402384276,-7.126131769247766,57.831587850348335,-78.72706403934308
0.16435,11.821818173623877,-57.260112174116934,-1.4954940012131104,64.38655490392563,-10.326324172410759,-7.126442729808677,58.46773324768695,-78.33471910293066
0.16440000000000002,12.34515426702438,-57.79090706350455,-2.019126889539296,64.9176508182793,-10.326027377485074,-7.126743754774751,59.09476942250685,-77.9418480368083
0.16445,12.874627516574941,-58.308037390622,-2.548899178805192,65.43507321398747,-10.325728337769737,-7.127035823365445,59.71250503903451,-77.54866882851869
0.1645,13.409750967556953,-58.81131233071694,-3.0843247123750706,65.93863225786446,-10.325426255181881,-7.127319927147498,60.3207416986316,-77.15540244042809
0.16455,13.949999473512001,-59.30053003655293,-3.624877917428132,66.42812588152725,-10.325121556083863,-7.127595844974333,60.91925268687314,-76.76228744633848
0.1646,14.49483096448542,-59.77550012227013,-4.170016175245311,66.90336339869158,-10.324814789240113,-7.127863276421451,61.50780876894024,-76.36956443491633
0.16465000000000002,15.043712403784278,-60.236066335545544,-4.719206927358725,67.36418915623562,-10.324505476425555,-7.1281228206900815,62.086205959681706,-75.97745818978049
0.1647,15.596096554525351,-60.682085387701385,-5.271903115313057,67.81046016084508,-10.324193439212284,-7.128374773143688,62.65423939956784,-75.58619550077624
0.16475,16.1513891234354,-61.1134021125266,-5.8275092470441345,68.24202044176401,-10.323879876391274,-7.12861832923742,63.21167050777884,-75.19602861249031
0.1648,16.708984660977393,-61.52988088057518,-6.385418208634248,68.65873331222672,-10.323566452343147,-7.128852431651525,63.75826542165768,-74.8072099086933
0.16485,17.268336973040267,-61.93145631824149,-6.945082992840462,69.06053308281348,-10.323253980199803,-7.129076764571994,64.29386240935229,-74.41994436428163
0.16490000000000002,17.828932984567476,-62.31810755053856,-7.505990573499874,69.447399208878,-10.322942411067592,-7.129291658339433,64.81834138612844,-74.03441019550412
0.16495,18.390216066881703,-62.68980312516804,-8.067584077849059,69.8193003526762,-10.322631989032653,-7.129497227508154,65.33155028666413,-73.65081258491192
0.165,18.951616032636576,-63.04652430333793,-8.62929256814479,70.17621757153802,-10.322323464491783,-7.12969326820007,65.83333484626058,-73.2693630165524
0.16505,19.512605638748823,-63.38830036096254,-9.190588674012979,70.51818036039093,-10.322016964735825,-7.129879999428385,66.32358857499295,-72.89024182996266
0.1651,20.072659231728245,-63.71517954214643,-9.750947494818018,70.8452376899216,-10.321711736910244,-7.130058147775159,66.80221368129233,-72.51362758031247
0.16515000000000002,20.631195736737332,-64.02719675392059,-10.309788500382023,71.1574250059115,-10.321407236355306,-7.130228251990908,67.26907284698392,-72.1397355896366
0.1652,21.187599648865586,-64.32438996958795,-10.866495850502647,71.45478029756495,-10.321103798362941,-7.130390327977003,67.72400995097851,-71.76880356123033
0.16525,21.741284991564342,-64.60683580742992,-11.420482701107318,71.73737994054954,-10.320802290457019,-7.130544133119611,68.16690330455558,-71.40104949005767
0.1653,22.291706261875365,-64.8746516870371,-11.971202868692,72.00534125319234,-10.32050339318337,-7.130689566155244,68.59767196909907,-71.03666575856454
0.16535,22.838318249624376,-65.12797322079216,-12.518110962313589,72.25880001407651,-10.320207287310788,-7.130826793284353,69.01624211965867,-70.67584681235722
0.16540000000000002,23.380568645270138,-65.3669508389174,-13.06065410480475,72.4979066499847,-10.319914540465389,-7.130955811067295,69.42254138357104,-70.31879457696252
0.16545,23.91792784415122,-65.59176284485916,-13.598301258416159,72.72283912595967,-10.319626585735076,-7.131076281100505,69.8165211497556,-69.96569946095016
0.1655,24.44991255744526,-65.80262275211925,-14.130568393806334,72.93381097534052,-10.319344163638934,-7.131188223221264,70.19817223492674,-69.61672578147292
0.16555,24.97605397995963,-65.99976340222209,-14.656987164253625,73.13105554532014,-10.319066815706002,-7.131292143098037,70.56749989590924,-69.27203347871888
0.1656,25.495830170454646,-66.18341201344653,-15.177035766120804,73.31480040560534,-10.318794404333834,-7.1313883921588035,70.92447660591006,-68.93182267553601
0.16565000000000002,26.00868588924648,-66.35380147882289,-15.690158699375868,73.48527864941953,-10.318527189870615,-7.131477170596635,71.26905859050285,-68.59632074720894
0.16570000000000001,26.514113101671153,-66.51119837119586,-16.195848014028464,73.64275716398294,-10.318265087642702,-7.131558792787061,71.60124092738042,-68.26573021932256
0.16575,27.011641325950986,-66.65589639399,-16.693633352388666,73.78752996424143,-10.318007973562315,-7.131633570251411,71.92104901354091,-67.94023587900453
0.1658,27.500768865173765,-66.78819496770562,-17.183013052549857,73.91989674211617,-10.317755812623908,-7.131701774410534,72.22849351343257,-67.6200502262901
0.16585,27.980983639408816,-66.90840727975122,-17.663474866748967,74.0401708957518,-10.317508772659847,-7.131763616000596,72.52358519917455,-67.3054002187447
0.16590000000000002,28.451852622800395,-67.0168820230694,-18.134585073048832,74.14870120992728,-10.31726754975158,-7.131819186857881,72.80638978663586,-66.99646930928662
0.16595000000000001,28.913008826710723,-67.11399472190125,-18.595975860448608,74.2458633085841,-10.317032966262117,-7.131868586682843,73.07701668065577,-66.69340651436931
0.166,29.36405953449402,-67.20012545243289,-19.04725399298143,74.3320374671816,-10.31680554151259,-7.131912014748687,73.33556335890539,-66.39638693372912
0.16605,29.804585938865003,-67.27566129041054,-19.48800030667437,74.40761101239936,-10.316585632190632,-7.131949721988802,73.58211701934944,-66.1056122927414
0.1661,30.234195830134976,-67.341006841779,-19.917822222939122,74.47298881370081,-10.316373607195855,-7.131981971921791,73.81678535373561,-65.82127659441936
0.16615000000000002,30.652526345252877,-67.39658305496738,-20.33635653232908,74.52859210144739,-10.316169812923803,-7.132009046479978,74.0396973172604,-65.54356458584643
0.16620000000000001,31.059213020142174,-67.44282198690038,-20.743238706159485,74.57485326096442,-10.31597431398268,-7.132031274064035,74.25098619538534,-65.2726725177088
0.16625,31.453867490202512,-67.4801653835874,-21.138080744840654,74.61221440596026,-10.315786745361873,-7.132049022372832,74.45077904419487,-65.00882334816103
0.1663,31.836113983432135,-67.50906984321837,-21.520507277458876,74.6411324796893,-10.315606705973273,-7.132062636470936,74.63921666699497,-64.75224284268918
0.16635,32.20564807914776,-67.53000979134198,-21.89021397919573,74.6620822086726,-10.315434099952023,-7.132072417330572,74.81648207859455,-64.50312036486899
0.16640000000000002,32.56222197692893,-67.54347215762616,-22.24695305272948,74.6755508111297,-10.315268924199458,-7.132078653503533,74.98279090019798,-64.26161854073146
0.16645000000000001,32.90558277817157,-67.54995160387826,-22.590471404583052,74.6820332304663,-10.315111373588522,-7.132081626588051,75.13836130537715,-64.02791484763267
0.1665,33.23546472628081,-67.5499516038781,-22.920502779615855,74.6820332304662,-10.314961946664956,-7.132081626588102,75.28341170044122,-63.802207167543706
0.16655,33.551650139835075,-67.54398497523184,-23.236829280587713,74.67606393940669,-10.31482085924737,-7.132078964174848,75.41818834631496,-63.5846723319356
0.1666,33.85397398665271,-67.53257080726353,-23.539285539148512,74.66464477226322,-10.314688447504203,-7.132073964999699,75.54296575146503,-63.37546255465129
0.16665000000000002,34.142238697240174,-67.51623605451515,-23.827672940359793,74.64830306715156,-10.314565756880391,-7.132067012636418,75.65801077366716,-63.17476404912761
0.16670000000000001,34.4162077455204,-67.49551924628707,-24.10175453811086,74.6275777482328,-10.31445320740954,-7.132058501945714,75.76358276842988,-62.982802152048436
0.16675,34.675693686486106,-67.47096590364622,-24.361343542942127,74.60301465337801,-10.314350143543992,-7.132048749731772,75.85996950045526,-62.799780160560054
0.1668,34.92057789381662,-67.44312337795395,-24.606321680398242,74.57516144814068,-10.314256213418396,-7.132038070186731,75.94749272630422,-62.625864714043196
0.16685,35.15075293653359,-67.41254407096514,-24.836581491094268,74.54457087952234,-10.314171445439332,-7.13202680855719,76.02648571468394,-62.461225842845444
0.16690000000000002,35.36610651656814,-67.37978784557883,-25.052010994168036,74.51180310590833,-10.314095522400104,-7.132015260329513,76.09728838964274,-62.3060483799296
0.16695000000000002,35.56657081270501,-67.34541478997288,-25.252542952223703,74.47741844850133,-10.314027860481312,-7.132003658528441,76.16026426299122,-62.16049632770423
0.167,35.75213734449683,-67.30997979193478,-25.43816937608119,74.44197201372819,-10.313967968415643,-7.131992221793434,76.21580350747759,-62.02470108577907
0.16705,35.92281143623605,-67.27403834405033,-25.608895455718745,74.40601961795868,-10.313915980517312,-7.131981273908349,76.26430761896502,-61.8987936613012
0.1671,36.078584091867775,-67.23815278048228,-25.764711367658116,74.37012408937488,-10.313872724209658,-7.1319713088925845,76.3061820523439,-61.78292515259164
0.16715000000000002,36.21943992508366,-67.20289229645624,-25.9056011104014,74.33485511676649,-10.313838814682267,-7.131962820310228,76.34184017624833,-61.677261043578255
0.16720000000000002,36.34539320362334,-67.16882461927725,-26.03157901824228,74.30078077788643,-10.313814185381066,-7.131956158609192,76.37171340137141,-61.581954013504344
0.16725,36.45650781760292,-67.13650873414416,-26.142709040229057,74.268460411584,-10.313798777373869,-7.131951677439831,76.39625492957595,-61.49712782406883
0.1673,36.552852211262866,-67.10650578260748,-26.239059207816076,74.23845566196816,-10.313793003446806,-7.131949879360654,76.41592846474848,-61.42291052718904
0.16735,36.63448768940745,-67.07938348491807,-26.320690657340073,74.2113347027341,-10.313797032067383,-7.131951217816026,76.43120682667548,-61.35944320519659
0.16740000000000002,36.70153092417566,-67.05569560312908,-26.387720928561126,74.18765140125775,-10.313809995614534,-7.13195579812868,76.44258423809158,-61.30683089943748
0.16745000000000002,36.75416691909168,-67.03597335011392,-26.440336353025216,74.16793685581348,-10.313830566066471,-7.131963505699547,76.45057559569867,-61.26513044874723
0.1675,36.792586568965255,-67.02074516101966,-26.478728217170282,74.1527196799983,-10.313858351794979,-7.131974518978637,76.45570422390435,-61.234398013290225
0.16755,36.81695669364346,-67.01054956629397,-26.503062901279428,74.14253891234802,-10.313893792364041,-7.1319893460540325,76.45849889553389,-61.21471267590128
0.1676,36.82746776025844,-67.00591718670732,-26.513531110077658,74.13792542082321,-10.313936650180803,-7.132008234115866,76.45950117326659,-61.206137855184274
0.16765000000000002,36.82435848104201,-67.00735814921389,-26.5103721980906,74.13938938511144,-10.313986282951424,-7.132031235897561,76.45926643433948,-61.20869985110697
0.16770000000000002,36.807866637045144,-67.01538250790894,-26.4938235800717,74.1474413680744,-10.314043056973446,-7.13205886016546,76.4583582026965,-61.222426715895786
0.16775,36.77821494638347,-67.03050842143148,-26.464107119692923,74.16260032190998,-10.314107826690552,-7.132091900478507,76.45734859304225,-61.247359667820696
0.1678,36.73565590891396,-67.05324057144978,-26.421475034125773,74.18537148926532,-10.314180874788194,-7.132130917815534,76.45682105731863,-61.283515013186765
0.16785,36.68049210707348,-67.08405692004433,-26.366230260957607,74.21623307115738,-10.314261846115892,-7.132176151113012,76.45736847465278,-61.33086517637107
0.16790000000000002,36.61305761189483,-67.12341553294117,-26.29870765996339,74.2556431076273,-10.31434995193146,-7.13222757468613,76.4595899838589,-61.389352512999636
0.16795000000000002,36.53369272074117,-67.17176762238581,-26.219248015198286,74.30405292455114,-10.3144447055429,-7.132285302165303,76.46409006409044,-61.45890975393329
0.168,36.442744712464744,-67.22955722452976,-26.1281986332424,74.36190694091052,-10.314546079222346,-7.132349716380753,76.47147838759362,-61.53945854644573
0.16805,36.34058736907007,-67.29720835040932,-26.02593397822192,74.42962913120965,-10.314653390848155,-7.1324207808003255,76.48236752407327,-61.63089117797525
0.1681,36.22761973912318,-67.37512376976743,-25.912854330356353,74.50762181095729,-10.31476540876683,-7.132498041189846,76.49737077151075,-61.733070173121575
0.16815000000000002,36.104239600471566,-67.46370199159635,-25.78935781561761,74.596283582594,-10.314881784853965,-7.132581590997647,76.51710399341562,-61.84585108010327
0.16820000000000002,35.97082698131927,-67.56335042765015,-25.655823872490487,74.69602263784425,-10.315003108828787,-7.132672210194084,76.54218911639163,-61.9690972546236
0.16825,35.82778033715459,-67.67446016243267,-25.512650695412074,74.80723065552311,-10.315129641742534,-7.132770493090412,76.57324860657336,-62.10264633589268
0.1683,35.675549927765964,-67.79737763356891,-25.360288977579348,74.93025415082327,-10.315260950186632,-7.132876517254353,76.61089528674935,-62.24627766540411
0.16835,35.51459743984211,-67.93243280682269,-25.199200694220515,75.06542326997632,-10.315396745621612,-7.1329904631536065,76.65573728278608,-62.39974841770475
0.16840000000000002,35.345371657497694,-68.07995949292176,-25.029834385195205,75.21307246362275,-10.315537272302471,-7.133112970700989,76.70838404088897,-62.56281630409145
0.16845000000000002,35.16834898699822,-68.24026095380178,-24.852666422727278,75.37350549248073,-10.31568256427093,-7.133244538678957,76.76943392727514,-62.735200432152354
0.1685,34.98404510294083,-68.41359577222147,-24.66821327838253,75.54698068778362,-10.315831824558309,-7.133384915562142,76.83946575978726,-62.91656864098681
0.16855,34.792976840281725,-68.60020990854395,-24.47699282097158,75.73374347093932,-10.315984019310113,-7.133533562395379,76.9190485959406,-63.10657377755882
0.1686,34.59564051318059,-68.80035875215837,-24.279501857584705,75.93404915477794,-10.316138655595912,-7.133690402619529,77.00875084652988,-63.30487546824492
0.16865,34.39253478627807,-69.01428645742057,-24.076239271522304,76.14814207704603,-10.316295514755764,-7.13385561962544,77.1091316528221,-63.51111787515813
0.16870000000000002,34.18418207757998,-69.24220256300738,-23.867727840801454,76.37623180795092,-10.316454236778538,-7.134029244943518,77.22072856487232,-63.72490790656575
0.16875,33.97111366597229,-69.48429530555627,-23.65449929966539,76.61850649298677,-10.316614366306903,-7.134211187430491,77.34406155495171,-63.945830031135266
0.1688,33.75385706846317,-69.74074512989463,-23.437081550030083,76.87514654139622,-10.3167755184331,-7.134401411501564,77.47963860441763,-64.173459570939
0.16885,33.532944491383645,-70.01171508215833,-23.21600670949515,77.14631552497522,-10.316937781888504,-7.134600442816877,77.62794996009835,-64.40735445975301
0.1689,33.30892709448715,-70.29733180977065,-22.991825644672435,77.43214092520901,-10.317101449814746,-7.134809115438356,77.78945612201473,-64.64704046071363
0.16895000000000002,33.082379315089106,-70.59767599246993,-22.765113198376824,77.73270341393147,-10.317266116712279,-7.135027421461524,77.96457962873397,-64.89200647240837
0.169,32.85387452633607,-70.91281063372526,-22.536443462100635,78.04806553697745,-10.317431064235423,-7.135254903252191,78.15371893497336,-65.14173094978621
0.16905,32.62396694538952,-71.24280648524007,-22.306370876659813,78.37829822626155,-10.317596068729705,-7.135491741021492,78.35726319332007,-65.3957027830163
0.1691,32.393211395513106,-71.58771614099808,-22.07545047849903,78.72345428027538,-10.31776091701408,-7.13573813927729,78.57557665584464,-65.65340104691302
0.16915,32.16217856609467,-71.94754941969069,-21.84425360811171,79.08354305252644,-10.317924957982989,-7.135993632835734,78.8089817065047,-65.91427881376563
0.16920000000000002,31.93143546835627,-72.3223000234237,-21.613347956405075,79.45855766067946,-10.318087511951227,-7.1362576372557385,79.05777413858748,-66.17778577692867
0.16925,31.701526599695907,-72.71197707136739,-21.383278436592086,79.84850699941069,-10.318248163103824,-7.136529928043318,79.32224403266895,-66.44339117727864
0.1693,31.47299688341748,-73.11656966836547,-21.15459020456262,80.25338023518266,-10.318406678854874,-7.136810566817188,79.60265254935007,-66.71055920101223
0.16935,31.24641571835476,-73.5360010044254,-20.927852849345978,80.67310069962153,-10.318562869008773,-7.137099695196135,79.8991986127965,-66.97872170782335
0.1694,31.022353749205248,-73.97016336518881,-20.703637273658916,81.10756070204742,-10.318716475546319,-7.137397336858613,80.21204086927068,-67.24730581424635
0.16945000000000002,30.801363397287826,-74.41895437819875,-20.482496189459045,81.55665782477263,-10.318867207828808,-7.137703446573867,80.54132329355043,-67.51575834166002
0.1695,30.583993037999505,-74.88225061172948,-20.264978163115988,82.02026879114214,-10.31901487488352,-7.138018179412678,80.88715650105561,-67.78353031597574
0.16955,30.370794619269788,-75.3598888683018,-20.051635295967166,82.49823066217422,-10.319159323302618,-7.1383417938723905,81.24960317471503,-68.05006853121716
0.1696,30.16231456187285,-75.85168196715674,-19.84301430122566,82.99035622454765,-10.319300260647195,-7.1386742573909014,81.6286890558464,-68.31482747695185
0.16965,29.959082385813957,-76.35744468658694,-19.639645137299464,83.49645985139567,-10.319437248514486,-7.139015164808719,82.02442304865772,-68.57728478500404
0.16970000000000002,29.76161072088978,-76.87699718430784,-19.44204088823593,84.01636118104025,-10.319569832653842,-7.139363996732398,82.43680105861615,-68.83694277062591
0.16975,29.57040799624735,-77.41013386155919,-19.250710315437278,84.5498543413973,-10.31969768081006,-7.139720479838124,82.8657821632611,-69.09331307087419
0.1698,29.38598359072112,-77.95660456396627,-19.066163088191193,85.09668897867196,-10.319820502529938,-7.140084414705685,83.31127310716562,-69.3459099828628
0.16985,29.20883895986655,-78.51613390634685,-18.88890106118679,85.65658912873764,-10.31993789867975,-7.140455222390749,83.77314341113629,-69.59426232885619
0.1699,29.0394586664175,-79.0884478390874,-18.719409111829055,86.22928033223917,-10.320049554588453,-7.140832493151762,84.25124771322155,-69.83792636178987
0.16995000000000002,28.87831640152617,-79.67325563896901,-18.558161080568485,86.81447197305664,-10.320155320957683,-7.141216334087604,84.74541180677076,-70.0764779653691
0.17,28.725884447498018,-80.27021105524109,-18.405629454301668,87.41181772666329,-10.32025499319636,-7.141606671422152,85.25539994712334,-70.30949837215576
0.17005,28.5826229952862,-80.87894244981733,-18.26227462551128,88.02094588711054,-10.320348369774916,-7.1420034372931775,85.78094001053805,-70.53658887984416
0.1701,28.448967869231012,-81.49910440828138,-18.128532548936708,88.64151129739908,-10.320435320294305,-7.14240688911768,86.32176893563111,-70.75739023009243
0.17015,28.325338086519032,-82.13035391120691,-18.004822473415025,89.27317077270415,-10.32051561310401,-7.142816861497232,86.87761398251972,-70.971571876769
0.17020000000000002,28.212144541802946,-82.77230640345232,-17.891555574279522,89.91553927853462,-10.320588967523415,-7.143232875082272,87.44815496621169,-71.17881689483694
0.17025,28.1097852861775,-83.42454982297656,-17.78913010824757,90.56820459739531,-10.320655177929943,-7.14365477441874,88.03303665102834,-71.37882822666283
0.1703,28.01863872814268,-84.086683583571,-17.697924704472467,91.23076584260407,-10.320714023670213,-7.144082259033072,88.63190437005044,-71.57134078159156
0.17035,27.939066854929035,-84.75830438214523,-17.618301615136836,91.90281892725312,-10.320765239792207,-7.144514545107897,89.24439264435931,-71.75611569112175
0.1704,27.8714198075613,-85.4389641909604,-17.550611199738313,92.58391510212948,-10.320808607822993,-7.1449509111690634,89.87008759377913,-71.93292853465549
0.17045000000000002,27.816032121826446,-86.12818175345325,-17.495188148410172,93.27357273695368,-10.32084397341628,-7.145390983500409,90.50853736061786,-72.10157383036636
0.1705,27.77321885742523,-86.8254734447676,-17.45234764896815,93.97130800032252,-10.32087120845708,-7.1458345555549005,91.1592810667706,-72.26187288865246
0.17055,27.74327563966347,-87.53036010342664,-17.42238544514648,94.6766416056132,-10.320890194516993,-7.14628150218654,91.82185623833732,-72.41367407600934
0.1706,27.726479631738993,-88.24235992232359,-17.405578817464615,95.38909160680119,-10.320900814274383,-7.146731684477604,92.49579318774524,-72.55684978318551
0.17065,27.72308986141009,-88.96096686575203,-17.402186909058265,96.10815180727619,-10.320902952351831,-7.147184941524153,93.18059528224343,-72.6912912439367
0.17070000000000002,27.73334591099595,-89.68566012491127,-17.412449417191795,96.83330142790913,-10.320896493804158,-7.147641302997863,93.87574823914883,-72.81691023149904
0.17075,27.7574683144436,-90.41593946675715,-17.43658699928904,97.56404028674591,-10.320881315154566,-7.148100819988729,94.58075468552593,-72.93364414691196
0.1708,27.795659543156106,-91.15130842806579,-17.47480223923606,98.29987158239659,-10.320857303920045,-7.148563154330782,95.29511906486829,-73.0414510938654
0.17085,27.848101536266224,-91.89123167852232,-17.527277144504666,99.0402592025281,-10.320824391761564,-7.149027524005767,96.01830668455915,-73.14030275230749
0.1709,27.91495375320847,-92.63514363800729,-17.594171200705762,99.78463673707506,-10.320782552502711,-7.149493099067763,96.74975183367661,-73.23018623456608
0.17095000000000002,27.99635593852176,-93.3824933770583,-17.67562419333098,100.53245293573167,-10.320731745190784,-7.149959558673375,97.48890201019161,-73.31110921209489
0.171,28.092429247393675,-94.1327436732525,-17.771757314452408,101.28317031439084,-10.320671932941268,-7.15042664113832,98.23521778096732,-73.38309782019292
0.17105,28.203271194626513,-94.88532895653013,-17.882668012033335,102.03622239297019,-10.320603182593176,-7.150893436440064,98.98813139597385,-73.44619130051686
0.1711,28.328955466579565,-95.63966700822299,-18.008429914177807,102.79102636936825,-10.320525552401762,-7.151359361145239,99.74705821863232,-73.500443113727
0.17115,28.469538343712554,-96.3952004760026,-18.149099393212698,103.54702526107859,-10.320438950499858,-7.151824785075992,100.51143859438513,-73.54592312309927
0.17120000000000002,28.625059038502553,-97.15138936109925,-18.304715748319584,104.3036792757098,-10.320343290182977,-7.152289914610534,101.28073094004439,-73.58271502015425
0.17125,28.79553457275855,-97.90768261988131,-18.475295989023785,105.06043705147509,-10.320238583734781,-7.15275443159372,102.05438318527206,-73.6109135362677
0.1713,28.980957303343523,-98.66351215693787,-18.660832450368307,105.81673018362096,-10.320124852975225,-7.153218026683054,102.83182638347161,-73.63062393355416
0.17135,29.181298121556846,-99.418310714883,-18.86129599993808,106.57199114084995,-10.32000212161877,-7.153680425966936,103.61249280593627,-73.64196222226659
0.1714,29.396509422602524,-100.17152289431034,-19.076639006002516,107.3256642710905,-10.319870416600002,-7.154141376780173,104.39582733614644,-73.64505440778373
0.17145000000000002,29.626521547019994,-100.92259133409104,-19.30679173157841,108.07719182185485,-10.31972981544158,-7.154600487763831,105.1812731457648,-73.64003538231643
0.1715,29.871239364398445,-101.67094779848182,-19.55165878186558,108.8260046461999,-10.319580582532856,-7.155056847718116,105.9682620759952,-73.6270485514844
0.17155,30.13054373982245,-102.41602116319424,-19.81112069513043,109.57153067295833,-10.319423044692014,-7.1555095097641095,106.75622256785412,-73.60624551954768
0.1716,30.404299409929482,-103.1572606999022,-20.085042112658506,110.31321899869609,-10.319257297270985,-7.155958298793871,107.54460403812097,-73.5777848289669
0.17165,30.692359385255465,-103.89414423600738,-20.373276064921747,111.05054758358189,-10.31908332033372,-7.156403347574511,108.33288573266194,-73.54183030885378
0.17170000000000002,30.994552382023155,-104.62614305670712,-20.67565108856678,111.78298732601363,-10.318901293456374,-7.156844269306488,109.120539259502,-73.49855164420296
0.17175,31.31067919742563,-105.35271628173687,-20.991967744312014,112.50999687249211,-10.318711453113622,-7.157280590755233,109.90702188552034,-73.44812477013656
0.1718,31.640528397067243,-106.07334903223854,-21.322014606167457,113.23106146234637,-10.31851379089978,-7.157712430107837,110.69181727734313,-73.39072913667144
0.17185,31.9838756497916,-106.78754770688327,-21.665567478680178,113.94568784794303,-10.318308171111429,-7.158140141059771,111.47443046201764,-73.32654695981428
0.1719,32.34046780880585,-107.4948060610456,-22.022373102396426,114.6533695840839,-10.318094706409425,-7.1585635230383,112.25435041990227,-73.25576568786157
0.17195000000000002,32.71002277919096,-108.19460884142615,-22.392148950399516,115.35359062638372,-10.317873828791456,-7.158981784957554,113.03105313392601,-73.17857809735567
0.17200000000000001,33.09224518912292,-108.88646349971616,-22.774599311761953,116.04585789590465,-10.317645877360961,-7.159394396188488,113.8040360669693,-73.09517890161537
0.17205,33.48683076388038,-109.56990576313036,-23.169419780851413,116.72970700823626,-10.317410983028976,-7.159801245105897,114.5728243675176,-73.00576324857145
0.1721,33.893454041403565,-110.24447638220778,-23.576284581407585,117.40467830369133,-10.31716945999598,-7.160201921483516,115.33694464326642,-72.91052904675817
0.17215,34.31176784636758,-110.90972131913888,-23.9948460649928,118.0703171242255,-10.316921781374795,-7.160595805086618,116.09592454445622,-72.80967697627165
0.17220000000000002,34.74141343233459,-111.56520831313786,-24.424745117452385,118.72619081832043,-10.316668314882188,-7.160982505182571,116.84931113716607,-72.70340790983815
0.17225000000000001,35.18202239225017,-112.21052822169499,-24.865613108450894,119.3718901061684,-10.316409283799244,-7.161361884473431,117.59667233132322,-72.59192216438457
0.1723,35.63321264881114,-112.84528775721088,-25.317067979435823,120.00702191596633,-10.316144669375339,-7.1617341587554355,118.33758833389803,-72.47542029765981
0.17235,36.09457840178118,-113.4690954359939,-25.77870391750774,120.63119490912342,-10.315874484273431,-7.162099473129495,119.07163477951002,-72.35410563276582
0.1724,36.56568985656305,-114.08156298715814,-26.250090717756077,121.2440204226379,-10.315599138806961,-7.1624574354797454,119.79838349610269,-72.22818440958638
0.17245000000000002,37.046108990619906,-114.68232674170108,-26.73079002564404,121.84513453433931,-10.315318964975878,-7.162807792638212,120.5174271972115,-72.09786161603394
0.17250000000000001,37.535391988298805,-115.27104913180166,-27.220358071717026,122.43419990462239,-10.315033916581799,-7.1631507728207175,121.22838124656074,-71.96334022817913
0.17255,38.03307608887257,-115.84740182001404,-27.71833187220094,123.01088808541294,-10.31474421667164,-7.163486265398873,121.93086313657327,-71.82482478013758
0.1726,38.538676852313785,-116.41106352866527,-28.224226270623678,123.57487714878229,-10.314450581690116,-7.163813620117005,122.62448909333733,-71.68252223119968
0.17265,39.0517083840805,-116.96174305301213,-28.73755478744815,124.12587545195703,-10.314153596632302,-7.1641323989449,123.3089018105104,-71.53663638446905
0.17270000000000002,39.571693745611036,-117.49918803989081,-29.25784023394257,124.66363059979678,-10.313853511668492,-7.164442559905939,123.98378174555756,-71.38736490408036
0.17275000000000001,40.09813792236429,-118.02315476223012,-29.784587309697198,125.18789879569003,-10.313550612667132,-7.164744033459877,124.64880956058214,-71.23490706020056
0.1728,40.630519025428185,-118.53340071957295,-30.317273712449474,125.69843735908309,-10.313245312978715,-7.165036639510114,125.30365582225659,-71.0794664679512
0.17285,41.16831485664697,-119.02971140125621,-30.855376855315335,126.19503164663351,-10.312938001331645,-7.165320245377276,125.9480144520046,-70.92124355499294
0.1729,41.71100496356044,-119.51190057316789,-31.398376069150263,126.67749546517791,-10.312628894410224,-7.1655948920099855,126.58160337774575,-70.76043505110978
0.17295000000000002,42.25805244142204,-119.97979308634675,-31.945734420327955,127.14565386989827,-10.312318021094073,-7.165860783551497,127.20414201268979,-70.59723950141715
0.17300000000000001,42.80890212522554,-120.43322428737982,-32.496896602356095,127.59934230343866,-10.312005522869441,-7.166118016058854,127.81534967843835,-70.43185802854748
0.17305,43.36299517337406,-120.87205267553742,-33.0513033982337,128.0384191722633,-10.311691775140375,-7.166366496725869,128.41496201145705,-70.26449018653747
0.1731,43.91978153838482,-121.29616871568098,-33.608404317977815,128.46277481545084,-10.311377220407048,-7.1666060997698455,129.00274320913644,-70.09533037271075
0.17315,44.47871390750353,-121.70548835114575,-34.16765164796563,128.87232510434575,-10.311062259537934,-7.166836753200006,129.57847771005964,-69.92456981668406
0.17320000000000002,45.03923662687144,-122.0999440451665,-34.72848945101702,129.26700253166788,-10.310747175854383,-7.167058486501388,130.1419577682928,-69.75240015354743
0.17325000000000002,45.600784832165104,-122.4794843878197,-35.290352398990315,129.64675560324326,-10.310432433174759,-7.167271215423565,130.69298249414766,-69.57901393101261
0.1733,46.162797164627634,-122.8440826684995,-35.85267837399269,130.0115573554915,-10.31011879063496,-7.167474686991976,131.2313700634406,-69.40460093034231
0.17335,46.72472484356588,-123.19374152403691,-36.41491820400867,130.36141044668,-10.30980663955724,-7.167668922643064,131.75696513808353,-69.22934555863662
0.1734,47.28600859127479,-123.52847734582511,-36.976512560582975,130.6963315079558,-10.309496030691797,-7.167854162130659,132.26961602678122,-69.05343423580877
0.17345000000000002,47.84606693080368,-123.84831424725117,-37.53687961741906,131.0163447109919,-10.309187313384664,-7.168030463740692,132.7691645775962,-68.87705934018854
0.17350000000000002,48.40432716683799,-124.15330280528393,-38.095446330659925,131.32150070355652,-10.308880836178082,-7.16819789827259,133.25547450643376,-68.70040976635526
0.17355,48.96023921368134,-124.44352604015444,-38.65166256083301,131.61188274245083,-10.308576652848368,-7.168356702296422,133.72844199035407,-68.52366676003447
0.1736,49.51325337956795,-124.71908589698889,-39.20497843003879,131.88759293417468,-10.30827494952916,-7.168507037185772,134.1879750469832,-68.34701115370916
0.17365,50.06280795038854,-124.9800971313696,-39.75483190508761,132.14874613327683,-10.307976045300924,-7.168649001907216,134.6339831500356,-68.1706275872406
0.17370000000000002,50.60835160530631,-125.22669841173054,-40.30067144689342,132.39548116294424,-10.3076801584129,-7.16878275121365,135.0663956997033,-67.99469760519823
0.17375000000000002,51.14936149415281,-125.45905903069871,-40.84197379753352,132.62796739256157,-10.30738769661929,-7.168908361862882,135.48517510830425,-67.81939403249304
0.1738,51.68531796052394,-125.67736603606394,-41.37821866945383,132.84639187193028,-10.307099291070104,-7.169025835866301,135.89029555653804,-67.64488931301595
0.17385,52.21568866222353,-125.88181788068347,-41.90887330330733,133.05095316915043,-10.306815358916205,-7.169135288466937,136.28173104057572,-67.47136092674062
0.1739,52.73994701452375,-126.07263231598647,-42.43341082236129,133.24186921284212,-10.306536192162493,-7.169236896855665,136.65946959569501,-67.29898565435202
0.17395000000000002,53.25758127611931,-126.25004911487456,-42.95131905822651,133.41937991517028,-10.306262217892826,-7.169330800295798,137.02351938587293,-67.12793681338705
0.17400000000000002,53.76809370693335,-126.41432869689386,-43.46209993636951,133.58374588179538,-10.305993770563848,-7.169417184901511,137.37390727777924,-66.95838472021497
0.17405,54.27099253452685,-126.56574874444775,-43.96526153400883,133.73524504795256,-10.305731000518021,-7.169496303504778,137.7106727379013,-66.79049954581653
0.1741,54.765785338768616,-126.70460210041189,-44.46031137772605,133.8741705367235,-10.305473961042583,-7.169568436311613,138.0338633712604,-66.62445374859313
0.17415,55.251998619539094,-126.8312021922003,-44.94677594196645,134.00083605763862,-10.305222677572635,-7.1696338654383105,138.34354773885315,-66.46041574179577
0.17420000000000002,55.729191298749,-126.94588506067952,-45.42421400032963,134.11557789765362,-10.304977298419386,-7.169692836974081,138.63982291048924,-66.29854546329624
0.17425000000000002,56.1969351007377,-127.04900280648053,-45.89219706387738,134.21874839051938,-10.30473803686034,-7.169745584038843,138.92280096815506,-66.1390010987891
0.1743,56.654794706465104,-127.14091900162866,-46.35028950831528,134.3107113284859,-10.30450519814985,-7.169792326857236,139.19259695763424,-65.98194602623694
0.17435,57.10234512951907,-127.22201282546146,-46.7980659426266,134.39184610439048,-10.30427918689249,-7.169833278929081,139.44933978564615,-65.82754310861513
0.1744,57.539196567472324,-127.2926827325916,-47.235136333587,134.46255143177405,-10.304060233885359,-7.169868699182443,139.6931860145313,-65.67594624781101
0.17445000000000002,57.96497198299905,-127.3533410222475,-47.661123285992986,134.5232398581285,-10.303848697006075,-7.169898835880982,139.92430613198957,-65.5273081749575
0.17450000000000002,58.37928609856913,-127.40441079328099,-48.07564088212162,134.57433471086964,-10.303645216447523,-7.169923917588642,140.14287329351313,-65.38178793663998
0.17455,58.78177156880398,-127.44632985079791,-48.478321613009236,134.6162741048785,-10.303449955794761,-7.169944254080591,140.34907787800188,-65.23954193483135
0.1746,59.17209643623834,-127.47955139301206,-48.86883377948995,134.64951158859097,-10.30326265674842,-7.169960195578914,140.54313579831313,-65.10071780091715
0.17465,59.54995155577176,-127.50454108962553,-49.246868135396824,134.67451313911977,-10.303083420374952,-7.169972049494225,140.72528105770752,-64.9654588066212
0.17470000000000002,59.915036160584,-127.52177530230377,-49.6121236917602,134.69175542175043,-10.302912468823788,-7.169980119446623,140.89575839738873,-64.83390905535902
0.17475000000000002,60.267061938339836,-127.5317412211098,-49.9643122680294,134.70172594941425,-10.302749670310442,-7.169984728304439,141.0548254175227,-64.70621211418057
0.1748,60.605768772758985,-127.53493674805607,-50.3031738851657,134.70492293665683,-10.302594887593305,-7.169986188600735,141.20275953347297,-64.58250533669805
0.17485,60.93092045692762,-127.53186910706773,-50.62847221367247,134.70185391215358,-10.302448243255153,-7.169984805085863,141.33985533341507,-64.46292134517469
0.1749,61.24229246549085,-127.52305410443985,-50.939982478011,134.6930349954777,-10.302309987479882,-7.169980891037876,141.46641903488123,-64.34759248228781
0.17495000000000002,61.53966969295896,-127.50901609156307,-51.23748917441813,134.6789908708798,-10.302180518540844,-7.16997477931674,141.58276777403734,-64.23665168628617
0.17500000000000002,61.82285282110112,-127.49028758930733,-51.52079266458227,134.66025440840278,-10.302060156518857,-7.1699668190954595,141.68923233804261,-64.13023014718
0.17505,62.091150853710744,-127.46745206136596,-51.7892779416378,134.6374029436104,-10.301872912072957,-7.1699508822444065,141.78597373984104,-64.02864927959082
0.1751,62.34529884379953,-127.44098242456634,-52.04360325370093,134.61091483864087,-10.301695590098621,-7.169932414074492,141.87367722471035,-63.93169518460325
0.17515,62.5857254878066,-127.41134661637577,-52.284196350961516,134.58125851285442,-10.30152913684508,-7.169911896478696,141.95289458631456,-63.83926839645968
0.1752,62.81313511765396,-127.37894859926338,-52.51176171213287,134.54883830940778,-10.301373405521087,-7.169889710144404,142.02424613270242,-63.751161711714374
0.17525000000000002,63.02817883696086,-127.34416075527007,-52.726951322996875,134.51402686438678,-10.301227513963987,-7.169866109116734,142.08830566224648,-63.66718503742715
0.1753,63.231523732325606,-127.30731571106332,-52.930433308003224,134.47715698024558,-10.301090424322378,-7.169841269182258,142.14562331309398,-63.58713846796668
0.17535,63.42374220864395,-127.26872748279531,-53.12278030522284,134.43854295115986,-10.300961903421124,-7.169815468364486,142.19669500673547,-63.51085568167299
0.1754,63.60522602876728,-127.22871796829008,-53.30438441432293,134.39850691801752,-10.300841614444366,-7.169788949727384,142.2419468863713,-63.43823924245015
0.17545,63.776371594835,-127.18758685857401,-53.47564365702449,134.35734848859818,-10.300727937810523,-7.169761630024153,142.28179020770642,-63.36918799995679
0.17550000000000002,63.937768548993034,-127.14556236023424,-53.63714859732783,134.31529587285286,-10.30061995166522,-7.169733512618592,142.31666197225402,-63.303520158990246
0.17555,64.09006528667477,-127.10282343406533,-53.78954651826541,134.2725285516981,-10.30051876840936,-7.169705117632778,142.3469851923862,-63.24102564310698
0.1756,64.23379042088798,-127.05954859335527,-53.93336478658536,134.22922566882525,-10.30042563430263,-7.169677075469975,142.3731320178838,-63.18153890469626
0.17565,64.36942244095368,-127.01590309087565,-54.06908151692349,134.18555290713053,-10.300340924030206,-7.169649816254877,142.3954429866794,-63.12491129608791
0.1757,64.49750315583127,-126.97200400590633,-54.197238515799214,134.1416276761663,-10.30026464003207,-7.1696236702599645,142.41424688075404,-63.07096381866643
0.17575000000000002,64.61854179002343,-126.92794954586388,-54.31834460417486,134.09754866480912,-10.300197185848598,-7.169599118945158,142.4298434984269,-63.01952673838871
0.1758,64.73286397345355,-126.88387965058473,-54.43272400500016,134.05345671287768,-10.30013996845338,-7.1695770622929444,142.44248872225486,-62.97050461204226
0.17585,64.84067325348448,-126.83996652974218,-54.54057973935579,134.0095246701541,-10.300093514128719,-7.169558140411866,142.45241316745484,-62.92385233700143
0.1759,64.94221448091842,-126.79635515970296,-54.64215861963779,133.96589712843445,-10.300055861280642,-7.169541968731497,142.459843125953,-62.879505638656624
0.17595,65.03781635180337,-126.75314038934914,-54.73779142611828,133.92266837430975,-10.300024925685104,-7.1695279849606,142.46499975212492,-62.837361594097814
0.17600000000000002,65.1278166076971,-126.71039472016056,-54.82781602837225,133.87991114180446,-10.300000579324875,-7.169516421643887,142.46808985251653,-62.797310442771355
0.17605,65.21250446233923,-126.66819584978741,-54.91252131268122,133.83770358645205,-10.299983149657981,-7.169507736664679,142.46930398542247,-62.75926117321889
0.1761,65.29219733594677,-126.62659084463267,-54.99222577933816,133.7960925289509,-10.299971556608618,-7.169501684318222,142.46881954269935,-62.72310742518418
0.17615,65.36730627202495,-126.58555735410042,-55.06734195654342,133.75505508244834,-10.299964315481548,-7.169497728347907,142.46679634184576,-62.68869690114469
0.1762,65.43820823436208,-126.54506681527891,-55.13824612462418,133.71456328397576,-10.299962109737935,-7.169496468696802,142.463374353576,-62.655888601514995
0.17625000000000002,65.50511677584437,-126.50516420682263,-55.20514914771574,133.67466396655186,-10.299967628128629,-7.169499759729248,142.45868486972694,-62.624613709495335
0.1763,65.56815468547133,-126.46593893965431,-55.2681724227163,133.6354478057631,-10.29998226275506,-7.169508866108773,142.45285753801593,-62.59484423852438
0.17635,65.62749254115143,-126.42744426807762,-55.32748755930828,133.59696787290292,-10.300004981843166,-7.169523604825281,142.44601237450192,-62.56652862320897
0.1764,65.68332753597169,-126.38970639826277,-55.383292416316046,133.559250372694,-10.300035119655648,-7.169543974431217,142.43825820206033,-62.53960093482735
0.17645,65.73577765398477,-126.35279576647703,-55.43570414911497,133.52236675366947,-10.300073504869797,-7.16957098719246,142.4297070901263,-62.51403184990164
0.17650000000000002,65.78494796256388,-126.31678716526625,-55.48482799946495,133.48639217493877,-10.3001199630989,-7.169605009672515,142.4204693792027,-62.48979758669157
0.17655,65.83106255121183,-126.28166070032513,-55.53089034486376,133.45130550479388,-10.300172206348059,-7.169644804468742,142.41062680099967,-62.46681440249494
0.1766,65.87440938792979,-126.24733104657439,-55.574181704375086,133.41701978765852,-10.30022768355468,-7.169688741084122,142.40023317604474,-62.44496365461188
0.17665,65.91521190187478,-126.2137445102699,-55.614926196461454,133.38348101197153,-10.30028570541333,-7.1697365017015935,142.3893411157336,-62.424155639725335
0.1767,65.9536158784017,-126.18089739220345,-55.653268288279925,133.3506868242135,-10.300347590121778,-7.169789432010046,142.37801204588277,-62.404337692724894
0.17675000000000002,65.98975582529374,-126.14878644924997,-55.68934174014421,133.31863496319662,-10.300414085149548,-7.169848513946637,142.36630288274105,-62.38546129298779
0.1768,66.02377171231511,-126.117394521132,-55.72328736774688,133.28730787474078,-10.300484344568266,-7.169913353608742,142.35426102480656,-62.36747340537935
0.17685,66.0557525690645,-126.08674335268361,-55.75519384112884,133.25672799697543,-10.30055872793565,-7.169984644291788,142.3419449661658,-62.35034644501462
0.1769,66.08572365425188,-126.05691331188522,-55.78508422892887,133.2269782738013,-10.300639425323054,-7.170064961916004,142.32943569278385,-62.33408655083261
0.17695,66.11372199774775,-126.0279748638709,-55.81299465988912,133.1981306901746,-10.30072733785861,-7.170155826303722,142.3168109700465,-62.31869386075007
0.17700000000000002,66.13986871968142,-125.99990940686442,-55.8390478780422,133.1701655985731,-10.300820841639267,-7.170256191708664,142.30410888233246,-62.30412190652442
0.17705,66.16433444292048,-125.97263414867454,-55.86341662731484,133.1429984504093,-10.300917815605656,-7.170364301734702,142.29133391261195,-62.29029455672434
0.1771,66.18724233727066,-125.94610521902844,-55.88622482086375,133.1165849812022,-10.301017516406883,-7.1704797621737955,142.27850318321168,-62.27715986431232
0.17715,66.2086830226017,-125.92030703766096,-55.90756315696113,133.09090995000676,-10.301119865640572,-7.170602912345812,142.2656438921434,-62.26468277727726
0.1772,66.22878981785459,-125.89516350579242,-55.92756609653518,133.06589628958432,-10.301223721319404,-7.170732783791875,142.25274969183465,-62.25280167283458
0.17725000000000002,66.2476907089836,-125.87059143821217,-55.94636319571777,133.04145915652668,-10.301327513265845,-7.170867718314481,142.2398056567798,-62.24145547627422
0.1773,66.26542414129263,-125.84661425487234,-55.96399280776521,133.0176223474473,-10.30143133352743,-7.171008092574929,142.2268496312846,-62.230635013015515
0.17735,66.28197432401346,-125.82333053776364,-55.980437550763035,132.99448696880276,-10.30153677325043,-7.171156431039096,142.21396073488884,-62.22036456323716
0.1774,66.2973661956799,-125.80078746188434,-55.995721376090195,132.97210213857917,-10.301644819589743,-7.171314676694831,142.20119159315885,-62.21064426312297
0.17745,66.31167489167923,-125.77895745958693,-56.00991976497424,132.95044042587145,-10.301755126704988,-7.171482966284503,142.18855216423134,-62.201442322284485
0.17750000000000002,66.32495936562869,-125.75783114501164,-56.02309226061636,132.92949219053025,-10.301867105012358,-7.171661045518608,142.1760610269871,-62.192736125046096
0.17755,66.33726260247124,-125.73742060151255,-56.03528188551864,132.9092701243788,-10.301980716952576,-7.171849522866226,142.16374836473221,-62.18451277913453
0.1776,66.34866521370591,-125.71767069951478,-56.04656931004402,132.88971973161387,-10.302095903661902,-7.172049032099084,142.15160252966572,-62.176733334334614
0.17765,66.3592768003936,-125.69846283652662,-56.057065362993505,132.8707209943938,-10.302211437400095,-7.172258157867182,142.13956935680125,-62.169336542532676
0.1777,66.36918081511082,-125.67970823276673,-56.066855390200885,132.85218224154266,-10.302325424909947,-7.172474008775897,142.1276089419021,-62.16227605680338
0.17775000000000002,66.37840423822234,-125.66141466437507,-56.0759670424627,132.8341103574066,-10.302437195759683,-7.172695693031522,142.11574045356437,-62.155543818994865
0.1778,66.38694758685097,-125.64364359377718,-56.084400426037355,132.81656802577533,-10.302547160813637,-7.172924431998111,142.10401818885842,-62.14915131712611
0.17785,66.39483365054674,-125.6264146425533,-56.092178382223175,132.79957526070046,-10.302655268323587,-7.173160618147143,142.09246986179986,-62.14309422739847
0.1779,66.40209688537004,-125.60972111421982,-56.099335741176105,132.78312507323145,-10.302761144193932,-7.173403959011637,142.08110539113267,-62.13735910773021
0.17795,66.40874797507698,-125.59361025171442,-56.10588310247355,132.76726547092858,-10.30286487260347,-7.173655219214113,142.06997129469983,-62.13195115454435
0.17800000000000002,66.41479318827132,-125.57814604822258,-56.111826337397375,132.7520621370987,-10.302966850873915,-7.173916088876099,142.0591268421342,-62.12688030260716
0.17805,66.42028240973282,-125.5632830575473,-56.117215170422504,132.73747096500566,-10.303067239310254,-7.1741879074583785,142.0485549647669,-62.1221203027263
0.1781,66.42529622381856,-125.54887659284717,-56.12213068623324,132.72334694608546,-10.303165537585356,-7.174470353238318,142.03816526605803,-62.117615224536195
0.17815,66.42988334129657,-125.53484901179677,-56.126622470447096,132.70961089781034,-10.303260870849474,-7.174761886013576,142.02791175382706,-62.113333122717364
0.1782,66.43405749533608,-125.52121896786373,-56.13070485209032,132.69628052221344,-10.303352643245786,-7.175061554349665,142.01781721485517,-62.10927268127572
0.17825000000000002,66.4378419075685,-125.50797400641008,-56.134401401160495,132.683343070651,-10.303440506408004,-7.175369064240914,142.00788138877635,-62.10542332953747
0.17830000000000001,66.44126731644374,-125.49506853011897,-56.137743330808725,132.67075210840008,-10.30352398563503,-7.175683578281153,141.998078254582,-62.10176555464848
0.17835,66.44434357204378,-125.4825289410528,-56.14074102094059,132.65853277187983,-10.303602551103207,-7.176003830826992,141.98843566347912,-62.09830087938022
0.1784,66.44706371649974,-125.47046136241669,-56.14338779109831,132.64679070908588,-10.303675925401446,-7.1763293466692,141.9790440559531,-62.09505187908725
0.17845,66.44943377503557,-125.45893741748799,-56.14568965500433,132.63559834717344,-10.303744120031247,-7.176660929685422,141.969969454628,-62.0920299942468
0.17850000000000002,66.45148480108264,-125.44791460409543,-56.14767762973361,132.62491438999047,-10.303807171349069,-7.17699978589505,141.96118874813968,-62.08921618362763
0.17855000000000001,66.45325186625605,-125.4373089453218,-56.149386952198526,132.61465529424677,-10.303864914057543,-7.1773463489249405,141.95264407204317,-62.08658212682804
0.1786,66.45475789587033,-125.42708343275751,-56.15084082667946,132.60478390019773,-10.303917069190883,-7.177700467440212,141.9443133959464,-62.08411269866029
0.17865,66.45602095551756,-125.41722001819919,-56.15205753505642,132.5952824493807,-10.303963420461146,-7.178062431181528,141.9361891778611,-62.08179808424166
0.1787,66.45706262426629,-125.40765650507299,-56.15305890798332,132.5860888903508,-10.304003716282951,-7.178432385277754,141.92822651868806,-62.07961886600308
0.17875000000000002,66.45790249391554,-125.39831068072654,-56.15386489179857,132.57712013767568,-10.30403760211698,-7.178809456949109,141.9203619128376,-62.07755254302236
0.17880000000000001,66.4585485062543,-125.38919585649143,-56.15448374249886,132.5683885469261,-10.304064763755445,-7.179192690434624,141.9126108106525,-62.07559882209188
0.17885,66.45900372802616,-125.38043059878656,-56.15491878798426,132.56001178195365,-10.304084940041896,-7.179581183167082,141.90507937934754,-62.07377905266689
0.1789,66.45927944330279,-125.37208362078285,-56.155181536765475,132.55205735039618,-10.304097906537342,-7.179973729613294,141.89783358296762,-62.07210223357716
0.17895,66.45939213372439,-125.36412090695694,-56.1552886191949,132.5444908977374,-10.304103514529505,-7.180369990780451,141.89085105657188,-62.07055608320983
0.17900000000000002,66.45935628405073,-125.3565210339019,-56.15525465771293,132.53729130774917,-10.304101626337825,-7.180770273847272,141.88411963082225,-62.06913140928989
0.17905000000000001,66.45918632113388,-125.34931613340656,-56.1550942264041,132.53049046179052,-10.3040920947298,-7.1811743283839675,141.8776744296998,-62.067829167601715
0.1791,66.4588960237477,-125.34248230692893,-56.15482124782007,132.5240643333998,-10.304074775927639,-7.181582026470894,141.87150077291105,-62.06663994514928
0.17915,66.45849171840113,-125.33589746079205,-56.154442229971735,132.51789134005347,-10.304049488429417,-7.1819938792613955,141.86549373891796,-62.06553840609325
0.1792,66.45797555087388,-125.3294745218061,-56.15395954086529,132.51188499033702,-10.304016010008601,-7.182410468530893,141.8595773933949,-62.064507324354764
0.17925000000000002,66.45735586595633,-125.32323929597287,-56.15338175262487,132.5060713259077,-10.303974113331465,-7.182832029934815,141.85377843515496,-62.06354861618057
0.17930000000000001,66.45664608355837,-125.3172484275733,-56.1527224421419,132.50050646215644,-10.303923641416466,-7.1832580345831225,141.84815318548723,-62.062668223311675
0.17935,66.45585781639882,-125.31152206434295,-56.151993280695606,132.49520947211408,-10.303864535703207,-7.1836874077711625,141.8427248758135,-62.061865827179986
0.1794,66.45500107637775,-125.30606283120034,-56.15120434039557,132.4901822655783,-10.303796735982198,-7.1841194343779815,141.8375005078632,-62.061138363917706
0.17945,66.45409228855752,-125.30090883935922,-56.15037213311528,132.48546258356134,-10.303720155442225,-7.184553744202128,141.83252143942704,-62.060487196617885
0.17950000000000002,66.4531542174411,-125.29611907985311,-56.14951939207956,132.48110851657046,-10.30363482536154,-7.184989436717308,141.82785044524837,-62.05991537831127
0.17955000000000002,66.45219637072863,-125.29167465553184,-56.1486554410621,132.477099769801,-10.303540929666541,-7.18542511426912,141.82347527994622,-62.059415950142785
0.1796,66.45120732166546,-125.28747209297205,-56.14776875417341,132.47333215375517,-10.303438567492064,-7.185860060783098,141.81929917311754,-62.05897341256988
0.17965,66.45017682690333,-125.28343645993547,-56.14684929615771,132.46973136384335,-10.303327530745625,-7.1862949039078385,141.8152511246143,-62.05857724313854
0.1797,66.44911262552455,-125.27957432440463,-56.145905163105354,132.46630497304932,-10.30320746241922,-7.186730648644654,141.81134056070294,-62.05822592802674
0.17975000000000002,66.4480253677011,-125.27590062194507,-56.14494708610727,132.46306775575994,-10.303078281593857,-7.187167133814797,141.8075856641883,-62.05791849819113
0.17980000000000002,66.44691099443762,-125.27238076059083,-56.143970916017125,132.45998442319177,-10.30294007842051,-7.187603662600897,141.80395397212718,-62.05764985765284
0.17985,66.44577420264817,-125.26901231591181,-56.142981676867294,132.4570531939365,-10.302792525780895,-7.188040878024677,141.800445542295,-62.05741787448101
0.1799,66.44465113225505,-125.2658808227936,-56.14201593002938,132.45436037112316,-10.302635202225664,-7.188479548329594,141.79715287126683,-62.05722584684327
0.17995,66.44357603568851,-125.26305221896537,-56.141107656941465,132.45197068370868,-10.30246837874704,-7.188918464743291,141.7941502588226,-62.05707403651421
0.18000000000000002,66.4425492832248,-125.26049704720022,-56.14025658568278,132.44985271143486,-10.302292697542068,-7.189355664234575,141.79141185475729,-62.05695673702822
0.18005000000000002,66.44155716443672,-125.25815669302368,-56.13944861135694,132.4479467440139,-10.302108553079767,-7.189790050990244,141.7888794531122,-62.05686774641877
0.1801,66.44059960831828,-125.25601143585628,-56.13868356038562,132.44623276501162,-10.301916047932652,-7.190221329155352,141.78653559887914,-62.05680335766787
0.18015,66.4396802947225,-125.2540520402534,-56.13796508284084,132.44470142494626,-10.301715211881696,-7.1906493846927875,141.7843738575145,-62.056760509732314
0.1802,66.43878365980706,-125.25223113862421,-56.13727725791786,132.4433045782463,-10.301506401889203,-7.1910734396221,141.7823450906282,-62.05673579022914
0.18025000000000002,66.43789044882038,-125.25050037372937,-56.13660046613074,132.44199316640345,-10.301289982689646,-7.191492792674083,141.78039755607628,-62.05672691667404
0.18030000000000002,66.43700946935039,-125.24886956564397,-56.13594403235322,132.44077802172845,-10.301065436997188,-7.191908456084453,141.7785440562226,-62.05673260500389
0.18035,66.43617760621483,-125.24739682209146,-56.135345782359444,132.43971887054926,-10.300831823855392,-7.192322048457787,141.77685320825458,-62.05675069151677
0.1804,66.43542955119698,-125.24612892897572,-56.134840488890084,132.43886243874041,-10.300589062306873,-7.192733509764729,141.77538259989166,-62.05677765118044
0.18045,66.4347689913406,-125.24505611160275,-56.13443116003383,132.43819764643902,-10.300337831306818,-7.193141534836225,141.77412532380976,-62.0568103167182
0.18050000000000002,66.43419116601203,-125.2441561495336,-56.134112729860824,132.4377016919282,-10.300078436151217,-7.1935455423945855,141.77305951939877,-62.05684617974025
0.18055000000000002,66.43371469042111,-125.2434439628408,-56.13390397019357,132.43738965945545,-10.299810720227546,-7.193945696614609,141.77220709025278,-62.05688141965629
0.1806,66.43334386069394,-125.24291169560998,-56.13380870178527,132.4372529167727,-10.299535158908709,-7.194341221162672,141.77156310948806,-62.05691301473486
0.18065,66.43303874212222,-125.242490901665,-56.133785598458864,132.43722105460307,-10.299253143663362,-7.194730152938049,141.7710483976399,-62.05694226023179
0.1807,66.43276307066874,-125.24212543210162,-56.133797385122996,132.43723668069035,-10.298965685545742,-7.195111248588726,141.77059635888494,-62.056971469828106
0.18075000000000002,66.43253025377365,-125.24182859623177,-56.133857794080335,132.4373137006441,-10.298672459693318,-7.195485104412322,141.7702250334902,-62.05699837716939
0.18080000000000002,66.43237554084264,-125.24163882633881,-56.13400271613733,132.43749146110852,-10.298372824705337,-7.19585263476966,141.76998489069064,-62.05701767545115
0.18085,66.43230619551397,-125.24155697106976,-56.13423924860366,132.43777066418102,-10.29806694691032,-7.196213693111268,141.76988008386067,-62.057026931970384
0.1809,66.43232333072095,-125.24157644044732,-56.134568266790595,132.43814450146044,-10.29775506393038,-7.196568061013095,141.76990531281967,-62.05702450131982
0.18095,66.4324616308658,-125.24172772636103,-56.135024891516615,132.43864400122416,-10.297436739349205,-7.196916274863117,141.7701037674037,-62.05700377475307
0.18100000000000002,66.4327543131667,-125.24203600350627,-56.135642935934015,132.43929497658877,-10.297111377232708,-7.197258973082488,141.77051325271108,-62.056957660553266
0.18105000000000002,66.43318961599361,-125.24247751044417,-56.13641054303321,132.4400735239328,-10.296779072960396,-7.197596013488615,141.77110726628567,-62.05688585842196
0.1811,66.43372513962059,-125.2430005501019,-56.13728396626086,132.44092658617652,-10.296441173359742,-7.197926036074631,141.7718202701774,-62.05679371630905
0.18115,66.43433290141684,-125.24357214022987,-56.13823370339229,132.44181979856944,-10.296099198024523,-7.1982476583395885,141.77261001512684,-62.05668497900399
0.1812,66.4350186317526,-125.24419309784143,-56.1392653046724,132.44275395684338,-10.295753327080215,-7.198560859001916,141.77347990837606,-62.05655775583913
0.18125000000000002,66.43578853415313,-125.24486427895724,-56.14038496981517,132.44373005212518,-10.295403564337986,-7.198865773167922,141.77443361343092,-62.05640999472885
0.18130000000000002,66.43663065917283,-125.24557090575352,-56.141579619253996,132.44473248203147,-10.295051039918857,-7.199161576277924,141.77545247627134,-62.056243163860216
0.18135,66.43755001707108,-125.2463132354131,-56.142853456053246,132.44576103341413,-10.294696561017831,-7.199447798001027,141.7765390723516,-62.0560555238725
0.1814,66.43859554288102,-125.24712533482202,-56.1442560844912,132.4468505079305,-10.29433945838987,-7.199725173108445,141.77774642851094,-62.05583605693928
0.18145,66.43981788370762,-125.24803832455652,-56.14583919395515,132.44803296265803,-10.293978689752455,-7.199994638101502,141.77912577163752,-62.055572576892985
0.18150000000000002,66.44120252520136,-125.2490323993142,-56.147588391854896,132.44928876315657,-10.293614133346493,-7.200256363842356,141.78065280551957,-62.055266516878575
0.18155000000000002,66.44270415680035,-125.25006809649447,-56.149457716546614,132.4505780636171,-10.293246440253736,-7.200509967122597,141.78227143703333,-62.054926581379156
0.1816,66.44432204947948,-125.25113950514404,-56.15144597176917,132.45189473552637,-10.292876077710318,-7.20075523038231,141.78397610432566,-62.05455191306889
0.18165,66.44606292225077,-125.2522456793943,-56.15355979728295,132.45323788902462,-10.292503124967817,-7.20099220963029,141.78576912228908,-62.054139936209744
0.1817,66.44788782198098,-125.25335747723797,-56.15575969751644,132.45457815133938,-10.292128124464545,-7.201220674101388,141.78760649409148,-62.05369903937818
0.18175,66.44975713525466,-125.25444851495314,-56.15800464909448,132.45588843296778,-10.291752486160174,-7.201439918014625,141.7894463495763,-62.05323836830716
0.18180000000000002,66.45169003126902,-125.2555282954506,-56.160312526057524,132.45717769039115,-10.291377505211447,-7.201649394940541,141.79130606840565,-62.0527528807831
0.18185,66.45374553562125,-125.25662620640185,-56.16274204274927,132.45847537335595,-10.291003492871987,-7.201849166954062,141.79323927579682,-62.05222707395357
0.1819,66.45595185981428,-125.25775169598477,-56.16532168070785,132.4597912976698,-10.290630179106453,-7.202039601685025,141.79526754277427,-62.051652669563275
0.18195,66.45829700848505,-125.25889276390329,-56.16803952379687,132.46111370575244,-10.290257484688167,-7.202220941849162,141.79737465026295,-62.05103167985043
0.182,66.46077915894655,-125.2600430902338,-56.17089336603322,132.46243628869752,-10.289885792913346,-7.202393198463694,141.79955416496023,-62.05036356162408
0.18205000000000002,66.4634133628546,-125.26120402212213,-56.173898206752106,132.46376056560675,-10.289515156102544,-7.202556543484625,141.80181433576013,-62.049643200911575
0.1821,66.46619256005354,-125.2623667395347,-56.17704774625646,132.46507822108822,-10.289144813797096,-7.202711481553497,141.8041440671598,-62.048871450936836
0.18215,66.46906286188187,-125.26350442556654,-56.180288158275594,132.4663626056972,-10.28877470360629,-7.202858180130635,141.80649441654896,-62.04806246982807
0.1822,66.47196943652897,-125.26459349400162,-56.183563486588675,132.4675898429483,-10.288405949940294,-7.2029963489467015,141.80881885125592,-62.04723136219522
0.18225,66.47492539636468,-125.26563790105202,-56.18688606883041,132.46876378593552,-10.288039327534296,-7.203125884883486,141.81112701480703,-62.0463741982729
0.18230000000000002,66.47797782168523,-125.26665202861176,-56.190302542297175,132.46989886363136,-10.287675279388115,-7.203246835019589,141.81345368376645,-62.045476900819324
0.18235,66.4811333258395,-125.26763469542439,-56.19381871319324,132.4709938469615,-10.28731461264626,-7.2033591515370725,141.81580091962368,-62.04453688831721
0.1824,66.4843778047565,-125.26857829954878,-56.19741982961806,132.47204117332657,-10.286957975138428,-7.203462873777763,141.81815540076587,-62.04355775670926
0.18245,66.48774110656275,-125.26948800099957,-56.2011352906888,132.47304612635216,-10.286605815873953,-7.203558125352586,141.8205356832567,-62.04252983401084
0.1825,66.49127441179026,-125.27037249438351,-56.20501587066842,132.47401755313152,-10.286258541121843,-7.20364505874801,141.8229734485411,-62.04143650660604
0.18255000000000002,66.49495968435026,-125.27122147575322,-56.20904363954459,132.47494543585458,-10.28591604480567,-7.203723960101344,141.82545114841196,-62.04028226340521
0.1826,66.49872467364303,-125.27201432700035,-56.21314678351729,132.4758094974927,-10.285577890125763,-7.203795170492315,141.82791670459366,-62.03908898390514
0.18265,66.50253935932554,-125.27274276320406,-56.21729536686396,132.4766016933783,-10.285243992461579,-7.203858930174264,141.8303487292284,-62.03786581216934
0.1827,66.50641522484807,-125.27340734708999,-56.22150065194128,132.47732276191965,-10.28491457290678,-7.203915414829709,141.83275310875777,-62.0366087581315
0.18275,66.51034994694051,-125.27400583560228,-56.22576015649858,132.47797065127136,-10.284589790441931,-7.2039648156690825,141.83512677811166,-62.03531822680735
0.18280000000000002,66.51432277331196,-125.27453363512316,-56.23005291002193,132.4785409538824,-10.284269863290024,-7.204007318759218,141.8374559539543,-62.034000752909236
0.18285,66.51833317879442,-125.27498960498204,-56.23437792782182,132.47903269412294,-10.283955250972618,-7.204043089140875,141.83973938714587,-62.03265630780256
0.1829,66.52242906159792,-125.27537716977096,-56.23878239855874,132.4794494584331,-10.283646663039205,-7.204072288662164,141.84200257076077,-62.03126845199091
0.18295,66.52665830147811,-125.27569697360335,-56.243313358261354,132.4797920775132,-10.283344943216772,-7.20409510390985,141.8442685376597,-62.029820227804365
0.183,66.53100852548455,-125.27594348256186,-56.24795783464214,132.4800552605203,-10.283050690842416,-7.204111777958378,141.84652660838802,-62.028315003721595
0.18305000000000002,66.53543399747133,-125.27611056524879,-56.25266982187109,132.48023316052485,-10.282764175600265,-7.204122595276057,141.84874992606845,-62.02676793600022
0.1831,66.53991700547415,-125.27619516258589,-56.25743163909533,132.48032301917704,-10.282485366378845,-7.204127856591121,141.85092748907107,-62.02518476406833
0.18315,66.5444670453884,-125.27619516258514,-56.26225300600853,132.48032301917635,-10.282214039379886,-7.204127856591243,141.85306189423233,-62.02356170061278
0.1832,66.54905863672984,-125.27610851620956,-56.26710828730066,132.48023139679626,-10.281950349429213,-7.204122880586659,141.85513938662928,-62.02190744652859
0.18325,66.55363680218969,-125.27593566861475,-56.271942530813384,132.48004888103304,-10.281694271376317,-7.20411321241823,141.85713457293812,-62.02024169526412
0.18330000000000002,66.5582037039601,-125.27567688143596,-56.276758771414364,132.47977596486786,-10.281444932545734,-7.204099083431901,141.85904870116602,-62.018563722779184
0.18335,66.56281637899211,-125.27532808326109,-56.28161423625413,132.47940880757565,-10.281202142737978,-7.204080724314601,141.86090494097422,-62.016852411930905
0.1834,66.56750265805893,-125.27488465339665,-56.28653573234617,132.47894312076667,-10.280966925712782,-7.2040584673699675,141.86271227864114,-62.01509696020479
0.18345,66.57224384033238,-125.2743455966284,-56.29150392460711,132.47837825371258,-10.280739915725263,-7.2040326570841735,141.86446106971314,-62.01330384843023
0.1835,66.57703003631168,-125.2737097390035,-56.29650884365427,132.47771333820282,-10.280521192657421,-7.204003599199354,141.8661456452104,-62.01147638022385
0.18355000000000002,66.58188063754808,-125.27297194125036,-56.301569479025574,132.47694359333545,-10.280311158522524,-7.203971652085071,141.86777057607551,-62.009606664681506
0.1836,66.58678984045017,-125.27213017387551,-56.306679345050995,132.47606741881262,-10.280110495399182,-7.20393724493709,141.8693313565574,-62.00769638584549
0.18365,66.59170782529043,-125.27119105634465,-56.31178807151206,132.47509187807063,-10.27991975377837,-7.20390082172597,141.87081045713404,-62.005764563250374
0.1837,66.59659467336674,-125.27016195817427,-56.31685581972897,132.47402468499737,-10.279738853637783,-7.203862726823076,141.87219565198782,-62.003826826126904
0.18375,66.60145047725247,-125.26904331987275,-56.32188355954562,132.4728664375759,-10.279566917706873,-7.20382311770308,141.8734873750204,-62.00188322130181
0.18380000000000002,66.60630095046787,-125.26782909942189,-56.326897749040825,132.4716112339783,-10.27940320142706,-7.203782134556401,141.8746923647282,-61.9999234307229
0.18385,66.6111578055824,-125.2665154236358,-56.33190995029339,132.4702555403732,-10.279247855289011,-7.2037401167373725,141.8758127045628,-61.99794254051198
0.1839,66.6160072495191,-125.26510504144032,-56.3369061988629,132.46880246242884,-10.279101050656221,-7.20369742098851,141.87684435069403,-61.99594598689142
0.18395,66.62085971722247,-125.26359391715171,-56.34189748973025,132.4672481067232,-10.278962227492247,-7.20365418957145,141.87778864396964,-61.99392928061034
0.184,66.62574966309566,-125.26196929792128,-56.346918560439995,132.46557992301655,-10.278831102655666,-7.203610625095308,141.87865051008507,-61.991877715530165
0.18405000000000002,66.63067182507346,-125.26023018745838,-56.351963275323364,132.4637975118573,-10.278708549750096,-7.203567324398909,141.87942660750957,-61.98979297584727
0.1841,66.63557706692241,-125.25839223567273,-56.356981271207914,132.46191731210763,-10.278595795714505,-7.203525076434879,141.8801076842959,-61.987695544704586
0.18415,66.64043309605596,-125.25646747763504,-56.36194006454399,132.45995182197822,-10.278493031511976,-7.203484344343165,141.8806892011938,-61.98559921358874
0.1842,66.64525006813476,-125.25445222757911,-56.36685051444738,132.45789746412007,-10.27839955368739,-7.203445236540942,141.881172674443,-61.98349965837157
0.18425,66.65003155199574,-125.25234495825599,-56.371716233575725,132.45575307109223,-10.278315318420029,-7.203408112836221,141.88155843316628,-61.98139531272731
0.18430000000000002,66.6547530335684,-125.25015683765055,-56.37651229912676,132.45353038533236,-10.278240734441681,-7.203373547681724,141.88184482104134,-61.979297030089974
0.18435,66.65941308566954,-125.24788941809437,-56.38123791749236,132.4512310635082,-10.278175168177173,-7.203341645413831,141.8820325362346,-61.97720560929645
0.1844,66.66404481230964,-125.2455266827813,-56.385927377653815,132.44883887718473,-10.278117434655858,-7.203312194403375,141.88212299223926,-61.97510620616036
0.18445,66.66867092882303,-125.24305572524003,-56.3906040028094,132.4463409413541,-10.278066926013638,-7.203285216114079,141.8821154720047,-61.97298827003484
0.1845,66.67327997960086,-125.24048095499722,-56.39525627251862,132.44374202756768,-10.278023707082244,-7.203261072570431,141.88200848972102,-61.97085671679162
0.18455000000000002,66.67784580315772,-125.23781608027022,-56.39985750954477,132.44105648352254,-10.277988293612935,-7.203240403252324,141.88180185459046,-61.96872346885452
0.18460000000000001,66.68235970935409,-125.23506603811704,-56.40439885742683,132.438289722858,-10.277960851927297,-7.203223684740879,141.88149584064593,-61.9665925563305
0.18465,66.68682150217877,-125.23223095423702,-56.40888051313437,132.43544201783178,-10.2779409890444,-7.203211063594742,141.8810904660618,-61.96446406847941
0.1847,66.69121388584442,-125.22932220886061,-56.41328494450416,132.4325252941672,-10.277928941340297,-7.203203085306532,141.88058764488565,-61.96234632591681
0.18475,66.69551289930648,-125.22635711667547,-56.41758734103316,132.42955786863146,-10.277925558273337,-7.2032007519559516,141.87999139277778,-61.960251151800385
0.18480000000000002,66.69971632668494,-125.22333935282113,-56.42178559866266,132.42654381629146,-10.277930728022255,-7.203204463470357,141.8793039055804,-61.958180029792544
0.18485000000000001,66.70385316769173,-125.2202494671779,-56.42590989837454,132.42346329798121,-10.277943269317214,-7.203213830803313,141.8785216445366,-61.95611892726692
0.1849,66.7079441162375,-125.21707187283027,-56.42998170467659,132.42030057213773,-10.277962411560914,-7.203228699307412,141.87764058025707,-61.954057505001245
0.18495,66.71197322833734,-125.21381859201578,-56.43398511812073,132.41706804153853,-10.277988110216633,-7.20324944952269,141.87666382605929,-61.95200372423148
0.185,66.71593101638402,-125.21049761352602,-56.43791092983666,132.41377389437622,-10.278020086547354,-7.2032762808502016,141.87559396883495,-61.94996247953347
0.18505000000000002,66.71983172784519,-125.20709707356488,-56.44177413774832,132.4104060490453,-10.278057590096884,-7.203308975480391,141.87442723542912,-61.94792643614125
0.18510000000000001,66.72367133834302,-125.20362014504327,-56.445571247692484,132.4069676065595,-10.278100090650558,-7.203347461516196,141.8731645318857,-61.94589762694505
0.18515,66.72741819009212,-125.20009629164801,-56.44927038541713,132.40348862743144,-10.278147804674974,-7.20339233578346,141.8718169678297,-61.94389292735307
0.1852,66.73104983182641,-125.19654930966229,-56.45284860501966,132.39999382221666,-10.278201226806713,-7.203444512554361,141.87039497620495,-61.94192485636188
0.18525,66.73457578126092,-125.19297310698153,-56.45631547356899,132.39647754246553,-10.27826030769189,-7.203504435483978,141.86889764874562,-61.93998886257875
0.18530000000000002,66.73801208545994,-125.18935370794767,-56.459687448711726,132.3929259001003,-10.278324636748177,-7.2035721921526195,141.8673201936677,-61.938076569684675
0.18535000000000001,66.74135664039294,-125.18569511411388,-56.46296271275664,132.38934310326223,-10.278393927636307,-7.2036479891483225,141.86566514630664,-61.936189485390095
0.1854,66.74460664490462,-125.18200239166926,-56.466138656943635,132.38573452969223,-10.278467987961001,-7.203732138022945,141.8639356530437,-61.93432956843831
0.18545,66.74777281435757,-125.17826504325667,-56.469226270392994,132.38208990883595,-10.27854654396462,-7.203824865579243,141.8621274862213,-61.932491003272794
0.1855,66.7508683868699,-125.1744680338377,-56.47223953754478,132.37839385464503,-10.278628849325136,-7.203925820807303,141.86023360320354,-61.93066621246305
0.18555000000000002,66.75388918432812,-125.17061659061584,-56.475175234212095,132.3746509128599,-10.278713950116071,-7.204034322244024,141.85825664693795,-61.92885767573617
0.18560000000000001,66.75681078619242,-125.16674329675187,-56.47800918807578,132.37089381773876,-10.278801598116674,-7.204150520986868,141.85621387115364,-61.927080286811155
0.18565,66.75961858733325,-125.16287101289251,-56.48072671268706,132.36714603569786,-10.278891874646177,-7.2042750228053345,141.85411856592737,-61.925343595059196
0.1857,66.76231964741032,-125.15899406974637,-56.48333527811813,132.36340185393934,-10.278984369292228,-7.204407784192962,141.85196904256844,-61.92364400669215
0.18575,66.76491823776432,-125.15510996422864,-56.485839581123734,132.3596586794496,-10.27907865664059,-7.204548715220936,141.8497650948126,-61.921979523352555
0.18580000000000002,66.767405361145,-125.15123627336446,-56.488230614006234,132.3559346493894,-10.279174747138748,-7.2046983760249015,141.84751798819377,-61.92035669307294
0.18585000000000002,66.76977838323401,-125.14738224059245,-56.490505744798334,132.35223960218605,-10.279272638435675,-7.204857361593571,141.84523462922235,-61.91877821271777
0.1859,66.77205685607926,-125.1435204123083,-56.49268481309426,132.34854625662132,-10.27937204298503,-7.205025844312972,141.8428999914247,-61.91723189484678
0.18595,66.77425791948032,-125.13962361510987,-56.49478537549855,132.34482738796467,-10.279472543981765,-7.205203772854803,141.84049816335477,-61.91570646360046
0.186,66.7763719051682,-125.135710351442,-56.49679825000129,132.3411012943096,-10.279573655166958,-7.2053909428675835,141.8380409127866,-61.914208882245525
0.18605000000000002,66.77838602770208,-125.13180760883199,-56.49871112757956,132.33739473291274,-10.279674900122558,-7.205587124080721,141.83554602397294,-61.91274883978752
0.18610000000000002,66.78030258710092,-125.12791542699371,-56.50052668224508,132.33370767322637,-10.279775904855807,-7.205792246232649,141.83301460777616,-61.91132552490017
0.18615,66.78212393567877,-125.12403346287081,-56.50224770381016,132.33003954289055,-10.27987623186859,-7.206006080019756,141.8304474623766,-61.90993803485593
0.1862,66.78384286606303,-125.1201824638049,-56.50386748746783,132.32641066681228,-10.279975378595223,-7.206228203007362,141.82785949077433,-61.90859288588855
0.18625,66.78545062926591,-125.11638983798522,-56.50537762134661,132.3228483432496,-10.28007300791935,-7.206458505264355,141.82527074483167,-61.907298411883616
0.18630000000000002,66.78695089210146,-125.11265629034682,-56.50678196015833,132.3193535117247,-10.28016893194316,-7.206697221377864,141.82268356469086,-61.90605344287058
0.18635000000000002,66.78835779682366,-125.10895469162435,-56.50809482288015,132.31589933967066,-10.280262973943515,-7.206944648046294,141.82008066993703,-61.9048477797065
0.1864,66.7896795657001,-125.10526916115758,-56.5093246965118,132.31247004365636,-10.280354869188326,-7.207200882498768,141.8174519175076,-61.90367547210118
0.18645,66.79091448025859,-125.10160996744297,-56.510470178328966,132.30907584942975,-10.280444301929647,-7.207465881986759,141.8148055513085,-61.902539087644186
0.1865,66.79206076342163,-125.09798931542393,-56.511529724950705,132.305729163602,-10.280531038470958,-7.207739848178052,141.8121514955137,-61.901441583788916
0.18655000000000002,66.7931238266579,-125.09439736331879,-56.51250904399487,132.30242017220567,-10.280614782663017,-7.2080228088868346,141.80948361169345,-61.90037916092493
0.18660000000000002,66.79410755418444,-125.09082727864777,-56.5134124442756,132.2991416063363,-10.280695109908827,-7.2083143276885115,141.80679769748855,-61.899349136029706
0.18665,66.79500501828394,-125.08731262150987,-56.51423335509956,132.29592674783822,-10.280771663184407,-7.208614126328302,141.8041200891706,-61.89836036693168
0.1867,66.79581058068747,-125.08388971103456,-56.51496649847903,132.2928115526123,-10.280844082208473,-7.208921841577722,141.80148016284363,-61.89742177840586
0.18675,66.79652993435047,-125.08055189834593,-56.515617981419595,132.28978866118,-10.280911952930893,-7.209236762834022,141.79887472919307,-61.89653007934776
0.18680000000000002,66.79717127429197,-125.0772772382149,-56.516196275841196,132.2868359093475,-10.280974998450795,-7.209558671132565,141.79628828559785,-61.89567817480633
0.18685000000000002,66.79773719675534,-125.07406773243557,-56.51670417895829,132.28395544763174,-10.281033017797062,-7.209887715196138,141.79372381648162,-61.8948655229756
0.1869,66.79822839688886,-125.07093775604115,-56.51714266395129,132.28116137738832,-10.281085732937587,-7.210223621347202,141.79119432510063,-61.894094615103434
0.18695,66.79865003410838,-125.06787477435577,-56.51751715001801,132.2784409250402,-10.2811328840904,-7.210566150684455,141.7886911814663,-61.893361228703945
0.187,66.7990080885393,-125.06485264111576,-56.517833800214454,132.27576826132844,-10.281174288324854,-7.210915620212713,141.7861941366533,-61.89265825683559
0.18705000000000002,66.79930363689097,-125.06187885448996,-56.51809390102314,132.2731511453746,-10.281209735867861,-7.211272290884591,141.78371030900792,-61.8919867449752
0.18710000000000002,66.7995363421869,-125.05898318237598,-56.518297380461824,132.2706191456871,-10.281238961725094,-7.21163596331109,141.78126579397204,-61.89135248277649
0.18715,66.79970824367507,-125.0561834547385,-56.51844654579151,132.26818971764243,-10.281261697883556,-7.21200626290391,141.77887727621956,-61.890758140675345
0.1872,66.79982313922203,-125.05347872414379,-56.518545450822586,132.26586141624415,-10.281277688399474,-7.212382692100343,141.7765457064081,-61.89020218720904
0.18725,66.79988484721498,-125.05086285969482,-56.51859814573763,132.26362762531215,-10.281286701477372,-7.212764765617283,141.77426747317506,-61.88968209640649
0.18730000000000002,66.79989671124784,-125.04834776995483,-56.51860818243749,132.26149991702061,-10.281288528810329,-7.213152147065778,141.7720546533376,-61.88919894635537
0.18735000000000002,66.79986270919174,-125.04594518205619,-56.518579729259315,132.25948941326416,-10.281282979932456,-7.213544231207935,141.76991946263024,-61.88875355462933
0.1874,66.79978638916202,-125.04363467676275,-56.51851649131994,132.2575749539271,-10.281269897842105,-7.213940277164366,141.76784556031518,-61.88834077035667
0.18745,66.79966976132393,-125.0413890173225,-56.51842062583531,132.25572907189078,-10.281249135488604,-7.214340054568254,141.76580986825883,-61.88795469200737
0.1875,66.79951552523117,-125.03921284391481,-56.51829500710068,132.25395667124948,-10.281220518130512,-7.214743827334603,141.76381774991611,-61.887595242390724
0.18755000000000002,66.7993284875726,-125.03713154344003,-56.518144632532476,132.25228334694455,-10.281183855040135,-7.215151803504485,141.76189386080503,-61.887265544320044
0.18760000000000002,66.7991125603108,-125.03514912513128,-56.51797356041293,132.25071274164492,-10.28113899989786,-7.215563616513623,141.76004357924305,-61.886964968474686
0.18765,66.79886977236765,-125.03325315914276,-56.517783944292894,132.24923200207567,-10.281085828074774,-7.215978842932892,141.7582568968172,-61.8866904258256
0.1877,66.7986052708445,-125.03145726906274,-56.5175811386773,132.24785500965348,-10.281024132167211,-7.216397740590664,141.75654825423607,-61.88644267754997
0.18775,66.79832681609645,-125.029786025636,-56.51737307902243,132.24660626696254,-10.280953737074036,-7.216820241326514,141.75494297923566,-61.886223638288996
0.18780000000000002,66.79803849486595,-125.02823650308157,-56.51716384243735,132.24548176840565,-10.2808746524286,-7.2172452653240535,141.75344041621034,-61.88603129529619
0.18785000000000002,66.79774031769466,-125.02678667505215,-56.51695340264718,132.24445854618898,-10.28078691504751,-7.21767187113677,141.75202114198996,-61.885861450729394
0.1879,66.79743301099612,-125.02542334755023,-56.51674253722038,132.24352306825529,-10.280690473775726,-7.218099720705029,141.75067386115902,-61.88571133349802
0.18795,66.79712140047822,-125.02415314495704,-56.516536120101414,132.24268166032903,-10.28058528037682,-7.218528515371949,141.7494066901301,-61.88558048574963
0.188,66.79681020635962,-125.02298069855397,-56.516338888083624,132.24193857440338,-10.28047131827603,-7.218957875849332,141.74822593773592,-61.885468107550025
0.18805000000000002,66.79650026105922,-125.02189592942072,-56.51615166753225,132.24128332628126,-10.28034859352701,-7.2193873968605,141.74712310630008,-61.88537198296911
0.18810000000000002,66.79619423978603,-125.02089666505357,-56.51597715192786,132.24071347300605,-10.280217087858196,-7.2198168079524505,141.74609754012005,-61.885290744960045
0.18815,66.79590025895956,-125.01999766042678,-56.51582363985304,132.2402440272055,-10.280076619106532,-7.220246366778719,141.745166077782,-61.8852243108714
0.1882,66.79562864570951,-125.01921721929808,-56.51570169647174,132.23989364065065,-10.279926949237781,-7.220676421352582,141.7443497297214,-61.88517248584341
0.18825,66.79538406607531,-125.01855497878844,-56.515615937563,132.23966143397712,-10.279768128512321,-7.221106455188666,141.7436503746071,-61.88513353757226
0.1883,66.79516335421792,-125.01799037784556,-56.51556297878562,132.23952596062358,-10.279600375432285,-7.22153558277806,141.7430483855619,-61.885104678448286
0.18835000000000002,66.79496861324213,-125.01751865888626,-56.51554492471976,132.23948222845107,-10.279423688522389,-7.221963569564761,141.74254055740985,-61.88508425258573
0.1884,66.79480814115952,-125.01714983627255,-56.51557010628964,132.23954010476467,-10.279238034869906,-7.222390268492083,141.74213963320622,-61.88507120925287
0.18845,66.79468173470862,-125.01687367180635,-56.51563805364192,132.23968855165396,-10.279043681066716,-7.222814879847574,141.74183648702103,-61.88506367075326
0.1885,66.79458379973774,-125.01666995668825,-56.51574278027285,132.23990639414632,-10.278841019464874,-7.223236437458111,141.74161065840795,-61.88505978207248
0.18855,66.79451825851608,-125.01653996343089,-56.515888049176255,132.24019451782823,-10.278630209339836,-7.223654554397329,141.74146511806399,-61.88505838722657
0.18860000000000002,66.79449904072447,-125.01650357191997,-56.51608792654903,132.2405730129174,-10.278411114175443,-7.224069440997423,141.74142396437685,-61.88505830677083
0.18865,66.79453465763291,-125.01656804151162,-56.51635096405492,132.24104913288758,-10.278183693578008,-7.224481091375916,141.74149761099474,-61.885057889009005
0.1887,66.79462385791739,-125.01672254094106,-56.51667570511636,132.24161160091,-10.277948152801034,-7.224889059968929,141.74167591502265,-61.88505551684426
0.18875,66.79476983616307,-125.01696471260136,-56.51706527985806,132.24225788873431,-10.277704556305055,-7.22529317613289,141.74195830246532,-61.885049602230865
0.1888,66.79498094966623,-125.0173004466548,-56.51752813100741,132.24299396146313,-10.277452818658825,-7.225693514808309,141.74235390678197,-61.88503828759807
0.18885000000000002,66.79526013462146,-125.01772638401646,-56.51806715633263,132.24381632320012,-10.277192978288845,-7.226089939183654,141.74286114891487,-61.88501988632417
0.1889,66.79560225515537,-125.01822745687699,-56.51867699385664,132.24470949681051,-10.276925261298716,-7.226482039933539,141.74346431877677,-61.88499335937998
0.18895,66.7959999384001,-125.0187869397708,-56.519349781274606,132.24565601154885,-10.276650157125497,-7.226869071778023,141.74414519006612,-61.88495814955544
0.189,66.79645743413046,-125.01940551483749,-56.520089302325346,132.24665591002181,-10.276368131805125,-7.2272503951842975,141.74490636715305,-61.88491287183692
0.18905,66.79698729008001,-125.02009435305467,-56.520908021341576,132.24772028411968,-10.276079268738442,-7.2276259310649955,141.74576361598184,-61.88485518085864
0.18910000000000002,66.79759308014896,-125.02085189306658,-56.521809359300725,132.24884740653908,-10.27578372084823,-7.227995513472479,141.74671724371348,-61.884783505397785
0.18915,66.79827316945897,-125.02167020027576,-56.52279113004542,132.2500287073861,-10.275482039413586,-7.2283585071103,141.74775948172226,-61.884696917335184
0.1892,66.79903422604934,-125.02255155656177,-56.52385968921653,132.2512661729769,-10.27517453683284,-7.228714616415081,141.7488954851009,-61.8845934745964
0.18925,66.7998909830453,-125.02350669972785,-56.525029973438535,132.25257084744257,-10.274861009606791,-7.229064147714686,141.75014166780798,-61.884469970684634
0.1893,66.80084682819279,-125.0245326880323,-56.526305404478045,132.25393987393494,-10.274541423714739,-7.229407185902638,141.7514970320403,-61.88432463833425
0.18935000000000002,66.80188628619351,-125.02560704806562,-56.52767016257328,132.25535045671216,-10.274216123620239,-7.229743408646535,141.75293446391453,-61.8841587147109
0.1894,66.80300339227408,-125.02671889702819,-56.52911800264459,132.2567914832262,-10.273885389629523,-7.230072586197972,141.75444155434667,-61.88397225419849
0.18945,66.80420873421569,-125.02787412370625,-56.53065930342689,132.25826870037181,-10.273549430788819,-7.230394576665546,141.7560284873204,-61.88376260497735
0.1895,66.80550423585404,-125.02906969135994,-56.53229571105999,132.25977887679866,-10.273208524794063,-7.230709185438704,141.7576934917243,-61.883528503935516
0.18955,66.80688230847227,-125.03029413176846,-56.53401924371038,132.26131026418238,-10.272863064761914,-7.231016132413922,141.75942287712164,-61.88327047312057
0.18960000000000002,66.8083438195571,-125.03154416969463,-56.535830168811856,132.2628591577089,-10.272513650745248,-7.231314988014223,141.76121416441964,-61.8829875806722
0.18965,66.80990391861553,-125.0328283632042,-56.537743115381154,132.2644337971883,-10.272160803234403,-7.231605433984073,141.76308204224793,-61.88267605768506
0.1897,66.81157624520456,-125.03415280570388,-56.53977146770869,132.2660402035233,-10.271804777495884,-7.231887397819381,141.76503831413757,-61.882332204450826
0.18975,66.81335763155455,-125.03550972565097,-56.541911867979074,132.2676705920246,-10.27144576357552,-7.232160866373608,141.7670746342583,-61.881955671844786
0.1898,66.81523911828315,-125.03688758369718,-56.54415512021623,132.26931337966565,-10.271083998066912,-7.232425795968459,141.7691766042657,-61.88154745753401
0.18985000000000002,66.81721943785384,-125.03828119059989,-56.5464996132987,132.27096326577055,-10.270719824555163,-7.232682075170626,141.771339051678,-61.881107026885644
0.1899,66.81930376783647,-125.03968995178644,-56.548950326826485,132.27261965901246,-10.270353441009997,-7.232929707225996,141.77356389418054,-61.88063242322155
0.18995,66.82148926452928,-125.04110776468772,-56.55150447732222,132.2742766313325,-10.269984787207031,-7.233168866644751,141.77584441134482,-61.88012349997308
0.19,66.82375930783947,-125.04252029654158,-56.55414516340138,132.27591979522535,-10.269614144438176,-7.233399498683751,141.77816013104092,-61.879583453110314
0.19005,66.82611187980167,-125.04392331259626,-56.55686975582231,132.27754467513142,-10.269242123979348,-7.233621362535158,141.78050636945204,-61.879012197177104
0.19010000000000002,66.82856695385757,-125.04532535096186,-56.55969787060088,132.27915974878354,-10.268869083256702,-7.233834397821676,141.78290007343668,-61.87840424177268
0.19015,66.83113409962951,-125.04672783323961,-56.562638724540705,132.28076639519102,-10.268495375088802,-7.234038561951391,141.78534701034152,-61.8777564495754
0.1902,66.83380498151985,-125.04812221205493,-56.5656833620036,132.28235589938987,-10.268121619516275,-7.23423368733493,141.78783571614616,-61.87707016600386
0.19025,66.83657489213006,-125.04950242294,-56.568826611155714,132.28392214007582,-10.267748280974324,-7.234419717135808,141.79035862686922,-61.876345916161796
0.1903,66.83945434234826,-125.05087001934602,-56.572078694346104,132.28546671870922,-10.267375648002169,-7.23459669936321,141.79292207080798,-61.875580252741564
0.19035000000000002,66.84244848109839,-125.05222345539619,-56.57544432154125,132.2869880781242,-10.267004159557148,-7.234764622727998,141.79552711593774,-61.87477104931606
0.1904,66.84553854199976,-125.05355061868589,-56.578904458460656,132.28847418692374,-10.266634083539097,-7.234923568237838,141.79815423802316,-61.873922689212755
0.19045,66.84870870161734,-125.05484189530296,-56.582443335078196,132.28991565018677,-10.266265366539157,-7.235073754883819,141.80078750321843,-61.873038982247316
0.1905,66.85196385207102,-125.05609671860279,-56.58606565336234,132.2913120124895,-10.26589819870869,-7.235215293886689,141.80342872219677,-61.8721180793499
0.19055,66.85531197346933,-125.05731533513276,-56.58977901326832,132.29266356496467,-10.265532960201012,-7.235348229831875,141.8060818790955,-61.871157186233845
0.19060000000000002,66.85875306028694,-125.05849475205567,-56.59358320293019,132.29396743374303,-10.265169857356717,-7.235472681687309,141.8087443369638,-61.87015573724584
0.19065000000000001,66.8622805246432,-125.05962986715805,-56.59747133652446,132.29521860986185,-10.26480918811874,-7.235588742703806,141.81140849546148,-61.869115110195985
0.1907,66.8658959467725,-125.06071845070771,-56.60144454098342,132.29641491968647,-10.264451405789071,-7.235696468978737,141.8140731386409,-61.86803431954835
0.19075,66.86961298718265,-125.06176156113875,-56.60551597258146,132.2975574826668,-10.26409701460116,-7.2357959215280285,141.81674564673492,-61.86690870223619
0.1908,66.87343328718076,-125.0627562898905,-56.6096866958832,132.2986434545503,-10.263746591297556,-7.235887164659808,141.81942423532666,-61.86573712213888
0.19085000000000002,66.87733919493016,-125.06369498975818,-56.61393862448053,132.29966531299337,-10.263400570449612,-7.2359703232351915,141.82209384396,-61.86452441378415
0.19090000000000001,66.88131547729596,-125.06457159202034,-56.61825625705139,132.30061716855337,-10.263059220244543,-7.236045576532955,141.82474194395408,-61.863274849876134
0.19095,66.88536657919515,-125.06538485850548,-56.62264387365486,132.3014979910117,-10.262722705540297,-7.236113132506199,141.82736954565365,-61.861986612571314
0.191,66.88949864176953,-125.06613356689074,-56.627107496628334,132.30230677642788,-10.26239114514123,-7.236173209537072,141.82997847394128,-61.86065728294322
0.19105,66.89369680918759,-125.0668127087588,-56.63163199073598,132.3030387085006,-10.26206481845159,-7.236225999741791,141.83255731293596,-61.859291200373804
0.19110000000000002,66.89795125102727,-125.06741881976382,-56.63620742260765,132.30369054949767,-10.261743828419617,-7.236271729733877,141.83509837773946,-61.85789120756916
0.19115000000000001,66.902275483063,-125.06795183935387,-56.64084750057209,132.3042625013342,-10.261427982490927,-7.236310661980319,141.8376079962666,-61.85645247946518
0.1912,66.90667997552775,-125.06841056938802,-56.64556241507636,132.30475356197462,-10.26111756045138,-7.236342992586587,141.840090058138,-61.85497105955108
0.19125,66.91115808330481,-125.06879171252953,-56.65034479503534,132.3051606024955,-10.260813288269482,-7.236368889965987,141.84253852945912,-61.853448687695376
0.1913,66.9156962827253,-125.06909184933039,-56.65518076956328,132.30548043284875,-10.260515513162032,-7.236388583518357,141.84494402345888,-61.85188952992651
0.19135000000000002,66.92029072495266,-125.06930873493305,-56.660066377762355,132.30571106325527,-10.260224347190293,-7.236402328322183,141.84730275245346,-61.85029452966889
0.19140000000000001,66.92494512346659,-125.069440501867,-56.66500487101822,132.30585087296714,-10.259940252448366,-7.2364103711001615,141.84961482932925,-61.848662008739424
0.19145,66.9296508360378,-125.06948489787605,-56.66998710083835,132.30589787777583,-10.259663735199439,-7.236412979899788,141.85187419859486,-61.846994615855614
0.1915,66.93439308728654,-125.06944015714342,-56.67499812218937,132.30585060133396,-10.259394965097146,-7.236410444190509,141.85407233909314,-61.84529727601947
0.19155,66.93916716012114,-125.0693050022054,-56.680033204787215,132.30570805715828,-10.259133955333937,-7.236403054952899,141.85620590522404,-61.84357142472319
0.19160000000000002,66.94397967117384,-125.06907782242878,-56.68509911779347,132.30546891526902,-10.258880553380353,-7.236391092840248,141.85827660579866,-61.84181439777162
0.19165000000000001,66.94883875355187,-125.06875646382301,-56.69020410486596,132.3051312935947,-10.258634648685916,-7.236374829771678,141.8602863871921,-61.84002288757031
0.1917,66.95373655117687,-125.06833959980955,-56.69534000961024,132.30469416367882,-10.258396541566633,-7.236354563869281,141.86223038010394,-61.83819943772617
0.19175,66.95866127351061,-125.0678266875837,-56.70049485975453,132.30415728352938,-10.258166413756104,-7.23633059594569,141.8641025485172,-61.83634814167947
0.1918,66.96361765084794,-125.06721574760714,-56.70567355060354,132.3035189404313,-10.257944100244393,-7.2363031928240975,141.86590338678093,-61.83446693612941
0.19185000000000002,66.96860853368744,-125.06650471919683,-56.71087875267291,132.30277737893363,-10.257729781014525,-7.236272659736793,141.86763243113336,-61.832554411627584
0.19190000000000002,66.97361881758948,-125.06569420040886,-56.71609475843656,132.3019335803082,-10.25752405915292,-7.236239379899293,141.86928308606468,-61.830616058038636
0.19195,66.97863119133122,-125.06478598418902,-56.72130379924883,132.3009897290316,-10.25732739208239,-7.236203744842576,141.8708487658242,-61.82865837800019
0.192,66.98364611558934,-125.06377922851395,-56.72650636543142,132.29994530387967,-10.257139750157915,-7.236166075365686,141.8723289505638,-61.82668104407435
0.19205,66.98867174103856,-125.06267129043901,-56.73171079474791,132.29879794710658,-10.256960946290663,-7.236126656667531,141.8737251640663,-61.82468064770919
0.19210000000000002,66.99370143464624,-125.06146251311318,-56.736910247498365,132.29754837186772,-10.25679118714788,-7.236085858754601,141.87503458266835,-61.82265961274254
0.19215000000000002,66.99872642888606,-125.0601541063766,-56.74209577718317,132.29619816495241,-10.256630651702885,-7.2360440585757715,141.8762541379049,-61.82062128780014
0.1922,67.00374973994084,-125.05874441813539,-56.747270755728735,132.29474591437014,-10.256478984212112,-7.236001496234691,141.8773838025396,-61.81856428070242
0.19225,67.00877473255419,-125.05723142073136,-56.75243889945195,132.29318981496107,-10.256335833102241,-7.235958394229674,141.87842338346078,-61.81648700353839
0.1923,67.0137979938224,-125.05561496790578,-56.75759677709177,132.29153004346182,-10.256201216730632,-7.235915075556058,141.87937114520184,-61.8143906397148
0.19235000000000002,67.01880645830735,-125.05389833938607,-56.76273117873795,132.28977025055045,-10.256075279569396,-7.235871911164362,141.88022381210695,-61.81228046167015
0.19240000000000002,67.02378808057942,-125.05208517716045,-56.767829909590716,132.28791446428738,-10.255958170988686,-7.23582928712696,141.88097890776697,-61.810161447514766
0.19245,67.02874389008448,-125.05017476922949,-56.77289395171814,132.28596233391735,-10.255849938366362,-7.235787564687867,141.88163629341668,-61.80803309077815
0.1925,67.03367394736138,-125.04816664710032,-56.777923458788784,132.28391370367225,-10.255750488572604,-7.235747056571932,141.8821955873327,-61.80589527625891
0.19255,67.03856959375574,-125.04606399528198,-56.782909642341885,132.2817721666679,-10.25565995141386,-7.235708171385925,141.88265550760244,-61.80375168890884
0.19260000000000002,67.04342365736896,-125.04386982018511,-56.787845004784565,132.27954124218283,-10.255578652584406,-7.23567142199772,141.88301531652357,-61.80160545040909
0.19265000000000002,67.0482401170559,-125.04158224010664,-56.7927337209046,132.2772193438732,-10.255506396151315,-7.235637103766534,141.88327523673723,-61.79945478111652
0.1927,67.05302786184758,-125.03919656836305,-56.797585249627936,132.27480188941573,-10.255442612219637,-7.235605321052682,141.88343534008277,-61.79729561864478
0.19275,67.0577797433092,-125.03671576871615,-56.802392565816625,132.27229214913706,-10.255387177492558,-7.235576380420929,141.8834948622597,-61.79513106806034
0.1928,67.06248104896095,-125.03414735287878,-56.80714091902183,132.269698030295,-10.255340129939135,-7.2355506774161835,141.88345347045808,-61.79296779421439
0.19285000000000002,67.0671311098276,-125.03149180620787,-56.8118299465164,132.26702023064666,-10.255301163311197,-7.23552842443881,141.88331127581083,-61.79080612319767
0.19290000000000002,67.07173170296967,-125.0287481256142,-56.81646176780821,132.2642579263526,-10.255269935161467,-7.235509800738364,141.88306823399833,-61.78864522654359
0.19295,67.07627381383419,-125.02592180232364,-56.821027501511495,132.26141690377756,-10.255246312322676,-7.23549510145391,141.88272492191993,-61.786489355788724
0.193,67.08074574726051,-125.02302069296303,-56.82551538746776,132.25850544541825,-10.25523035979274,-7.23548475245523,141.8822827318537,-61.78434416804753
0.19305,67.08514621160636,-125.02004649817454,-56.829924079600815,132.25552568961618,-10.255222132005535,-7.23547919144165,141.88174254863918,-61.78221044326393
0.19310000000000002,67.08948237216131,-125.01699501932808,-56.834260923698864,132.2524737297411,-10.255221448462445,-7.235478710413006,141.88110405768361,-61.78008482577597
0.19315000000000002,67.09375458213918,-125.01386637706752,-56.83852649063957,132.24934995233664,-10.255228091499628,-7.235483575269093,141.88036753008365,-61.77796720862851
0.1932,67.09795707136908,-125.01066525145997,-56.842715159451714,132.24615935403577,-10.255241911917373,-7.235494102575784,141.8795343584263,-61.77586053450348
0.19325,67.10208609187893,-125.00739516637073,-56.84682336764202,132.24290575180405,-10.255262724236932,-7.235510585433279,141.87860587193228,-61.77376680591625
0.1933,67.10614150580349,-125.00405695767138,-56.850851228322334,132.2395902235217,-10.25529027748112,-7.23553326585037,141.87758273833705,-61.77168622761258
0.19335000000000002,67.11012468638921,-125.00065012288975,-56.85480054859467,132.2362123496398,-10.255324137794528,-7.235562226750032,141.87646516095543,-61.76961821111517
0.19340000000000002,67.11402709483869,-124.99718276817883,-56.858663251580026,132.23278027389316,-10.255363843258692,-7.235597505714254,141.87525623895183,-61.76756733931097
0.19345,67.11783620936701,-124.99366748576404,-56.862426989075445,132.22930686816238,-10.255409220291597,-7.235639382398313,141.87396113793807,-61.76554046970827
0.1935,67.12155326818535,-124.9901049734502,-56.86609312297283,132.22579316343177,-10.255460145212528,-7.23568818998157,141.87258105218197,-61.76353729204536
0.19355,67.12518416132463,-124.98649116735072,-56.869667914161006,132.222235195267,-10.255516247163639,-7.23574402791624,141.87111518211867,-61.76155493124151
0.19360000000000002,67.12872622705967,-124.98283016915074,-56.87314900530976,132.21863721900596,-10.255577221749936,-7.235807049855195,141.86956587640037,-61.75959511517776
0.19365000000000002,67.13217330269997,-124.97913013541687,-56.876530281699196,132.21500781309496,-10.255643021000795,-7.235877677678048,141.8679373986568,-61.7576615925521
0.1937,67.13552658863527,-124.97539177302382,-56.879813118097076,132.21134799035116,-10.255713470538222,-7.235956217327292,141.86623093306645,-61.75575406904966
0.19375,67.13879343946358,-124.97160853330442,-56.883005221919525,132.207651312846,-10.255788217544087,-7.236042779541545,141.86444418496288,-61.75386867410462
0.1938,67.14197167029552,-124.96778437497362,-56.88610467541213,132.2039219421608,-10.255866994883336,-7.236137567187235,141.86257960210884,-61.75200693941627
0.19385000000000002,67.14505150818887,-124.96393304007758,-56.88910204552597,132.20017373315943,-10.255949462662903,-7.2362406930818555,141.8606446583489,-61.75017496690907
0.19390000000000002,67.14803009620977,-124.96006073238333,-56.89199490712156,132.19641287394137,-10.25603518908819,-7.236352141558031,141.85864345905196,-61.74837495755587
0.19395,67.15090930063491,-124.95616779100573,-56.894785450146045,132.19263981069088,-10.25612385048885,-7.236472019685165,141.85657717891007,-61.746606311038555
0.194,67.15368920781857,-124.9522568630403,-56.89747412934941,132.18885722732,-10.256215078469172,-7.236600364279675,141.85444818329628,-61.74486950171494
0.19405,67.1563664256082,-124.94833578540343,-56.900057979139575,132.18507289730823,-10.256308446468662,-7.236737111904785,141.85226176213226,-61.74316723415953
0.19410000000000002,67.15893828371951,-124.94441204081596,-56.902534642407595,132.18129438633576,-10.256403641311893,-7.2368823455197715,141.8500232344769,-61.74150188889138
0.19415000000000002,67.16140879810678,-124.94048317887639,-56.90490839117054,132.17751941088287,-10.256500406936244,-7.2370362320064565,141.84773233547836,-61.739871568392005
0.1942,67.16378309292955,-124.9365443253549,-56.907184607857715,132.1737432647918,-10.25659848507185,-7.237198939436867,141.84538719082641,-61.738273517225025
0.19425,67.16606067203712,-124.93259944262202,-56.90936308745594,132.169970027444,-10.256697584581186,-7.237370584821989,141.84299104887208,-61.73670866957704
0.1943,67.16823711518683,-124.92865989775845,-56.9114397246134,132.1662111398074,-10.256797390573439,-7.2375512420489105,141.84055182144405,-61.73518077246058
0.19435000000000002,67.17031137447624,-124.92473200465884,-56.913413756746415,132.16247304050927,-10.256897617729823,-7.237741035850394,141.83807456596384,-61.73369140706085
0.19440000000000002,67.17228803176661,-124.9208115388081,-56.91529010636448,132.1587515230578,-10.25699792540215,-7.237939984249638,141.8355577242076,-61.73223813584087
0.19445,67.17416669379071,-124.9169037226939,-56.917068778158765,132.15505169721914,-10.257097915631972,-7.238147974525236,141.8330057027276,-61.7308220986126
0.1945,67.17594207087511,-124.9130249960697,-56.918744845968945,132.15138993493903,-10.257197224906143,-7.238364938869344,141.83043046814143,-61.72944832385787
0.19455,67.17761545154555,-124.9091789648874,-56.92031998878297,132.14776968971609,-10.257295462762606,-7.23859072482869,141.8278357990349,-61.72811704475076
0.19460000000000002,67.1791923059226,-124.90535936762035,-56.92180009415591,132.1441844465129,-10.257392211766662,-7.2388250788925195,141.82521876461365,-61.726825118643845
0.19465000000000002,67.18067520531487,-124.90156597651561,-56.92318804500887,132.140633942381,-10.257487160306004,-7.239067965865347,141.82258037572117,-61.72557158865984
0.1947,67.18206368547682,-124.8978064328622,-56.92448363403807,132.13712591709847,-10.257580051438744,-7.239319484236271,141.81992713571734,-61.72435808395865
0.19475,67.18335804474141,-124.89408727999425,-56.925687505990574,132.133666766346,-10.257670538750814,-7.239579486351761,141.81726494214567,-61.72318575260656
0.1948,67.18456186523173,-124.89040595079305,-56.92680357087764,132.13025379714236,-10.257758294354096,-7.239847846349307,141.81459322501698,-61.72205283081289
0.19485000000000002,67.18567765700905,-124.8867625081245,-56.92783455693021,132.12688727423895,-10.257843100078848,-7.2401247661144135,141.8119132230865,-61.720958439514135
0.19490000000000002,67.1867050648548,-124.8831667113467,-56.928780384198404,132.12357699910567,-10.257924680656393,-7.240410287758942,141.80923335709068,-61.719904575270604
0.19495,67.18764420899522,-124.879628417706,-56.92964152534369,132.1203325874044,-10.258002683651503,-7.2407041696983745,141.8065623590772,-61.71889308461811
0.195,67.1884971204033,-124.87615173697903,-56.93042033308179,132.1171579718154,-10.258076787321524,-7.241006234836327,141.80390480496456,-61.717924034278354
0.19505,67.18926770325554,-124.87273314310055,-56.93112103711017,132.11404938654607,-10.258146666145365,-7.241316243445567,141.80125943420862,-61.716995362653556
0.1951,67.18995882893675,-124.86937267998506,-56.931746827489405,132.11100660352596,-10.258212001447347,-7.241633923540901,141.79862764119832,-61.71610605894474
0.19515000000000002,67.19057148892519,-124.86608006616137,-56.932298983458836,132.10803915598353,-10.258272505466337,-7.2419590898221475,141.79601844938168,-61.715257633620375
0.1952,67.19110833912029,-124.86285797222595,-56.9327804657724,132.10514937172556,-10.258327873347879,-7.242291399499604,141.7934354645224,-61.714449655655876
0.19525,67.19157346121702,-124.85969992553098,-56.93319564391058,132.10233043029837,-10.258377817306458,-7.242630504767391,141.79087491685692,-61.713679435868286
0.1953,67.19196967850758,-124.85660580769473,-56.93354757654543,132.099582137713,-10.258422101962175,-7.242976330018291,141.78833803629814,-61.71294594936256
0.19535,67.19229848591372,-124.85358704192492,-56.93383798106408,132.09691594709474,-10.258460504849639,-7.243328905169805,141.78583558683022,-61.712250854103694
0.19540000000000002,67.19256217103703,-124.85065283082547,-56.93406938562619,132.09434094465888,-10.258492785410818,-7.2436881138333735,141.78337675267852,-61.711595100993364
0.19545,67.19276445103553,-124.84779878840531,-56.93424575913451,132.09185242638,-10.258518691901,-7.244053637974617,141.78095942996887,-61.7109765299349
0.1955,67.19290854915823,-124.84502419092276,-56.934370557231944,132.08944944929394,-10.258537991926326,-7.244425258371216,141.77858450600934,-61.71039385775099
0.19555,67.19299726171886,-124.84233851531322,-56.934446793757125,132.0871414719901,-10.25855046796173,-7.244802956676893,141.77626164836417,-61.70984790680518
0.1956,67.19303397310087,-124.83974448619321,-56.93447807788439,132.08493093310972,-10.258555895216466,-7.245186446916482,141.7739948576194,-61.7093379969945
0.19565000000000002,67.1930221530298,-124.83723871615432,-56.934468091166345,132.08281382073574,-10.258554061863448,-7.245575104581352,141.771782793092,-61.70886224705758
0.1957,67.19296505124846,-124.8348181137146,-56.93442026927728,132.08078660234733,-10.258544781971157,-7.245968488632737,141.7696242707249,-61.708418910486266
0.19575,67.19286589341334,-124.83248386104009,-56.93433801554216,132.07885028534525,-10.258527877871177,-7.246366424305195,141.7675218584534,-61.708007067784
0.1958,67.19272834092317,-124.83024356916684,-56.93422515738701,132.07701218552347,-10.258503183536165,-7.24676861635661,141.76548399181874,-61.70762687579575
0.19585,67.19255606912118,-124.82809990221857,-56.93408551795135,132.07527457995326,-10.25847055116982,-7.2471746777346855,141.76351475714847,-61.70727753876847
0.19590000000000002,67.19235236069763,-124.82605020246346,-56.93392252470845,132.07363455346805,-10.258429835989157,-7.247584351004643,141.76161336875396,-61.70695738109379
0.19595,67.19212085404833,-124.82409618687755,-56.933739956400814,132.0720935985124,-10.25838089764753,-7.247997411634789,141.75978306182574,-61.70666543846591
0.196,67.19186594628964,-124.82224441060012,-56.9335423595089,132.07065815676842,-10.258323586780723,-7.248413746168276,141.7580316914839,-61.70640140333025
0.19605,67.1915920325007,-124.8204990045297,-56.93333428150472,132.06933226290633,-10.258257750995977,-7.248833258376663,141.7563649773858,-61.7061645043717
0.1961,67.19130180256333,-124.81885302876422,-56.93311849568095,132.06810848068895,-10.25818330688239,-7.249255451924693,141.7547780829253,-61.70595245606691
0.19615000000000002,67.19099775557804,-124.81730057510846,-56.932897557522054,132.0669803778992,-10.258100198055992,-7.249679802790726,141.75326698967845,-61.70576323823477
0.1962,67.19068470122077,-124.8158479978012,-56.932676386568374,132.06595414107895,-10.2580083146524,-7.250106143277708,141.75183957194022,-61.70559635753046
0.19625,67.1903670509027,-124.814498271703,-56.93245946634034,132.06503242661432,-10.257907584562357,-7.250534154911313,141.7505005396876,-61.70545081482869
0.1963,67.19004728290601,-124.81324599333527,-56.932249261843275,132.0642092218284,-10.257798021062726,-7.2509632284931325,141.74924630936127,-61.705324693673795
0.19635,67.1897285020735,-124.81208909314387,-56.93204886529184,132.06348195473788,-10.257679636781702,-7.251392861593914,141.74807653007935,-61.705216493228406
0.19640000000000002,67.18941607752367,-124.81103345131584,-56.931863685872464,132.06285625761922,-10.257552391651224,-7.251822806303358,141.7469989242244,-61.70512542981727
0.19645,67.18911576681923,-124.81008488939796,-56.931699546778255,132.06233780758885,-10.257416220040971,-7.252252918190874,141.74602134672338,-61.70505057020521
0.1965,67.18883043936953,-124.8092394313838,-56.93155932689432,132.0619223199637,-10.257271112475214,-7.252682888579889,141.74514165660435,-61.70499013178776
0.19655,67.1885624811576,-124.80849227492547,-56.93144537890007,132.061604595125,-10.257117102257522,-7.253112320199554,141.74435675618466,-61.70494234558111
0.1966,67.18831614276554,-124.80784415293867,-56.93136196706236,132.06138513665442,-10.256954175703168,-7.253540983715772,141.7436693055617,-61.70490583943845
0.19665000000000002,67.18809531781999,-124.80729460892961,-56.93131301084206,132.061263304416,-10.256782306977955,-7.253968695486294,141.7430807483618,-61.70487914029159
0.1967,67.18790350197419,-124.80684212580415,-56.931301969934815,132.06123725952332,-10.256601532039376,-7.254395133719166,141.7425914057098,-61.7048607134361
0.19675,67.18774254567529,-124.80648152797548,-56.93133059693004,132.06130139389765,-10.256411948745235,-7.254819865922218,141.74219759752856,-61.704848908686024
0.1968,67.18761440049654,-124.8062084034396,-56.93140070676222,132.06145082375303,-10.256213693734335,-7.255242420313408,141.7418963640342,-61.704842186121944
0.19685,67.18752570139917,-124.80602827178568,-56.93151880714132,132.06169066403785,-10.256006894257853,-7.255662392252158,141.74169571037996,-61.704839241819855
0.19690000000000002,67.18748240615261,-124.80594437906906,-56.93169078206249,132.0620238979071,-10.255791624090108,-7.25607951883805,141.74160131883775,-61.704838577233794
0.19695000000000001,67.18748595946425,-124.80595095671382,-56.931917966219224,132.06244444546022,-10.255567993245048,-7.256493488746381,141.74160879488727,-61.704838572844714
0.197,67.18753835424037,-124.80604371724857,-56.9322021279226,132.06294752980114,-10.255336226317795,-7.256903812552516,141.74171530800058,-61.70483769780195
0.19705,67.18764508699171,-124.80622462068155,-56.932548630703515,132.063534824157,-10.255096456288205,-7.25731020347541,141.74192518942155,-61.70483437130164
0.1971,67.18781167957047,-124.80649518422267,-56.93296300978593,132.06420781855195,-10.254848669784563,-7.257712634329232,141.74224239251623,-61.70482691869446
0.19715000000000002,67.18803774151212,-124.80684727535184,-56.93344474422728,132.06495811920863,-10.254592997284833,-7.258110843856788,141.74265957137905,-61.704813920746474
0.19720000000000001,67.18832212061805,-124.80727233597939,-56.93399245944021,132.0657767875568,-10.254329661177843,-7.258504451577404,141.74316864431688,-61.704794147837426
0.19725,67.18867008629411,-124.80777178549744,-56.93461130040842,132.06666503557523,-10.254058785885666,-7.258893250077776,141.74377335892282,-61.704765996540075
0.1973,67.18908694840495,-124.80834668675803,-56.935306409295634,132.06762367145478,-10.25378053910932,-7.259276984696759,141.74447716804454,-61.70472778077348
0.19735,67.18957444848577,-124.80899298668581,-56.93607929728786,132.06864832247138,-10.253495151197908,-7.25965533578557,141.74527732845002,-61.70467810433171
0.19740000000000002,67.19013388674155,-124.80970625684363,-56.93693102390547,132.0697342531751,-10.25320286283606,-7.26002799633152,141.74617055722473,-61.70461565623756
0.19745000000000001,67.19076881298781,-124.81048505331157,-56.93786483150486,132.07087965559668,-10.25290398148293,-7.26039460228515,141.74715726575715,-61.70453889676647
0.1975,67.1914854732272,-124.81133099950631,-56.93888668072723,132.0720858470589,-10.252598792499967,-7.260754847552602,141.7482418443602,-61.70444591439967
0.19755,67.19228678026,-124.81224146115788,-56.939999264410496,132.07334998768818,-10.252287515849522,-7.261108526530267,141.74942335444996,-61.70433516828379
0.1976,67.19317155693115,-124.81320931443877,-56.94120118201313,132.07466476002995,-10.251970374918029,-7.261455445591157,141.75069496566528,-61.70420571311312
0.19765000000000002,67.19413938481361,-124.81422871059878,-56.94249177088644,132.0760241146893,-10.251647613927174,-7.261795404090469,141.7520513300863,-61.704056577936186
0.19770000000000001,67.19519286643163,-124.81529720685998,-56.94387337934677,132.0774254143882,-10.251319487084881,-7.262128207528171,141.75349153087458,-61.703886369323975
0.19775,67.19633711813289,-124.8164147841047,-56.94535092037662,132.0788685114201,-10.25098619775632,-7.262453727315373,141.7550179769712,-61.70369326369385
0.1978,67.19757147897214,-124.81757568048836,-56.94692355324446,132.08034754716883,-10.250647925727666,-7.262771866680444,141.7566252822986,-61.70347639340544
0.19785,67.19889255212836,-124.8187719677003,-56.94858759493762,132.08185440679134,-10.25030495719075,-7.263082439091003,141.7583048563902,-61.70323544946716
0.19790000000000002,67.20030658313468,-124.8200046835735,-56.9503489264228,132.08338989029264,-10.249957656711873,-7.263385206719124,141.7600605744601,-61.7029684093105
0.19795000000000001,67.20182069860617,-124.82127517730758,-56.952214362785526,132.084955177257,-10.249606335820646,-7.2636799999493675,141.76189700373212,-61.70267299668208
0.198,67.20343363694936,-124.82257753406469,-56.95418232674285,132.08654419717718,-10.24925131020651,-7.263966663112475,141.76380833923534,-61.70234852889462
0.19805,67.20514268416858,-124.8239050156291,-56.95624968062623,132.08814998906942,-10.248893003542396,-7.264244973440278,141.7657873626435,-61.701994682433664
0.1981,67.20694953956259,-124.82525459047207,-56.95841776757456,132.08976937466687,-10.24853177198809,-7.264514784194746,141.76783221164624,-61.7016102735151
0.19815000000000002,67.20885853467215,-124.82662511407645,-56.96069065317541,132.0914011459324,-10.24816788149674,-7.26477603185596,141.769943933486,-61.7011935433553
0.19820000000000002,67.21086856846544,-124.82801146365107,-56.96306685260135,132.09304004527587,-10.247801715864096,-7.265028581624796,141.77211749740124,-61.700743904285005
0.19825,67.2129751426674,-124.82940648932235,-56.965541570035114,132.09467886452367,-10.247433572632286,-7.265272375201329,141.7743444774311,-61.70026158916531
0.1983,67.21517879590465,-124.8308067205785,-56.96811520081557,132.09631418454572,-10.247063595089115,-7.265507463967168,141.77662207527675,-61.69974574349742
0.19835,67.21748264936842,-124.83221031512964,-56.97079054718739,132.09794410660837,-10.246692102181052,-7.265733791478694,141.77895015085596,-61.69919490590796
0.19840000000000002,67.21988963680792,-124.83361517011743,-56.97357017094237,132.09956645337766,-10.246319465865543,-7.265951283260219,141.78132824609034,-61.69860763196113
0.19845000000000002,67.22239898903018,-124.8350169783733,-56.97645303491434,132.10117691781565,-10.24594595411585,-7.266159939442314,141.78375220677128,-61.69798337255976
0.1985,67.22500687309739,-124.83640993308522,-56.97943495651945,132.1027696580005,-10.245571916577928,-7.26635972491523,141.78621510594493,-61.697322381374676
0.19855,67.22771546290055,-124.837791638284,-56.982517705556766,132.10434222922046,-10.24519775734377,-7.266550590936454,141.7887158679573,-61.69662342837136
0.1986,67.23052831490477,-124.83916027440785,-56.985704430777005,132.10589277907042,-10.244823884127726,-7.266732504662554,141.7912545805294,-61.695884902195495
0.19865000000000002,67.23344208973603,-124.84051063247898,-56.98899135882352,132.10741607104515,-10.24445073091251,-7.266905438566154,141.7938250778643,-61.695106995563656
0.19870000000000002,67.23645039329709,-124.84183643551306,-56.992371729451214,132.10890584943468,-10.244078663845855,-7.267069413921593,141.79641880555974,-61.694290783205
0.19875,67.23955186393219,-124.84313398068497,-56.99584389229226,132.11035847906146,-10.243707971639962,-7.267224498376486,141.79903186193368,-61.693436042556854
0.1988,67.24275175383556,-124.8444023037618,-56.999412823870635,132.1117730771936,-10.243338929964947,-7.267370773431791,141.8016658929347,-61.69254072294744
0.19885,67.24604884373215,-124.84563769489047,-57.003076998325604,132.1131460117381,-10.242971845406599,-7.267508316847629,141.80431705888742,-61.69160454993209
0.19890000000000002,67.2494358031498,-124.84683438378242,-57.00682877757259,132.1144715996759,-10.242607025577183,-7.267637215893479,141.80697680824298,-61.6906290280772
0.19895000000000002,67.25291391704516,-124.84798994068774,-57.010669224787904,132.1157475369892,-10.242244692257247,-7.2677575963014585,141.80964361623492,-61.68961323713669
0.199,67.25648647133184,-124.84910248257084,-57.01460141957956,132.11697207580568,-10.241885051752277,-7.2678695932348525,141.81231738876534,-61.688555649926975
0.19905,67.26015087149534,-124.85016821398447,-57.01862239327831,132.1181415108547,-10.241528478217024,-7.2679732968702675,141.81499355962518,-61.687456464525795
0.1991,67.26390254394349,-124.85118296141584,-57.02272707953861,132.11925174099792,-10.241175464404847,-7.2680687795820305,141.81766629128424,-61.686316510326314
0.19915000000000002,67.26773692343428,-124.85214282281264,-57.02691059536415,132.12029900180065,-10.240826328070138,-7.268156178987996,141.82032998920982,-61.68513666551759
0.19920000000000002,67.27165334192503,-124.85304505359359,-57.03117204878125,132.12128071875802,-10.240481293143759,-7.268235665164374,141.82298192645226,-61.68391664377225
0.19925,67.27565174493718,-124.85388705832936,-57.035510947088426,132.12219442678378,-10.240140797848763,-7.2683073684543835,141.82561979868143,-61.68265596904414
0.1993,67.27972806658961,-124.85466545542722,-57.03992282546315,132.1230369003704,-10.239805241126453,-7.2683714449431704,141.8282387068982,-61.681355441145854
0.19935,67.28387776742738,-124.85537699309339,-57.04440296142887,132.12380509682956,-10.239474805998515,-7.268428103736115,141.83083364173527,-61.68001605291002
0.19940000000000002,67.28809901211775,-124.85601906295128,-57.048949311331185,132.12449661661805,-10.239149700786568,-7.268477553666739,141.83340144307553,-61.67863795856447
0.19945000000000002,67.29239434048104,-124.85658970763727,-57.05356424226646,132.12510972127276,-10.238830098214558,-7.268520013635521,141.83594159977957,-61.677219881125275
0.1995,67.29676203537015,-124.8570863001217,-57.058245856816384,132.1256420053861,-10.238516178553752,-7.2685557052644105,141.8384509919693,-61.675761929015174
0.19955,67.30119299307209,-124.85750557070853,-57.06298471544094,132.12609041048717,-10.23820827763118,-7.268584839778661,141.84092242942532,-61.67426671379029
0.1996,67.30568422566263,-124.85784518573043,-57.067777611454346,132.12645283649198,-10.237906614208299,-7.268607650761563,141.84335244736863,-61.672734851305755
0.19965000000000002,67.31023707981296,-124.85810317688875,-57.072625774373265,132.1267275615604,-10.23761130543971,-7.268624384671667,141.84573995954628,-61.67116548600791
0.19970000000000002,67.31484722494373,-124.85827723186816,-57.07752455405424,132.12691251387147,-10.237322670889506,-7.268635282003338,141.848080883132,-61.669559714854365
0.19975,67.31950701368595,-124.8583651651752,-57.0824658896506,132.12700576015453,-10.237041124035386,-7.268640594979349,141.85036967271517,-61.6679198380122
0.1998,67.32421228301476,-124.85836516517533,-57.087445358955264,132.12700576015467,-10.236766924059504,-7.268640594979325,141.85260276515444,-61.666246988079024
0.19985,67.32896501749178,-124.85827547792093,-57.0924648421876,132.12691103917416,-10.236500175304162,-7.268635561253213,141.85477956574826,-61.66454012286547
0.19990000000000002,67.33376351805687,-124.85809431162534,-57.09752249508167,132.12672008864138,-10.236241022975225,-7.26862577701604,141.85689769847758,-61.66279950240712
0.19995000000000002,67.33860069354091,-124.85782020916726,-57.102610976095264,132.12643174575254,-10.235989717445658,-7.268611536585277,141.8589525223871,-61.66102736751702
0.2,67.34347381484682,-124.85745171674105,-57.10772739543694,132.12604485577805,-10.23574641940988,-7.268593139036975,141.86094146962822,-61.65922440858182
0.20005,67.34838065809157,-124.8569874164279,-57.11286953741766,132.12555829078872,-10.235511120673937,-7.268570874360781,141.8628622436938,-61.6573911430279
0.2001,67.35331765157952,-124.8564260965719,-57.11803381128157,132.12497112990445,-10.235283840297974,-7.268545033332558,141.8647120896641,-61.655528606685365
0.20015000000000002,67.35828083656342,-124.85576672553215,-57.12321607050656,132.12428265432584,-10.235064766056874,-7.268515928793685,141.8664882270575,-61.65363800719247
0.20020000000000002,67.36326225644878,-124.85500902968862,-57.128408167635016,132.1234929135483,-10.234854088813771,-7.268483883859659,141.86818664392212,-61.65172211822451
0.20025,67.36825761330607,-124.8541524897339,-57.133605707518534,132.12260170583224,-10.234651905787548,-7.268449216098318,141.86980484860933,-61.64978236553093
0.2003,67.37326754818339,-124.85319581381442,-57.13880920825715,132.12160806739652,-10.234458339926249,-7.268412253582047,141.87134201466407,-61.64781827103776
0.20035,67.37828885344243,-124.8521384009434,-57.1440153598555,132.12051172861126,-10.234273493586928,-7.268373327667868,141.87279609603192,-61.64583085690252
0.20040000000000002,67.3833148668929,-124.85098055122693,-57.14921737143391,132.11931333396106,-10.234097495459002,-7.26833278273406,141.87416419860833,-61.6438225456021
0.20045000000000002,67.3883414384244,-124.84972224803047,-57.15441090214196,132.1180132358225,-10.23393053628244,-7.268290987792041,141.8754443419721,-61.641794805772236
0.2005,67.39336985245505,-124.8483621692143,-57.159597286242125,132.1166104294698,-10.233772566212945,-7.268248260255487,141.8766359778984,-61.63974692409128
0.20055,67.39839752770841,-124.8468999513286,-57.16477408988494,132.11510484000812,-10.233623437823477,-7.268204888679469,141.87773756569445,-61.63767974479615
0.2006,67.40341456425853,-124.84533757806804,-57.16993132768605,132.11349880617547,-10.23348323657248,-7.26816122810741,141.87874615284372,-61.63559716294733
0.20065000000000002,67.40841624635806,-124.84367583596813,-57.17506424510051,132.11179346289444,-10.233352001257556,-7.268117626926313,141.87966019510534,-61.6335010013963
0.20070000000000002,67.41340196077302,-124.8419142710004,-57.18017236102475,132.10998865072224,-10.233229599748281,-7.268074379721813,141.88047900529716,-61.63139138699801
0.20075,67.41836770931947,-124.84005364787748,-57.185251748139805,132.10808544820839,-10.233115961179664,-7.268031800330888,141.88120136013063,-61.6292698831332
0.2008,67.42330774802076,-124.83809559142117,-57.19029664987771,132.1060858277568,-10.233011098143049,-7.267990236335645,141.88182596293694,-61.62713883839382
0.20085,67.42821714067652,-124.83604167587812,-57.1953020957341,132.1039917269655,-10.232915044942414,-7.267950051087353,141.8823518555842,-61.62500030449394
0.20090000000000002,67.43309509982407,-124.83389188849624,-57.200267299061274,132.1018034898076,-10.23282780076279,-7.267911601311333,141.88277865467214,-61.62285455438886
0.20095000000000002,67.43794082851502,-124.8316461868802,-57.205191533253725,132.0995214056489,-10.232749295261304,-7.267875218768684,141.88310594611585,-61.620701858657206
0.201,67.44274960673796,-124.82930640235689,-57.21007015944977,132.097147635527,-10.232679447288207,-7.267841233170053,141.88333309945412,-61.61854424129118
0.20105,67.44751670776586,-124.82687460989273,-57.214898513999856,132.09468459643028,-10.232618193765994,-7.267809986537559,141.8834596946319,-61.616383775364454
0.2011,67.45223751919188,-124.82435307275452,-57.21967207789782,132.09213488250103,-10.232565441294076,-7.267781809746491,141.8834855308297,-61.61422252943798
0.20115000000000002,67.45691019290317,-124.82174276060873,-57.224389174773826,132.0894997540864,-10.232521018129301,-7.267756993477715,141.8834105826646,-61.61206134163964
0.20120000000000002,67.46153308082317,-124.81904457986859,-57.22904836462096,132.0867803854736,-10.232484716202196,-7.267735805605026,141.8832348639057,-61.60990096688741
0.20125,67.46609821033636,-124.81626333053615,-57.23364186646547,132.08398185064544,-10.232456343870886,-7.267718520109293,141.88295880592742,-61.60774515454404
0.2013,67.4706007752527,-124.81340233951413,-57.23816502096525,132.0811077767219,-10.23243575428746,-7.267705437207751,141.8825830485862,-61.605596246305055
0.20135,67.47504253219725,-124.81046089792808,-57.242619706042596,132.07815777380574,-10.232422826154677,-7.267696875877623,141.88210780177695,-61.60345347753558
0.20140000000000002,67.47942210060974,-124.80744024582063,-57.24700475170839,132.07513334395688,-10.232417348901365,-7.26769309813622,141.88153349800794,-61.60131757237051
0.20145000000000002,67.48373398685975,-124.80434461615984,-57.25131486124775,132.07203898984875,-10.23241912561201,-7.26769437368889,141.88086124590038,-61.59919129095017
0.2015,67.48797407735019,-124.80117761150359,-57.255545995203725,132.0688786749995,-10.232428082146477,-7.267701063495917,141.88009225498536,-61.59707678225744
0.20155,67.49214274126287,-124.79793965269333,-57.25969870176383,132.06565311086814,-10.23244403949907,-7.267713458174726,141.879227067828,-61.5949739918619
0.2016,67.49623899471447,-124.79463215902355,-57.26377225752157,132.06236394430601,-10.23246673719288,-7.267731785282492,141.87826646156068,-61.59288353785787
0.20165,67.50025701219415,-124.79126064203814,-57.267761021182714,132.059016974189,-10.232495991011433,-7.267756332150812,141.87721250906137,-61.59080854448895
0.20170000000000002,67.50419299248449,-124.78782935561854,-57.271661455938826,132.05561667545228,-10.232531536545736,-7.267787319833669,141.87606713908292,-61.58875117557828
0.20175,67.50804543611642,-124.78434080615517,-57.27547237828068,132.0521657252603,-10.23257305783575,-7.267824919105115,141.8748318378966,-61.58671244181613
0.2018,67.51181312062616,-124.78079735988658,-57.27919281288934,132.04866671675876,-10.232620307736834,-7.2678693568721435,141.87350810000936,-61.58469322875851
0.20185,67.51549493140358,-124.7772013783835,-57.282821932383,132.0451221982159,-10.232672999020581,-7.267920819832362,141.8720974668876,-61.5826943829461
0.2019,67.51908720833953,-124.77355790287524,-57.28635639362252,132.04153736241642,-10.23273081471695,-7.267979459541193,141.87060262503124,-61.58071817029292
0.20195000000000002,67.52258779229484,-124.76987079909873,-57.289794300779086,132.03791627501448,-10.232793491515778,-7.2680454759157325,141.86902594080203,-61.578766097959765
0.202,67.52599763055763,-124.76614079211964,-57.29313684446556,132.03425988127444,-10.232860786092067,-7.268119089154751,141.8673684966388,-61.57683796629016
0.20205,67.52931614002829,-124.76237023292268,-57.29638369987098,132.0305707369105,-10.232932440157317,-7.2682005039878135,141.8656320765419,-61.57493443190576
0.2021,67.53254031750151,-124.75856441180647,-57.29953213804862,132.02685431850665,-10.233008179452877,-7.268289906700153,141.86381989721633,-61.57305757633086
0.20215,67.5356665505845,-124.75472979432794,-57.30257883382087,132.023117260984,-10.23308771676359,-7.26838746665605,141.8619359182988,-61.571209923795244
0.20220000000000002,67.53869510390905,-124.75086846256396,-57.30552435567084,132.01936179232857,-10.233170748238228,-7.268493329764591,141.85998208974485,-61.5693917790249
0.20225,67.54162748680434,-124.74698087582128,-57.308370525549364,132.01558850190864,-10.233256961254979,-7.26860762608732,141.85795952712263,-61.56760269279802
0.2023,67.54446027957161,-124.74307412560667,-57.31111425881617,132.01180457508795,-10.233346020755382,-7.268730449481317,141.8558728314243,-61.56584524216987
0.20235,67.54719123041089,-124.73915427901436,-57.3137536653791,132.00801612577843,-10.23343756503175,-7.268861846764068,141.85372625828848,-61.564121392825015
0.2024,67.54982216182286,-124.7352218334121,-57.31629091901173,132.00422370008343,-10.233531242811111,-7.26900186667131,141.8515211054306,-61.56243059246123
0.20245000000000002,67.5523537873092,-124.73127883058635,-57.31872708519302,132.00042937497935,-10.233626702116174,-7.269150544392988,141.84925950077874,-61.5607729798575
0.2025,67.55478521019393,-124.72732994889509,-57.321061590621085,131.9966378972396,-10.233723619572798,-7.269307948344511,141.8469451238763,-61.55914977307763
0.20255,67.55711525155222,-124.72338071612528,-57.32329354537285,131.99285491338185,-10.233821706179384,-7.26947419725656,141.84458226654638,-61.55756245417581
0.2026,67.55934408341162,-124.71943475721442,-57.3254234738966,131.98908405448884,-10.233920609515,-7.269649297274394,141.84217419068233,-61.55601165964171
0.20265,67.56147275895495,-124.71549430070291,-57.32745276861323,131.98532756487023,-10.234019990341746,-7.269833264167305,141.83972335008156,-61.55449744457459
0.20270000000000002,67.5635013233928,-124.71156357418033,-57.329381736839764,131.98158982480788,-10.234119586553065,-7.2700262506275175,141.83723347623825,-61.55302060692232
0.20275,67.5654296782879,-124.70764743784233,-57.331210607394425,131.97787572298148,-10.234219070893479,-7.27022828513913,141.83470878840922,-61.55158211766374
0.2028,67.56725768093611,-124.70375129144934,-57.33293961371089,131.97419057420495,-10.234318067225223,-7.270439282755585,141.8321539591135,-61.550183067636425
0.20285,67.56898662351153,-124.69987786160648,-57.334570387729585,131.97053707591016,-10.234416235781962,-7.270659214303656,141.82957199409387,-61.54882352387501
0.2029,67.57061902898784,-124.69602710600941,-57.3361057988627,131.9669151246851,-10.23451323012518,-7.2708880186756675,141.82696405121013,-61.54750258348491
0.20295000000000002,67.57215506426667,-124.69220453521909,-57.33754635987321,131.9633301507483,-10.234608704393487,-7.271125615529165,141.8243350482639,-61.54622124926814
0.203,67.5735947710899,-124.68841663341719,-57.3388924480441,131.95978856177692,-10.23470232304585,-7.271371928359694,141.82169069939937,-61.54498075618724
0.20305,67.57494038428241,-124.68466461707672,-57.34014664841254,131.95629143473911,-10.234793735869868,-7.271626817662399,141.8190331324122,-61.54378054650082
0.2031,67.57619400960924,-124.68094998120563,-57.34131139781786,131.952840148435,-10.234882611791393,-7.27189016722936,141.81636465880882,-61.54262016198546
0.20315,67.57735664575691,-124.67727767662535,-57.34238798641676,131.94943963379342,-10.234968659340138,-7.272161957167997,141.81369010106945,-61.541500203044805
0.20320000000000002,67.57842893045662,-124.6736545663973,-57.34337734404298,131.94609672333692,-10.23505158641361,-7.2724421569395705,141.81101579091145,-61.540421766679955
0.20325000000000001,67.57941303310467,-124.6700831203578,-57.34428195888833,131.94281374964294,-10.23513107421636,-7.272730629285082,141.80834492770825,-61.53938456021692
0.2033,67.58031189717391,-124.66656298063967,-57.34510508885474,131.9395902005121,-10.235206808319173,-7.273027219872427,141.80567859407145,-61.53838747159985
0.20335,67.58112708757479,-124.66309915989754,-57.34584859008301,131.9364309938118,-10.235278497491759,-7.273331833914206,141.80302193739521,-61.537430912570784
0.2034,67.58186048330253,-124.65969619179998,-57.34651463178891,131.93334054947164,-10.235345851513634,-7.2736443576715795,141.8003798338229,-61.536515091219286
0.20345000000000002,67.5825147738055,-124.65635540654705,-57.347106205632485,131.93031999336714,-10.235408568173014,-7.2739645868200435,141.79775472973824,-61.53563931093045
0.20350000000000001,67.58309243565908,-124.65307932337718,-57.3476260965711,131.92737154533722,-10.235466339088028,-7.274292221959964,141.79515001567228,-61.53480317968747
0.20355,67.58359610300192,-124.64986990467744,-57.3480772222326,131.92449692748895,-10.235518880769328,-7.274627022811502,141.79256866799017,-61.534006142271764
0.2036,67.58402819790315,-124.64673095319831,-57.348462259970475,131.92169982256024,-10.23556593793269,-7.274968869361912,141.79001518010347,-61.53324807325756
0.20365,67.58439115214657,-124.6436674634358,-57.34878390590473,131.91898499267512,-10.235607246241834,-7.275317529239333,141.78749509791726,-61.5325290733614
0.20370000000000002,67.58468794411897,-124.64068116360295,-57.349045398293555,131.91635387475816,-10.235642545825426,-7.275672711155173,141.78501135673991,-61.53184842002785
0.20375000000000001,67.58492166610417,-124.63777284030003,-57.349250066527,131.91380708228397,-10.235671599577142,-7.276034241983913,141.78256611870046,-61.53120516880419
0.2038,67.58509528709936,-124.63494510736979,-57.349401111596286,131.9113470392692,-10.235694175503081,-7.276401931899408,141.78016309372543,-61.530598770945794
0.20385,67.58521177717178,-124.63220284036453,-57.349501729075286,131.9089784254704,-10.2357100480965,-7.276775585105837,141.77780798068125,-61.53002911299699
0.2039,67.58527442207486,-124.62954725934414,-57.349555423679284,131.90670225670826,-10.23571899839556,-7.277154997364098,141.77550341570387,-61.529495265129334
0.20395000000000002,67.5852865522257,-124.6269757544968,-57.3495657385519,131.90451557779267,-10.235720813673785,-7.277539823295852,141.77324868979477,-61.528995543696524
0.20400000000000001,67.58525139894564,-124.6244918208962,-57.34953610368052,131.90242157536989,-10.235715295265129,-7.2779297544736945,141.77104841354355,-61.52852947625547
0.20405,67.58517240567325,-124.62210038610849,-57.34947015230823,131.90042496982304,-10.23570225336502,-7.278324583714492,141.76890855808222,-61.52809679095736
0.2041,67.58505300687091,-124.61980137201573,-57.34937149661007,131.89852536249182,-10.235681510260843,-7.278723990476069,141.76683069019424,-61.52769625464895
0.20415,67.58489663196943,-124.61759502137352,-57.34924372510236,131.89672258758827,-10.235652906867072,-7.279127566214711,141.76481665654936,-61.527326697650984
0.20420000000000002,67.58470687512448,-124.61548346258635,-57.34909058126606,131.89501844767614,-10.235616293858424,-7.279534985089734,141.76287004011536,-61.52698725496457
0.20425000000000001,67.58448758139276,-124.61347013685422,-57.34891605624259,131.89341614140542,-10.235571525150178,-7.279946004551178,141.76099569764628,-61.52667722531243
0.2043,67.58424249470795,-124.6115562196611,-57.34872402904709,131.89191657340106,-10.235518465660856,-7.280360353739934,141.75919644618915,-61.52639550667442
0.20435,67.5839749989168,-124.60973999935335,-57.348518002128976,131.89051770925118,-10.23545699678783,-7.280777709897809,141.7574723933827,-61.526140568499954
0.2044,67.58368880593027,-124.60802231219743,-57.348301794678676,131.88922006473254,-10.235387011251609,-7.281197752535056,141.75582604314334,-61.52591125450434
0.20445000000000002,67.58338770165666,-124.60640408983356,-57.34807929552768,131.88802428927042,-10.235308406128983,-7.281620199436854,141.75426001863693,-61.52570640036864
0.20450000000000002,67.58307547748433,-124.60488596101568,-57.34785439499281,131.88693075451803,-10.235221082491519,-7.282044793502322,141.75277667951718,-61.52552478133875
0.20455,67.58275605424718,-124.60346888000603,-57.347631085483386,131.88594006996826,-10.235124968763806,-7.2824711899621954,141.75137873339546,-61.52536518927584
0.2046,67.58243266541365,-124.60215066604535,-57.34741264418922,131.88504964848937,-10.235020021224452,-7.282898982443957,141.7500658044963,-61.52522605599206
0.20465,67.58210918066904,-124.6009319138176,-57.347202985141415,131.88425974282714,-10.234906195527612,-7.283327829009564,141.7488402601576,-61.52510612198086
0.20470000000000002,67.58179041783008,-124.59981628442804,-57.347006955094564,131.88357366259876,-10.234783462735523,-7.283757378170661,141.74770761530053,-61.525004381699084
0.20475000000000002,67.581480084482,-124.59880293965816,-57.34682827640732,131.88299021543082,-10.234651808074691,-7.2841872757726245,141.74666890056005,-61.52491935688995
0.2048,67.58118116166925,-124.59788882224154,-57.346669939360424,131.8825060146742,-10.23451122230883,-7.284617192432616,141.74572284963673,-61.52484939968185
0.20485,67.58089738690427,-124.59707343677061,-57.346535655835865,131.88212017051464,-10.234361731068399,-7.285046733744026,141.7448708088843,-61.52479308703658
0.2049,67.58063346603497,-124.59635882661276,-57.34643011913986,131.8818344121544,-10.234203346895121,-7.285475585541612,141.7441168180204,-61.52474914104209
0.20495000000000002,67.58039303282962,-124.59574377667911,-57.34635697412775,131.88164730058767,-10.234036058701864,-7.285903523908606,141.74346154139033,-61.524716036658475
0.20500000000000002,67.58017827988213,-124.59522358293763,-57.346318367960045,131.8815537852816,-10.233859911922108,-7.2863302023439225,141.74290188938164,-61.52469208844248
0.20505,67.57999315197036,-124.59479809235256,-57.34631817978465,131.88155335278768,-10.23367497218571,-7.286755260435076,141.7424396082361,-61.52467586538857
0.2051,67.57984223567922,-124.59446838040593,-57.34636095097588,131.88164679646275,-10.233481284703355,-7.287178416056794,141.74207783010402,-61.524665945159086
0.20515,67.57972890396405,-124.59423263842326,-57.34644997808921,131.8818319822899,-10.233278925874838,-7.287599343866665,141.74181657327105,-61.52466078075046
0.20520000000000002,67.5796566184286,-124.5940892686175,-57.34658861677264,131.88210695571502,-10.233068001655964,-7.288017687097512,141.74165608366843,-61.52465883427014
0.20525000000000002,67.57962845328028,-124.59403593406533,-57.34677982498564,131.8824690345668,-10.232848628294665,-7.2884331005014324,141.74159577280966,-61.52465856300226
0.2053,67.57964809528411,-124.59407148774233,-57.34702715441577,131.882916721605,-10.232620940868372,-7.288845233862597,141.74163639021205,-61.52465843588854
0.20535,67.57971979157762,-124.59419566936606,-57.34733470930481,131.88344942229958,-10.232385082272808,-7.289253752933516,141.74177973203393,-61.52465689365521
0.2054,67.5798462204312,-124.59440540942525,-57.3477050332425,131.8840637738677,-10.232141187188708,-7.289658364442419,141.74202437705392,-61.52465239307983
0.20545000000000002,67.58002965521487,-124.5946971259747,-57.34814025546473,131.88475590827733,-10.23188939975017,-7.290058782302589,141.74236826056313,-61.52464343607157
0.20550000000000002,67.580272785187,-124.59506805620562,-57.34864290055719,131.88552276666783,-10.231629884629836,-7.290454710462191,141.74281023618377,-61.524628534665254
0.20555,67.58057961906283,-124.59551744790072,-57.34921682260971,131.88636333814694,-10.23136279645313,-7.29084589024619,141.7433515539922,-61.52460611959927
0.2056,67.58095404658123,-124.59604421334939,-57.349865748324724,131.8872762829185,-10.231088298256488,-7.29123206956913,141.74399311244565,-61.524574599282616
0.20565,67.5813968766292,-124.59664295910108,-57.35059030013949,131.88825594164496,-10.230806576489694,-7.2916129825438665,141.7447305562862,-61.52453264704741
0.20570000000000002,67.58191049188788,-124.59731068364225,-57.351392670622346,131.88929906186635,-10.230517821265527,-7.291988378224101,141.7455623831999,-61.524478838080064
0.20575000000000002,67.58249995793453,-124.59804781047376,-57.35227768901371,131.89040577667572,-10.230222268920832,-7.292357966201933,141.74649138072283,-61.52441145445717
0.2058,67.5831677864444,-124.5988513650631,-57.35324761926292,131.89157283062815,-10.229920167181481,-7.292721465565031,141.74751613183133,-61.524329030907815
0.20585,67.58391480416853,-124.59971646336881,-57.35430306230294,131.8927951068299,-10.229611741865575,-7.2930786434610955,141.74863273770583,-61.52423033292049
0.2059,67.5847428065049,-124.60063954981503,-57.35544553427979,131.89406877521282,-10.229297272225116,-7.2934292253978175,141.74983892916543,-61.524114037933465
0.20595000000000002,67.58565508286084,-124.60161877210233,-57.35667805649731,131.89539174408844,-10.22897702636352,-7.29377297198612,141.75113464663258,-61.523978620922456
0.20600000000000002,67.58665421849642,-124.60265145586051,-57.35800298092865,131.896761155701,-10.228651237567775,-7.294109699840451,141.7525187722647,-61.523822648741024
0.20605,67.58774078007819,-124.60373290406989,-57.35942058465471,131.89817208816515,-10.228320195423478,-7.294439184095255,141.75398744791568,-61.52364501575667
0.2061,67.58891647917444,-124.60485972038191,-57.36093231937511,131.89962096853571,-10.22798415979934,-7.294761248153784,141.75553850472608,-61.52344446033393
0.20615,67.59018332845521,-124.60602884589844,-57.36253997815256,131.90110461377114,-10.227643350302648,-7.295075767872665,141.75717021413436,-61.5232196790156
0.20620000000000002,67.59154330717953,-124.60723720957925,-57.36424524799467,131.90261977434398,-10.227298059184879,-7.295382564764703,141.75888082109947,-61.52296937800548
0.20625000000000002,67.59299907712521,-124.60848233707965,-57.36605047908686,131.9041637977551,-10.226948598038351,-7.2956814606754214,141.76066942064904,-61.52269213615471
0.2063,67.59455031076074,-124.60975923302786,-57.36795505953247,131.90573155067068,-10.226595251228295,-7.29597231764277,141.76253146662955,-61.522387108627015
0.20635,67.59619705376015,-124.6110634139413,-57.369958727893646,131.90731840789937,-10.226238325866497,-7.296254993958039,141.76446304093304,-61.52205341674162
0.2064,67.5979423898469,-124.61239287363458,-57.37206422895506,131.90892221292944,-10.225878160891885,-7.296529339294823,141.76646385176613,-61.52168958004514
0.20645000000000002,67.59978748048772,-124.61374407794688,-57.37427237727638,131.9105392931253,-10.225515103211373,-7.296795215178348,141.768531347867,-61.521294506666386
0.20650000000000002,67.60173146219623,-124.61511211286805,-57.37658196341162,131.91216461422394,-10.225149498784642,-7.29705250135587,141.77066079972104,-61.52086755828704
0.20655,67.60377381169035,-124.61649250019669,-57.37899213470816,131.9137936057002,-10.224781676982216,-7.297301105503476,141.77284802328606,-61.5204080597891
0.2066,67.60591650295925,-124.61788254363121,-57.38150457061931,131.91542351622138,-10.22441193233994,-7.297540972590145,141.77509159180028,-61.519914792423
0.20665,67.60816176842579,-124.61927965750017,-57.38412118303523,131.91705170030485,-10.224040585390537,-7.297772042804686,141.77739029922884,-61.51938646709629
0.20670000000000002,67.61050756473817,-124.62067863272397,-57.38683958219154,131.91867288670022,-10.223667982546601,-7.297994253976244,141.7797385949141,-61.51882280809672
0.20675000000000002,67.61295306628753,-124.62207520444132,-57.3896586481073,131.92028279274552,-10.223294418180235,-7.298207588304171,141.78213233904134,-61.51822328913732
0.2068,67.61550015533118,-124.62346672933356,-57.392579960502125,131.92187876322222,-10.222920194829047,-7.29841203388866,141.7845701086437,-61.51758673464424
0.20685,67.61814840210333,-124.62484929110657,-57.395602756558034,131.92345686474897,-10.222545645545333,-7.29860757364238,141.78704825956387,-61.516912545043
0.2069,67.62089674755997,-124.62621875635257,-57.398725630836665,131.9250129528971,-10.222171116723304,-7.298794196544531,141.78956265695444,-61.51620030246103
0.20695000000000002,67.62374398639167,-124.6275710539435,-57.40194697811625,131.9265429334934,-10.22179700827541,-7.298971879549926,141.79210915118932,-61.51544965298361
0.20700000000000002,67.62668911889273,-124.62890233777064,-57.4052654609021,131.9280429822901,-10.221423657990586,-7.299140644519465,141.79468388871615,-61.51466021303109
0.20705,67.62973234133358,-124.63020938421236,-57.408680981904105,131.92950992881111,-10.221051359429476,-7.299300544598697,141.79728413376978,-61.51383129422993
0.2071,67.63287296605469,-124.63148863060832,-57.412192451916226,131.93094022875337,-10.220680514138508,-7.299451598145012,141.79990643129474,-61.51296245681523
0.20715,67.63610961125725,-124.63273632034695,-57.415798120192164,131.93233017266977,-10.220311491065072,-7.299593852322743,141.80254682495354,-61.51205347013938
0.20720000000000002,67.63944000407767,-124.63394848420225,-57.419495443149145,131.93367588817276,-10.219944560928559,-7.299727403970469,141.80520074675684,-61.51110437896183
0.20725000000000002,67.64286341452339,-124.63512184262878,-57.42328339352499,131.9349741910094,-10.219580020998386,-7.2998523483805835,141.8078649710332,-61.51011481297403
0.2073,67.6463806925387,-124.63625367983131,-57.42716251472779,131.93622246699783,-10.219218177810955,-7.299968787166491,141.8105375215225,-61.50908394944162
0.20735,67.64998800243326,-124.63733982083212,-57.43112866042815,131.93741665146936,-10.218859342005139,-7.300076830637242,141.81321290466184,-61.50801234823515
0.2074,67.65368154275771,-124.63837633645068,-57.435177701629634,131.93855293104852,-10.218503841128067,-7.300176594597828,141.81588585936197,-61.506900604240755
0.20745000000000002,67.65746169342758,-124.6393606111318,-57.43930972884929,131.93962882725722,-10.21815196457827,-7.300268216125367,141.81855427393614,-61.505748080652374
0.20750000000000002,67.66132689815055,-124.64028952891347,-57.44352290467714,131.94064137231604,-10.217803993473419,-7.300351843402529,141.82121467350984,-61.50455473165117
0.20755,67.66527375733162,-124.64115964460528,-57.4478134839319,131.94158726376162,-10.217460273399704,-7.30042761915632,141.82386241463956,-61.50332110229336
0.2076,67.66929924401593,-124.64196776878681,-57.45217807814577,131.94246346443106,-10.217121165870182,-7.300495695644218,141.8264932565544,-61.50204765441342
0.20765,67.67340195439087,-124.6427111587052,-57.45661500834625,131.9432674132547,-10.216786946044634,-7.3005562545494245,141.82910412560943,-61.50073435947533
0.20770000000000002,67.67758115597832,-124.64338723245255,-57.461123294978705,131.9439967234286,-10.216457860999583,-7.30060949097601,141.8316924100645,-61.49938098147096
0.20775000000000002,67.68183298730132,-124.64399297154908,-57.465698787118725,131.94464857301182,-10.216134200182623,-7.300655601462705,141.834253621657,-61.49798831091951
0.2078,67.68615412161591,-124.6445256093035,-57.47033788504759,131.9452204040458,-10.215816236568326,-7.300694794742297,141.8367837485871,-61.49655699677598
0.20785,67.69054247272244,-124.64498265820615,-57.47503825415045,131.94570994977457,-10.215504218572004,-7.300727291568375,141.8392796164587,-61.495087301189244
0.2079,67.69499456925882,-124.64536158746485,-57.479796225075006,131.94611491278053,-10.215198344183817,-7.300753325315625,141.8417373518875,-61.49357996944987
0.20795000000000002,67.699508104634,-124.64566009309283,-57.48460930827367,131.94643322920064,-10.214898796360334,-7.300773136107737,141.84415383670995,-61.49203537685409
0.20800000000000002,67.70407944687547,-124.64587588823578,-57.48947358883294,131.94666285281286,-10.214605858042553,-7.300786964577072,141.8465253352873,-61.49045437221583
0.20805,67.70870386205273,-124.64600680633656,-57.494384081559716,131.9468018698251,-10.214319780493023,-7.300795063488577,141.84884769163426,-61.48883821837543
0.2081,67.71337949631352,-124.64605091857109,-57.49933876424394,131.94684861473982,-10.21404073206959,-7.3007976961686945,141.85111833329617,-61.487187201457125
0.20815,67.71810442258953,-124.6460063412917,-57.50433548046271,131.94680147326036,-10.213768942126837,-7.300795131968608,141.85333469263975,-61.48550164206794
0.2082,67.72287469074423,-124.64587129406397,-57.50937005752636,131.94665894339568,-10.21350463321792,-7.3007876493316886,141.85549332695794,-61.48378259848706
0.20825000000000002,67.7276853161821,-124.6456442033008,-57.51443732022863,131.94641973779332,-10.213247995953488,-7.300775534492546,141.85759048124157,-61.48203153568835
0.2083,67.73253360647493,-124.64532355843582,-57.51953437432975,131.94608264077056,-10.212999232145174,-7.300759082334751,141.85962354997073,-61.48024911700036
0.20835,67.73741841946465,-124.64490779957839,-57.524659956689405,131.94564638941972,-10.212758462775245,-7.30073858984128,141.86159062444995,-61.47843544584374
0.2084,67.74233401223837,-124.64439583819994,-57.52980822613722,131.94511019465247,-10.212525786101184,-7.300714356452463,141.8634880132853,-61.476592348968666
0.20845,67.7472748972257,-124.64378680786409,-57.53497353534567,131.9444735010216,-10.212301361880037,-7.300686693157472,141.86531234168746,-61.47472160497593
0.20850000000000002,67.75223929668327,-124.6430795524202,-57.54015397982171,131.94373546662527,-10.21208531686157,-7.300655914205062,141.86706175157778,-61.472823619851034
0.20855,67.7572236345393,-124.64227323095152,-57.54534592106533,131.94289556094256,-10.21187771347399,-7.300622329991007,141.8687338029072,-61.47089949827109
0.2086,67.76222374995862,-124.64136723587627,-57.55054511709304,131.94195349348996,-10.211678632865587,-7.3005862576136975,141.8703259810452,-61.46895059713529
0.20865,67.76723561665577,-124.64036109401184,-57.55574741822588,131.94090912154684,-10.211488198429889,-7.300548027534983,141.87183595333147,-61.46697825124707
0.2087,67.77225522809191,-124.63925448177272,-57.560948716962194,131.93976245493448,-10.211306511129735,-7.300507973161701,141.8732615275822,-61.46498381699497
0.20875000000000002,67.77728011078875,-124.6380468606445,-57.56614646741895,131.93851328880484,-10.211133643369813,-7.30046642816034,141.87460105477842,-61.46296806513855
0.2088,67.782306551644,-124.63673807723912,-57.57133689716273,131.93716180601368,-10.21096965448126,-7.3004237287745735,141.87585263178278,-61.46093228032891
0.20885,67.78733020167935,-124.63532829387002,-57.57651562475738,131.93570850333842,-10.210814576921981,-7.300380209468369,141.87701432858057,-61.45887803348789
0.2089,67.79234664097582,-124.63381787182222,-57.581678182249306,131.9341540859126,-10.210668458726529,-7.3003362140903425,141.87808435553666,-61.456806958862806
0.20895,67.79735162037036,-124.6322073019844,-57.58682030550366,131.93249938407197,-10.210531314866708,-7.300292082087625,141.8790611179146,-61.454720654915526
0.20900000000000002,67.8023431769522,-124.63049646857188,-57.591940083297494,131.93074460341978,-10.210403093654717,-7.3002481348478785,141.87994358008427,-61.452619791813405
0.20905,67.80731703578508,-124.62868613200698,-57.59703325957512,131.92889083885677,-10.21028377620998,-7.300204706849719,141.88073037090615,-61.45050602883005
0.2091,67.81226720582845,-124.62677789802436,-57.6020938765903,131.92694002882837,-10.210173329238142,-7.300162130804009,141.8814200409559,-61.44838179695266
0.20915,67.81719132655228,-124.62477219398552,-57.607119636884725,131.92489292472877,-10.210071689667574,-7.300120730743209,141.8820118402082,-61.446248011760694
0.2092,67.82208736552931,-124.62266937355513,-57.612108527947605,131.9227502248646,-10.209978837581732,-7.300080851309399,141.88250511041846,-61.44410545812804
0.20925000000000002,67.82695113750708,-124.62047081000068,-57.617056431947255,131.92051363123832,-10.209894705559833,-7.3000428212376525,141.8828990594568,-61.44195588126318
0.2093,67.83177766239329,-124.61817844945047,-57.621958456921064,131.91818541188152,-10.20981920547223,-7.3000069624310395,141.88319301770537,-61.43980141878951
0.20935,67.83656369170109,-124.61579363251053,-57.626811388425715,131.91576725843606,-10.20975230327539,-7.299973625925507,141.88338661083145,-61.43764347717781
0.2094,67.84130750372215,-124.61331704565083,-57.631613593645966,131.91326018642442,-10.209693910076178,-7.299943140773611,141.88347961949086,-61.435482795045154
0.20945,67.84600467897444,-124.610750886332,-57.63636078690958,131.91066670128126,-10.20964389206487,-7.299915814949241,141.88347186108365,-61.433321359551144
0.20950000000000002,67.8506508757438,-124.60809754636144,-57.641048740373925,131.90798951498815,-10.209602135369893,-7.299891968626642,141.88336336014027,-61.43116116778892
0.20955000000000001,67.85524353751187,-124.60535859584414,-57.64567504240453,131.90523050224556,-10.209568495107334,-7.299871906401432,141.8831542725702,-61.42900342505192
0.2096,67.8597791234039,-124.60253633271022,-57.650236327614884,131.9023922477402,-10.209542795789012,-7.299855915029966,141.88284492221578,-61.42684982632576
0.20965,67.86425531193966,-124.5996324629019,-57.65473044128033,131.89947674923425,-10.20952487065934,-7.299844286332335,141.88243569566447,-61.42470151985969
0.2097,67.86866934083034,-124.59664910008124,-57.65915479284002,131.89648640950705,-10.209514547990342,-7.299837309425792,141.8819271262684,-61.42255988904302
0.20975000000000002,67.87301682645021,-124.59358965146652,-57.66350519693074,131.893424907082,-10.209511629519472,-7.299835255615463,141.88132010719949,-61.42042714220127
0.20980000000000001,67.87729549762652,-124.59045627751475,-57.66777957210266,131.8902946791977,-10.20951592552387,-7.299838401682914,141.88061544661915,-61.41830449779991
0.20985,67.88150362304765,-124.58725085870023,-57.67197636190282,131.88709789496718,-10.20952726114483,-7.29984703626694,141.8798139646882,-61.41619292887938
0.2099,67.8856383596509,-124.58397624660185,-57.67609292658913,131.8838376745906,-10.209545433061773,-7.299861427988741,141.87891680200818,-61.41409399047382
0.20995,67.8896960766184,-124.58063614215561,-57.68012584493732,131.88051798309561,-10.209570231681107,-7.2998818409399675,141.87792546749404,-61.41200968124423
0.21000000000000002,67.89367385453767,-124.57723392830238,-57.68407242281783,131.87714245479543,-10.20960143171984,-7.2999085264930565,141.87684153057998,-61.40994168633413
0.21005000000000001,67.89757113873748,-124.57377112657302,-57.68793235838141,131.8737128379498,-10.20963878035608,-7.299941711376765,141.87566605741702,-61.407890492813294
0.2101,67.90138567770141,-124.57025083815934,-57.691703632790855,131.8702324766967,-10.209682044910581,-7.299981638537353,141.87440068889768,-61.40585749490301
0.21015,67.90511378439902,-124.56667773731085,-57.6953828274966,131.86670625419526,-10.209730956902451,-7.300028516884373,141.87304775954888,-61.40384490012067
0.2102,67.90875417729313,-124.56305447616174,-57.69896896526133,131.86313699285006,-10.209785212031852,-7.300082516688256,141.87160897918676,-61.40185367242306
0.21025000000000002,67.91230574909719,-124.55938365270606,-57.702461204579066,131.8595274940963,-10.209844544518164,-7.300143841390191,141.87008609323135,-61.39988470372626
0.21030000000000001,67.91576665485685,-124.5556687739518,-57.705857984742735,131.85588144669148,-10.209908670114105,-7.300212672739656,141.86848129180547,-61.39793932347122
0.21035,67.91913488896826,-124.55191374680149,-57.709157594851234,131.85220292401993,-10.209977294117058,-7.30028917721842,141.86679703882984,-61.3960189956442
0.2104,67.92240863319816,-124.54812252404523,-57.71235848538513,131.84849607089384,-10.210050147813048,-7.3003735468485935,141.8650359278132,-61.39412512695403
0.21045,67.92558707757756,-124.54429810876543,-57.715460152691755,131.8447640364689,-10.210126924885772,-7.300465927703477,141.86320020089283,-61.39225858324248
0.21050000000000002,67.9286690185707,-124.5404441439448,-57.718461700332725,131.8410106034731,-10.210207318237966,-7.300566459528273,141.86129247333665,-61.39042049390278
0.21055000000000001,67.93165343007006,-124.53656426544839,-57.7213623771786,131.83723958405378,-10.210291052891478,-7.300675318605339,141.85931543887173,-61.388611924323556
0.2106,67.93453938428318,-124.53266219775647,-57.724161566992635,131.83345482957375,-10.210377817290533,-7.300792631817267,141.85727191587762,-61.38683392245754
0.21065,67.93732544095096,-124.52874261835487,-57.726858173679666,131.8296610933781,-10.21046726727134,-7.3009184750232174,141.85516531370354,-61.385087902597895
0.2107,67.94001194769749,-124.52480793602695,-57.72945287410793,131.82586087142258,-10.210559073589534,-7.301052935395634,141.85299790613408,-61.3833742065633
0.21075000000000002,67.94259890427575,-124.52086115652457,-57.73194598815367,131.82205726238777,-10.21065291612211,-7.301196105863212,141.85077232440352,-61.38169341522405
0.21080000000000002,67.94508469363664,-124.51690800277659,-57.73433623608111,131.81825604829416,-10.210748457555509,-7.30134804551758,141.84849281045388,-61.380047208675805
0.21085,67.94746924100711,-124.51295214071708,-57.736623888323294,131.81446093110662,-10.210845352683824,-7.3015087903895175,141.8461625390483,-61.37843632254422
0.2109,67.94975316755836,-124.5089962638892,-57.738809904196565,131.81067464054763,-10.210943263361829,-7.301678376658374,141.84378416473976,-61.37686105780161
0.21095,67.95193648531912,-124.50504427540469,-57.7408946301149,131.80690111157708,-10.21104185520419,-7.301856836172363,141.8413611120724,-61.375322165688566
0.21100000000000002,67.95401895377586,-124.50110083712374,-57.74287814421262,131.8031450568817,-10.211140809563203,-7.302044219757944,141.83889735057087,-61.37382063410055
0.21105000000000002,67.9560006812111,-124.49717031524307,-57.74476088156977,131.79941087010852,-10.211239799641357,-7.302240554865405,141.83639675727593,-61.372357270338426
0.2111,67.95788292755577,-124.49325504335954,-57.74654445038475,131.79570085794484,-10.211338477171061,-7.302445814585273,141.8338619769142,-61.37093208021685
0.21115,67.9596664226864,-124.48935858096691,-57.748229909505376,131.7920185781531,-10.211436513181017,-7.302659997186168,141.83129647642428,-61.36954549495141
0.2112,67.96135148268178,-124.48548570648822,-57.74981790233072,131.78836879897472,-10.211533580351112,-7.302883092486422,141.8287045944258,-61.36819832865861
0.21125000000000002,67.96293932079044,-124.48163950345041,-57.751309981800524,131.78475455105024,-10.21162933898998,-7.303115047599786,141.82608961184974,-61.36689074949134
0.21130000000000002,67.96443098332279,-124.47782369543535,-57.752707527807495,131.78117950164025,-10.211723455515292,-7.303355806204875,141.8234552915657,-61.36562310888543
0.21135,67.96582770359853,-124.4740418402912,-57.754012120046106,131.77764709865775,-10.211815583552436,-7.303605258366507,141.82080534073202,-61.36439566007317
0.2114,67.96713096164851,-124.4702971180551,-57.75522557173894,131.7741604219119,-10.21190538990958,-7.30386330385672,141.81814325330447,-61.36320849582883
0.21145,67.96834189907618,-124.46659402499122,-57.75634933173484,131.7707239207753,-10.211992567341335,-7.304129895784047,141.8154735164386,-61.362062083943385
0.21150000000000002,67.9694621165655,-124.4629361308557,-57.75738532732565,131.7673410400122,-10.212076789239887,-7.304404909156468,141.812800024288,-61.360956550203255
0.21155000000000002,67.97049353900358,-124.45932628351017,-57.75833580916556,131.76401447446426,-10.212157729838058,-7.304688190954059,141.81012619302254,-61.35989176577449
0.2116,67.97143819001867,-124.45576724231985,-57.75920310042351,131.76074689176755,-10.212235089595172,-7.304979649447732,141.80745540871266,-61.358867549766444
0.21165,67.97229795180816,-124.45226263772102,-57.75998938191694,131.75754181127806,-10.2123085698912,-7.305279173556998,141.80479175436096,-61.35788394022572
0.2117,67.97307465746182,-124.44881688081104,-57.76069678782798,131.7544034939572,-10.212377869633883,-7.305586613146136,141.80213997476383,-61.356941143920814
0.21175000000000002,67.97377094519999,-124.44543131820583,-57.76132825182041,131.75133312410514,-10.212442693379572,-7.305901805899296,141.79950251141503,-61.35603848866661
0.21180000000000002,67.97438930147453,-124.4421080908759,-57.761886550978616,131.74833266127112,-10.212502750495922,-7.306224570395149,141.7968824305022,-61.35517550995467
0.21185,67.97493177003695,-124.43885227633727,-57.76237401239878,131.7454069913063,-10.212557757638164,-7.306554714968947,141.79428516337768,-61.35435246911984
0.2119,67.97540098825577,-124.43566641813887,-57.76279354711253,131.74255846997036,-10.212607441143225,-7.306892051831457,141.79171420234857,-61.35356892621896
0.21195,67.97579976240392,-124.43255233343352,-57.763148230005946,131.73978870021998,-10.212651532397988,-7.307236366786447,141.78917248348375,-61.35282424069145
0.21200000000000002,67.97613081810088,-124.42951292622362,-57.76344105067103,131.73710032708829,-10.21268976742987,-7.307587400864674,141.78666385826565,-61.35211801110881
0.21205000000000002,67.97639699634733,-124.42655097237751,-57.76367509957516,131.7344958991864,-10.212721896772186,-7.3079449268088625,141.78419212128932,-61.3514497702959
0.2121,67.97660122546326,-124.42366942912318,-57.76385354334261,131.731978170839,-10.212747682120659,-7.3083087417158366,141.7817612684134,-61.35081905523076
0.21215,67.97674662118891,-124.42086984640314,-57.76397973060661,131.72954844546476,-10.212766890582314,-7.3086785990615555,141.77937415060381,-61.350225063729624
0.2122,67.97683633096946,-124.41815398105206,-57.764057031966836,131.72720823144635,-10.212779299002621,-7.309054250394259,141.7770338158483,-61.3496670223797
0.21225000000000002,67.97687354849427,-124.41552418796807,-57.76408885480631,131.72495962725185,-10.212784693687944,-7.309435439283714,141.7747438593872,-61.349144257181166
0.21230000000000002,67.97686155716829,-124.4129821131278,-57.76407868650499,131.72280402052618,-10.212782870663345,-7.309821907398347,141.77250729758532,-61.34865592487997
0.21235,67.97680372099504,-124.41053037906858,-57.764030086023226,131.7207437968029,-10.212773634971818,-7.3102134177342615,141.7703280426614,-61.34820134278821
0.2124,67.97670346106499,-124.40817018226358,-57.76394665832507,131.71877984384216,-10.212756802739912,-7.310609661578582,141.76820878297298,-61.34777953154619
0.21245,67.9765641971526,-124.40590201677445,-57.7638319941959,131.71691233045672,-10.21273220295671,-7.311010313682246,141.7661515900636,-61.347389376029646
0.21250000000000002,67.97638954754169,-124.40372876149968,-57.7636898747929,131.71514386534886,-10.212699672748794,-7.311415103849195,141.76416072366075,-61.34703015275914
0.21255000000000002,67.97618316926517,-124.40165219787278,-57.76352410597692,131.71347591124342,-10.212659063288262,-7.311823713370597,141.7622394991769,-61.346700911738075
0.2126,67.97594861663656,-124.39967247291251,-57.763338377626695,131.71190828417065,-10.212610239009862,-7.312235811258153,141.76038974868658,-61.34640042253334
0.21265,67.97568947210841,-124.39778991865641,-57.763136400121546,131.7104410194959,-10.212553071986871,-7.312651100839445,141.75861348029153,-61.34612748045396
0.2127,67.97540950715928,-124.39600595398764,-57.76292205768323,131.7090752080327,-10.212487449476056,-7.313069254045021,141.75691374663364,-61.34588102427988
0.21275000000000002,67.97511267001931,-124.39432250691414,-57.762699401115825,131.7078124598918,-10.21241326890349,-7.313489952977664,141.7552941320217,-61.345660028661776
0.21280000000000002,67.97480248399604,-124.39273870752747,-57.762472050719275,131.70665161642242,-10.212330433276767,-7.3139129088949755,141.7537555618809,-61.34546307655956
0.21285,67.97448255517767,-124.39125423260892,-57.76224369294288,131.70559203262778,-10.212238862234813,-7.314337800018874,141.75229948119255,-61.34528882739311
0.2129,67.97415700890475,-124.38987095585544,-57.7620185164558,131.70463523654146,-10.212138492448975,-7.314764280685989,141.75092951189282,-61.345136182099395
0.21295,67.97382958876783,-124.38858871011382,-57.761800321397764,131.7037807390555,-10.212029267370083,-7.315192028941681,141.749647302054,-61.34500378133819
0.21300000000000002,67.97350406123388,-124.38740732519987,-57.761592919671685,131.7030280492072,-10.211911141562195,-7.315620724007312,141.7484545081454,-61.34489025694814
0.21305000000000002,67.97318428941217,-124.38632685789794,-57.761400196524036,131.70237686281408,-10.211784092888152,-7.3160500049160735,141.74735303222496,-61.3447942503693
0.2131,67.97287385905095,-124.38534633200786,-57.761225748710444,131.7018258516378,-10.211648110340501,-7.316479519629942,141.7463437369444,-61.34471430108762
0.21315,67.97257676986445,-124.38446602261624,-57.761073579032995,131.70137495540152,-10.211503190831465,-7.316908932785296,141.74542878155364,-61.34464904419466
0.2132,67.97229690448532,-124.38368566502838,-57.76094755436065,131.70102355678077,-10.211349350124694,-7.317337891752374,141.74460979553362,-61.344597051589915
0.21325000000000002,67.9720377868692,-124.38300392060874,-57.76085117803007,131.70076998843092,-10.211186608839103,-7.317766067822199,141.74388729399848,-61.3445568141405
0.21330000000000002,67.97180295479183,-124.38241951851168,-57.76078795486658,131.700612651539,-10.211014999925267,-7.318193133027258,141.74326185820644,-61.34452683087169
0.21335,67.97159609445791,-124.38193154625316,-57.76076152182288,131.70055029742966,-10.210834572635042,-7.318618751176493,141.74273445508567,-61.344505617554454
0.2134,67.97142139222655,-124.38154015277759,-57.760776015783506,131.70058276891433,-10.210645376443038,-7.319042616136768,141.7423072228495,-61.34449171823808
0.21345,67.9712821993828,-124.38124348160179,-57.76083471492747,131.7007078783937,-10.210447484455361,-7.31946439679186,141.74198013946904,-61.34448358439734
0.21350000000000002,67.9711814201657,-124.3810388174372,-57.76094043824414,131.7009225831316,-10.210240981921585,-7.319883765694328,141.7417522149275,-61.344479659566524
0.21355000000000002,67.97112312322908,-124.38092585611426,-57.7610971700993,131.70122628068304,-10.210025953129788,-7.320300424568762,141.74162513340025,-61.34447844159336
0.2136,67.97111101585548,-124.38090344378477,-57.76130849497831,131.7016174706413,-10.20980252087717,-7.3207140268565265,141.7415996601628,-61.34447839178604
0.21365,67.971148104379,-124.38096910588968,-57.761577287281916,131.7020933447556,-10.209570817097099,-7.321124238865897,141.741675065408,-61.344477964070684
0.2137,67.97123743487772,-124.38112051389962,-57.76190647020362,131.70265128333858,-10.209330964674097,-7.321530769438974,141.74185076653168,-61.344475626585236
0.21375000000000002,67.971382239604,-124.3813556917236,-57.76229912031642,131.70328898764828,-10.209083119287559,-7.32193329592472,141.7421265794803,-61.34446984976005
0.21380000000000002,67.97158617255175,-124.38167331697491,-57.76275872682313,131.70400482407686,-10.208827445728629,-7.322331507101958,141.74250309608368,-61.34445908116793
0.21385,67.971852021201,-124.38207068018583,-57.76328791926238,131.70479580649223,-10.208564101938634,-7.322725126306362,141.74297927545754,-61.344441806906204
0.2139,67.97218247577119,-124.38254499528654,-57.76388920954355,131.70565886328075,-10.208293266227658,-7.323113867994199,141.7435539628664,-61.34441653276825
0.21395,67.97258074641525,-124.38309425675867,-57.764565619799065,131.70659171157905,-10.208015126616147,-7.323497454820403,141.7442269378674,-61.34438173147956
0.21400000000000002,67.97304929038731,-124.38371542575048,-57.765319423826064,131.7075910621548,-10.207729866561271,-7.323875636404301,141.74499671222085,-61.34433594258947
0.21405000000000002,67.97359120296052,-124.38440635109285,-57.76615351414681,131.7086545070126,-10.207437688813695,-7.324248155919738,141.74586288262873,-61.344277651479366
0.2141,67.974209248511,-124.3851644418043,-57.767070421869974,131.70977918015106,-10.207138826641051,-7.324614738346718,141.74682450120375,-61.34420537573358
0.21415,67.9749048785339,-124.38598556392135,-57.768071373219925,131.71096070375458,-10.206833505313995,-7.324975139833196,141.74787863652062,-61.344117799619966
0.2142,67.97568083846744,-124.38686722567077,-57.76915888716673,131.71219635962706,-10.206521951300761,-7.325329133956244,141.74902441875864,-61.344013466856694
0.21425000000000002,67.97654001609109,-124.38780707626697,-57.77033558648043,131.71348354579425,-10.20620442961067,-7.325676469527271,141.75026117013627,-61.34389089811072
0.21430000000000002,67.97748415143755,-124.38880151749653,-57.771602944426114,131.71481843172708,-10.205881207011483,-7.326016914230517,141.75158656790438,-61.34374877946525
0.21435,67.97851480738964,-124.38984686277124,-57.772962259703355,131.71619712051154,-10.205552547686311,-7.326350257740265,141.75299812689033,-61.34358584281805
0.2144,67.97963386418043,-124.39093983244172,-57.77441514102437,131.7176161326944,-10.205218723156115,-7.326676300252636,141.754493871292,-61.34340078650116
0.21445,67.98084398867822,-124.39207793493608,-57.77596399210073,131.71907280205073,-10.20487999657752,-7.326994867114604,141.75607289419463,-61.34319218272307
0.21450000000000002,67.98214655754848,-124.39325746574016,-57.777609896129384,131.72056323725653,-10.204536661419123,-7.327305771516319,141.75773260570276,-61.34295882632379
0.21455000000000002,67.98354218522098,-124.39447413806009,-57.779353172070266,131.7220829803985,-10.204189013150687,-7.327608842338434,141.75946953954866,-61.342699669742146
0.2146,67.98503286734706,-124.39572496888513,-57.78119554626762,131.72362891591078,-10.203837321079428,-7.327903947025647,141.76128203606504,-61.34241342837481
0.21465,67.98661988572127,-124.39700639672894,-57.783137994024194,131.72519733293774,-10.20348189169709,-7.328190936208809,141.76316758577798,-61.34209895880373
0.2147,67.98830411526677,-124.39831460146824,-57.78518107603929,131.7267842719526,-10.203123039227526,-7.328469670484331,141.7651232572944,-61.34175521190163
0.21475,67.99008658888602,-124.39964596509516,-57.787325517199164,131.72838599605635,-10.202761071686854,-7.32874003096116,141.76714637251197,-61.34138112180723
0.21480000000000002,67.99196766362031,-124.40099644384287,-57.789571331977655,131.72999833238416,-10.202396331642694,-7.32900188854126,141.76923355577472,-61.34097577993911
0.21485,67.99394837915852,-124.40236257219222,-57.791919238296344,131.7316177175617,-10.202029140862194,-7.329255145369428,141.7713822664181,-61.34053814780991
0.2149,67.99602949224368,-124.40374073688061,-57.79436968380427,131.73324046333835,-10.201659808439388,-7.329499726457728,141.77358969864267,-61.34006725875017
0.21495,67.9982113014132,-124.40512708811889,-57.796922613166416,131.73486262939747,-10.201288688246795,-7.3297355412785565,141.77585261955807,-61.3395622628374
0.215,68.00049402025883,-124.4065178066603,-57.79957789213433,131.73648032563773,-10.200916128124499,-7.329962518977387,141.7781677825544,-61.33902234628055
0.21505000000000002,68.00287713248626,-124.40790872671427,-57.802334699158415,131.73808935526307,-10.200542433327879,-7.330180628548787,141.78053128709348,-61.33844688701726
0.2151,68.00536148342756,-124.40929656841662,-57.80519356443988,131.73968641322818,-10.200167918987736,-7.330389844811512,141.78294066332484,-61.337834951935164
0.21515,68.0079471849714,-124.41067767473167,-57.808154247917805,131.74126780944837,-10.199792937053571,-7.330590134716726,141.78539275891518,-61.33718579497345
0.2152,68.01063235198482,-124.41204743150242,-57.81121452864957,131.7428289191416,-10.199417823335263,-7.3307814876391815,141.78788262406366,-61.33649919270651
0.21525,68.0134170269884,-124.41340235767603,-57.81437412996914,131.74436627144323,-10.1990428970193,-7.3309639137671425,141.79040722806332,-61.33577445784289
0.21530000000000002,68.01630139911403,-124.414739089373,-57.81763289888839,131.7458765133671,-10.198668500225649,-7.331137423994085,141.7929637136197,-61.33501087386544
0.21535,68.01928419595585,-124.41605365122578,-57.820989227563,131.747355696119,-10.198294968392846,-7.331302044893223,141.79554798608768,-61.334208123957566
0.2154,68.02236429399731,-124.41734225486519,-57.82444164664362,131.74880006565922,-10.197922647353709,-7.331457810794,141.7981561865652,-61.33336587474116
0.21545,68.02554060568808,-124.41860123237329,-57.827988710832905,131.75020599633245,-10.197551894855128,-7.3316047639592,141.80078457934016,-61.332483803409914
0.2155,68.0288126299027,-124.41982723160724,-57.83162960257519,131.75157020704552,-10.197183027327519,-7.331742975438231,141.80342998735046,-61.33156144043567
0.21555000000000002,68.03217899627457,-124.42101664451165,-57.83536262712156,131.75288916852446,-10.19681636915302,-7.331872524012825,141.80608859225683,-61.33059857482011
0.2156,68.03563765544085,-124.42216573784295,-57.8391853988522,131.754159233394,-10.19645225658866,-7.331993495551012,141.8087561403657,-61.329595211937765
0.21565,68.03918744331833,-124.42327118995729,-57.84309644092902,131.755377184968,-10.196091002389302,-7.332105995010732,141.81142916407217,-61.328551123026344
0.2157,68.04282628952042,-124.42432948941672,-57.847093362247314,131.7565396247733,-10.195732927273097,-7.332210135356526,141.8141035946594,-61.327466363722806
0.21575,68.04655250360166,-124.42533735090254,-57.85117418194997,131.75764339952133,-10.195378321651685,-7.332306048618759,141.81677574430793,-61.32634089869741
0.21580000000000002,68.05036460767901,-124.42629163608828,-57.85533713639875,131.75868551318834,-10.195027471280255,-7.332393877100064,141.81944215638046,-61.32517464565538
0.21585000000000001,68.05425954338625,-124.4271889178491,-57.859578829419036,131.75966267791426,-10.194680713967218,-7.332473760065177,141.82209836269058,-61.32396802639571
0.2159,68.0582353074574,-124.4280261551576,-57.863896958960474,131.7605720123442,-10.194338348496919,-7.3325458571865365,141.8247407402313,-61.322721163404815
0.21595,68.06229030067112,-124.42880047946849,-57.86828966225761,131.7614108243404,-10.194000638413529,-7.332610344871896,141.8273660114021,-61.32143406924672
0.216,68.06642202979887,-124.42950893557557,-57.87275414140489,131.76217633616847,-10.19366788839399,-7.332667400592871,141.82997039373296,-61.32010705638492
0.21605000000000002,68.0706276461034,-124.43014862828737,-57.87728724882932,131.76286584171794,-10.19334039727414,-7.332717213430566,141.83254998691993,-61.31874057471368
0.21610000000000001,68.07490389962419,-124.43071673883345,-57.881885472285425,131.76347672674288,-10.193018427338798,-7.332759987909385,141.83510076522975,-61.3173352309116
0.21615,68.0792490811388,-124.4312107716216,-57.8865468434628,131.76400670925162,-10.192702237676006,-7.332795937629998,141.8376197260214,-61.315891148062775
0.2162,68.08366064734233,-124.43162820732628,-57.89126856252917,131.76445349255593,-10.192392084813168,-7.33282528522964,141.8401034456361,-61.31440874004054
0.21625,68.0881341387984,-124.43196648081205,-57.896045941884566,131.76481474523348,-10.192088196913835,-7.332848264421371,141.8425475405209,-61.312889090603356
0.21630000000000002,68.0926671012587,-124.43222334479171,-57.90087629830381,131.76508846128223,-10.191790802954916,-7.332865116490469,141.84494886844215,-61.31133263428881
0.21635000000000001,68.09725698847886,-124.43239663493831,-57.90575684480629,131.76527272520374,-10.191500143672574,-7.332876090265438,141.84730431583654,-61.30973985408642
0.2164,68.10190014939897,-124.43248425446731,-57.910683735361964,131.7653656988993,-10.191216414037008,-7.332881444431986,141.84961029800877,-61.30811163730458
0.21645,68.10659354618052,-124.43248425446647,-57.91565373804369,131.7653656988986,-10.190939808136847,-7.332881444432106,141.8518636543161,-61.30644868236103
0.2165,68.11133350827619,-124.43239480823632,-57.92066295617737,131.76527117162806,-10.190670552098833,-7.332876363391759,141.8540610274814,-61.3047519352754
0.21655000000000002,68.11611678373934,-124.43221421676004,-57.92570794928795,131.7650806990618,-10.19040883445143,-7.332866482301725,141.85619937310346,-61.30302221822603
0.21660000000000001,68.12094028296802,-124.43194088927892,-57.93078545271525,131.76479297822746,-10.190154830252778,-7.3328520889485445,141.85827581959646,-61.30126031659306
0.21665,68.12580029908716,-124.43157338783118,-57.93589158726238,131.76440686596106,-10.189908711824769,-7.332833478129864,141.86028733286255,-61.299467263800636
0.2167,68.13069322365746,-124.43111040454576,-57.94102259529972,131.76392135449964,-10.189670628357735,-7.332810949953854,141.86223103999308,-61.297644083337595
0.21675,68.13561480398653,-124.43055083711425,-57.946174066424,131.763335649244,-10.18944073756254,-7.332784812129741,141.86410393875155,-61.29579206650117
0.21680000000000002,68.14056194632137,-124.4298935973797,-57.95134278683376,131.76264897233008,-10.189219159487628,-7.332755374950378,141.86590359566915,-61.29391209648553
0.21685000000000001,68.14553168025776,-124.42913767901965,-57.956525691950596,131.76186062969734,-10.189005988307175,-7.332722950677689,141.86762770811896,-61.2920050284068
0.2169,68.15051901175967,-124.42828251515094,-57.96171766632151,131.7609703762847,-10.18880134543816,-7.332687861133781,141.86927338660206,-61.29007251918048
0.21695,68.15552022051827,-124.42732750553347,-57.966914905214814,131.75997793358405,-10.188605315303477,-7.332650428050476,141.8708383238034,-61.28811576777269
0.217,68.16053235894513,-124.42627202306277,-57.97211439513133,131.75888299765114,-10.188417963813809,-7.332610974588396,141.87232055976256,-61.28613569398177
0.21705000000000002,68.1655515553977,-124.42511574378761,-57.9773121729206,131.75768557834482,-10.188239382477105,-7.332569834557184,141.87371795616878,-61.28413360348239
0.21710000000000002,68.17057377575125,-124.42385852982281,-57.98250414591977,131.75638587014808,-10.188069629831501,-7.332527340325202,141.87502845943152,-61.282110895349376
0.21715,68.17559463898372,-124.4225004933366,-57.98768589839221,131.75498431655188,-10.187908740591537,-7.332483823215255,141.87625006812584,-61.28006913979455
0.2172,68.18061098025555,-124.42104157175544,-57.99285421457295,131.7534811955308,-10.187756765682613,-7.332439623775352,141.87738121152873,-61.278009442161384
0.21725,68.18561939771742,-124.41948188259583,-57.998005658725255,131.75187696591897,-10.187613738992178,-7.33239508332311,141.87842036259062,-61.275933026484395
0.21730000000000002,68.19061521584003,-124.41782208872401,-58.00313556460778,131.75017262317928,-10.187479651232245,-7.332350534455243,141.8793658599309,-61.27384167350725
0.21735000000000002,68.19559505605967,-124.41606259924183,-58.00824056489609,131.7483689118314,-10.187354491163578,-7.3323063125895205,141.88021644242204,-61.271736655223485
0.2174,68.2005551606668,-124.41420409085427,-58.013316907164025,131.7464668501955,-10.187238253502779,-7.33226275934119,141.88097090090656,-61.269619429672275
0.21745,68.2054915885365,-124.41224746560374,-58.01836070065431,131.74446766901403,-10.187130887882205,-7.3322202034102615,141.88162813513438,-61.26749156343104
0.2175,68.21040140159474,-124.41019337417907,-58.02336906317391,131.7423723479944,-10.18703233842083,-7.332178973815311,141.88218730611433,-61.26535421896051
0.21755000000000002,68.21528036236039,-124.40804314536956,-58.02833779784162,131.74018255452347,-10.186942564518771,-7.332139409153905,141.88264754428414,-61.263209150373264
0.21760000000000002,68.22012447718244,-124.40579819168397,-58.033262993145954,131.73790002494772,-10.186861484036507,-7.332101833263701,141.8830081700845,-61.261058041591745
0.21765,68.22493079179516,-124.40345960586794,-58.038141778684874,131.7355261772949,-10.186789013110285,-7.3320665714269495,141.88326872275692,-61.258902146342606
0.2177,68.22969594725313,-124.40102880587743,-58.042970870670715,131.73306276201768,-10.186725076582437,-7.332033956140248,141.8834288316129,-61.25674292472969
0.21775,68.2344163100266,-124.39850750837893,-58.04774674157609,131.7305118158418,-10.186669568450538,-7.3320043074628,141.88348825526612,-61.254581992041544
0.21780000000000002,68.23908786600586,-124.39589782063571,-58.05246548827069,131.72787576578315,-10.186622377735164,-7.331977945147502,141.8834469111408,-61.25242117414564
0.21785000000000002,68.24370781665684,-124.39320135425308,-58.05712444503068,131.7251565332134,-10.18658337162622,-7.331955178960244,141.88330486609402,-61.250261770264665
0.2179,68.2482736101794,-124.39041970038099,-58.06172120664764,131.72235601240834,-10.186552403531765,-7.331936312027349,141.8830622872471,-61.24810498830848
0.21795,68.25278119152095,-124.38755552185414,-58.06625185501812,131.71947717677742,-10.18652933650286,-7.331921654923233,141.88271955766842,-61.24595277659765
0.218,68.25722752510045,-124.38461104950694,-58.07071353398553,131.71652254233373,-10.186513991114902,-7.331911492826791,141.88227717142988,-61.24380663866732
0.21805000000000002,68.2616100181937,-124.38158838020479,-58.07510384368383,131.71349448180555,-10.186506174509905,-7.3319061016006835,141.88173571766964,-61.241667895316816
0.21810000000000002,68.26592558677542,-124.37849010689011,-58.07941987234107,131.710395878189,-10.18650571443434,-7.3319057712989,141.88109598353446,-61.23953813774603
0.21815,68.27017161607029,-124.37531866642685,-58.083659205239805,131.70722943939208,-10.1865124108305,-7.331910772965189,141.88035884456633,-61.23741876081959
0.2182,68.27434502404596,-124.37207702272363,-58.087818973670224,131.7039983900391,-10.186526050375752,-7.331921367315437,141.87952541296707,-61.23531142735527
0.21825,68.27844323496274,-124.36876794851104,-58.091896806424195,131.70070577004373,-10.186546428538525,-7.331937821532692,141.8785968764162,-61.23321758394233
0.21830000000000002,68.282464073387,-124.36539406447261,-58.09589075150887,131.69735445219686,-10.186573321878132,-7.331960387724232,141.87757448146957,-61.231138506073314
0.21835000000000002,68.28640493463541,-124.36195852295928,-58.099798444460546,131.69394782595185,-10.186606490174874,-7.331989302992504,141.87645973368257,-61.22907572469937
0.2184,68.29026382585215,-124.35846413493718,-58.103618124107356,131.69048894565262,-10.18664570174479,-7.33202481071542,141.8752541333581,-61.22703048803078
0.21845,68.29403826122444,-124.35491433959099,-58.10734754694434,131.6869814838669,-10.186690714280086,-7.332067144275917,141.8739594937443,-61.2250043410973
0.2185,68.29772608379595,-124.35131248643894,-58.110984837702055,131.68342898454603,-10.186741246093868,-7.332116498107089,141.87257770731173,-61.22299869531872
0.21855000000000002,68.30132616552943,-124.34766109489594,-58.11452914211576,131.6798341652836,-10.186797023413703,-7.332173070387626,141.87111043387634,-61.2210144367427
0.21860000000000002,68.30483622863194,-124.34396400690068,-58.1179784412514,131.6762010789107,-10.186857787380559,-7.33223707201,141.8695599385916,-61.21905311576208
0.21865,68.30825420801744,-124.34022509438343,-58.121330966673575,131.6725337661941,-10.18692324134388,-7.332308671810643,141.86792861485316,-61.21711621358284
0.2187,68.31157903093525,-124.33644736171716,-58.12458594635106,131.66883539086402,-10.186993084584158,-7.332388029146865,141.86621857310772,-61.21520469172199
0.21875,68.31480935394124,-124.332634286409,-58.12774232557069,131.66510959884778,-10.187067028370539,-7.332475312438771,141.86443220787677,-61.21331969977544
0.21880000000000002,68.31794383668345,-124.32878954995127,-58.13079906710663,131.66136021925576,-10.187144769576808,-7.332570669304462,141.86257209365797,-61.211462426190515
0.21885000000000002,68.32098106682255,-124.32491715546138,-58.13375505812387,131.65759140266857,-10.187226008698712,-7.332674247207175,141.8606410518628,-61.20963414773974
0.2189,68.32392025928314,-124.32102054098362,-58.13660982435015,131.65380671569883,-10.187310434933003,-7.332786174715174,141.85864171050193,-61.207835809547575
0.21895,68.326760897341,-124.31710297120209,-58.13936317153791,131.65000953016462,-10.187397725803072,-7.332906558962537,141.85657667473464,-61.20606822830021
0.219,68.32950189335955,-124.31316870634728,-58.142014323785865,131.64620422178612,-10.18748756957369,-7.333035515438821,141.85444914703024,-61.20433261671695
0.21905000000000002,68.33214282276602,-124.30922131677154,-58.14456318236619,131.64239445020928,-10.187579640399834,-7.333173133437719,141.85226204447,-61.202629818904484
0.21910000000000002,68.3346833049638,-124.30526451963122,-58.14700969801265,131.63858400582896,-10.187673606951158,-7.333319486197729,141.85001843385567,-61.20096069224494
0.21915,68.33712284326948,-124.30130245765866,-58.14935370245127,131.63477710071575,-10.187769140818254,-7.3334746430570705,141.84772169889246,-61.19932621830598
0.2192,68.33946163170894,-124.29733839929177,-58.1515957339292,131.63097703761963,-10.187865897779721,-7.333638638327862,141.84537478980369,-61.19772696432432
0.21925,68.34169949395766,-124.29337645283789,-58.153735951935644,131.627187962065,-10.187963542022016,-7.333811509227121,141.84298121433184,-61.19616379233012
0.21930000000000002,68.3438363992623,-124.28942076196309,-58.15577465138064,131.6234140630655,-10.188061747881639,-7.333993301102391,141.8405445812777,-61.194637519994316
0.21935000000000002,68.34587285150755,-124.28547475132223,-58.15771267807628,131.6196587705065,-10.188160173431266,-7.334184019184249,141.83806812698765,-61.19314863607235
0.2194,68.34780928704629,-124.28154220467651,-58.15955081285065,131.61592585474628,-10.18825847419569,-7.334383650069712,141.83555536998202,-61.19169772336172
0.21945,68.3496463958283,-124.27762664975826,-58.16129007342575,131.6122188503675,-10.188356322402582,-7.3345922006091975,141.83300972669045,-61.19028522529895
0.2195,68.35138467705015,-124.27373229811798,-58.1629312863225,131.6085419653759,-10.188453390727677,-7.334809667257916,141.83043512086672,-61.18891178619279
0.21955000000000002,68.35302496018932,-124.26986295954018,-58.164475623241614,131.60489895870427,-10.188549336947712,-7.335035999164051,141.82783528345612,-61.187577855469044
0.21960000000000002,68.35456864795093,-124.26602134481747,-58.16592482149109,131.60129249017547,-10.188643826459844,-7.3352711453579635,141.82521325884926,-61.18628346588262
0.21965,68.35601661395108,-124.26221171292723,-58.16728007994644,131.59772677397032,-10.188736534004637,-7.335515061043079,141.8225731931102,-61.18502913908572
0.2197,68.3573699788435,-124.25843808227776,-58.16854285420961,131.59420574007194,-10.188827124633866,-7.33576765779417,141.81991914068965,-61.18381526265741
0.21975,68.35863036589775,-124.25470341062727,-58.16971509427203,131.59073225808555,-10.188915271625707,-7.336028847458277,141.81725446913853,-61.182641839903255
0.21980000000000002,68.35979926528334,-124.25101132297726,-58.170798610238535,131.58730986265365,-10.189000655044838,-7.3362985396764175,141.81458306666653,-61.18150905132252
0.21985000000000002,68.36087836164678,-124.24736519702007,-58.17179541217543,131.58394179883607,-10.189082949471365,-7.336576601815941,141.81190869873214,-61.18041696055787
0.2199,68.36186940333914,-124.24376856821927,-58.17270756113579,131.58063148278572,-10.189161842203324,-7.336862914566395,141.80923529993535,-61.17936563955893
0.21995,68.36277431286905,-124.24022475321856,-58.173537284787145,131.57738211141202,-10.189237028081902,-7.337157358193497,141.80656669732375,-61.17835505612568
0.22,68.3635952265226,-124.236736613837,-58.17428702478043,131.57419639561206,-10.1893082017422,-7.337459781775061,141.8039064227489,-61.177385013886585
0.22005000000000002,68.36433425109836,-124.23330752779333,-58.174959185132515,131.57107756065395,-10.18937506596583,-7.337770032860601,141.80125844607716,-61.1764554274763
0.22010000000000002,68.36499372846451,-124.22994025858345,-58.17555640021012,131.56802820058985,-10.189437328254407,-7.3380879420063945,141.79862631261352,-61.175566008736425
0.22015,68.36557600482851,-124.22663800522494,-58.17608130037935,131.56505134380134,-10.18949470444915,-7.338413338576392,141.7960139515677,-61.174716552863195
0.2202,68.36608352617706,-124.2234040284148,-58.17653660838881,131.56215007561366,-10.189546917788284,-7.338746047198841,141.79342539453302,-61.17390683179483
0.22025,68.36651904664102,-124.22024019196276,-58.176925353309365,131.55932603988592,-10.189593693331672,-7.339085847923079,141.7908635981305,-61.17313623625616
0.22030000000000002,68.36688522223497,-124.21714951261752,-58.177250455566465,131.5565820371508,-10.189634766668505,-7.339432524533238,141.78833248201428,-61.17240441632767
0.22035000000000002,68.36718480282809,-124.2141351538801,-58.17751491899112,131.55392102488128,-10.189669883836984,-7.339785871001156,141.78583613989952,-61.17171101746601
0.2204,68.36742075521155,-124.21119907655918,-58.1777219586965,131.55134472293557,-10.189698796515064,-7.34014564637636,141.78337771670115,-61.171055373977126
0.22045,68.36759608239002,-124.20834355533873,-58.17787481649513,131.54885515633416,-10.189721265894907,-7.340511600995354,141.7809606500319,-61.17043686846288
0.2205,68.36771387358127,-124.20557065902412,-58.177976809720434,131.54645415643913,-10.18973706386083,-7.340883497415003,141.778588238964,-61.16985481283715
0.22055000000000002,68.3677772766941,-124.20288293672321,-58.178031305615775,131.5441440201251,-10.189745971078318,-7.341261083401824,141.77626423188408,-61.169308591776925
0.22060000000000002,68.36778954311903,-124.20028254274666,-58.178041765364426,131.54192662853754,-10.189747777754638,-7.3416440857908745,141.77399208144743,-61.16879747632754
0.22065,68.36775399204275,-124.19777050095873,-58.178011707650455,131.53980274815962,-10.189742284392304,-7.342032247200844,141.7717742829132,-61.16832049314365
0.2207,68.3676740069553,-124.19534904005663,-58.17794470590041,131.53777434357673,-10.189729301054891,-7.342425303520092,141.76961441826242,-61.16787688082752
0.22075,68.36755304869142,-124.19301999866046,-58.17784439920965,131.53584294651944,-10.189708649481762,-7.342822947858982,141.7675157652602,-61.1674657744878
0.22080000000000002,68.36739460542417,-124.19078446466376,-58.1777144438245,131.53400935846355,-10.18968016159967,-7.3432248937997935,141.76548095739793,-61.16708615313432
0.22085000000000002,68.36720226545354,-124.18864416160802,-58.17755858630281,131.53227502145228,-10.189643679150752,-7.3436308598442395,141.7635132334972,-61.16673708410717
0.2209,68.36697960624893,-124.1865999376406,-58.1773805475104,131.53064045544775,-10.189599058738562,-7.34404051780721,141.76161506046992,-61.166417467845044
0.22095,68.36673026834573,-124.18465282207092,-58.17718410114014,131.52910637747158,-10.189546167205588,-7.344453555400653,141.7597890945208,-61.166126217646294
0.221,68.36645799922324,-124.18280419220169,-58.17697311750527,131.52767385862535,-10.189484881717988,-7.344869666423678,141.7580383484417,-61.16586227665584
0.22105000000000002,68.36616649759785,-124.18105464338406,-58.176751403427915,131.52634316414935,-10.189415094169924,-7.345288520765344,141.75636512665102,-61.16562445274177
0.22110000000000002,68.36585950035753,-124.17940475049474,-58.17652279421592,131.52511455143366,-10.189336706141603,-7.345709800938921,141.75477173418122,-61.165411536138414
0.22115,68.36554071898131,-124.17785473855871,-58.17629108721444,131.52398792157192,-10.189249631766874,-7.346133183013199,141.75326015746262,-61.16522225775276
0.2212,68.36521402577479,-124.17640540525342,-58.17606022843041,131.52296374562434,-10.189153797344375,-7.346558340370958,141.75183296225782,-61.16505540305247
0.22125,68.36488332058627,-124.17505736799558,-58.17583418082419,131.52204231891056,-10.189049139762092,-7.346984950915,141.7504925698051,-61.164909712494776
0.22130000000000002,68.3645521773976,-124.17380976202455,-58.17561656502286,131.5212224356025,-10.188935612374765,-7.347412673577895,141.74923994586914,-61.16478375286299
0.22135000000000002,68.36422446174656,-124.17266279892439,-58.17541128418392,131.5205039787712,-10.188813177562658,-7.347841179846728,141.7480771398027,-61.16467619741167
0.2214,68.36390412547702,-124.17161679118666,-58.17522231608013,131.51988693313072,-10.188681809396932,-7.348270141943954,141.74700633105,-61.164585708398505
0.22145,68.36359483118726,-124.17067095739581,-58.175053328595034,131.51937016292595,-10.188541502592203,-7.348699205530122,141.74602860134246,-61.16451083714066
0.2215,68.36330039084277,-124.16982492594126,-58.174908129707404,131.51895295506614,-10.18839226113534,-7.349128029124963,141.74514546349553,-61.16445016185657
0.22155,68.36302448596298,-124.16907786705865,-58.17479038928604,131.51863415306624,-10.188234096676934,-7.3495562860075765,141.7443579661076,-61.16440221754526
0.22160000000000002,68.36277088474127,-124.16842913213969,-58.17470384563692,131.51841276656555,-10.188067039104354,-7.349983634425846,141.74366735830856,-61.164365543747365
0.22165,68.36254341771243,-124.16787814121679,-58.1746522839179,131.51828786916795,-10.187891133794526,-7.350409727951163,141.74307497945244,-61.164338671235065
0.2217,68.36234556375244,-124.16742340159166,-58.17463913372622,131.51825764529434,-10.187706430026228,-7.350834243702677,141.7425811997511,-61.1643200772946
0.22175,68.36218102709182,-124.16706393276598,-58.17466803776234,131.51832079292956,-10.187512989329514,-7.3512568601635175,141.7421869468101,-61.16430825921293
0.2218,68.36205334794393,-124.16679834660265,-58.174742452915844,131.51847558433164,-10.187310895028077,-7.351677237729006,141.7418927120455,-61.164301692836816
0.22185000000000002,68.3619659661294,-124.16662503511358,-58.17486573465415,131.51872009907316,-10.187100231475249,-7.352095063959595,141.74169874586917,-61.16429884666391
0.22190000000000001,68.36192261342508,-124.16654294085103,-58.175041518069676,131.5190529689655,-10.186881095355412,-7.352510028114424,141.7416059217833,-61.16429819311482
0.22195,68.36192642221542,-124.1665498350779,-58.17527281017871,131.51947162710158,-10.186653612036714,-7.352921792023656,141.7416137981478,-61.16429818848988
0.222,68.36198060049009,-124.16664367460298,-58.175562697083485,131.5199737259498,-10.18641790340659,-7.353330051346817,141.74172213232634,-61.16429729848636
0.22205,68.36208871653497,-124.16682303449606,-58.175914615532385,131.5205575435995,-10.186174101002583,-7.353734509103416,141.74193139705434,-61.16429398176021
0.22210000000000002,68.36225389006529,-124.16708571015657,-58.17633152428144,131.52122055407497,-10.185922365783854,-7.354134843918378,141.742241165727,-61.16428670382252
0.22215000000000001,68.36247915173489,-124.1674293796827,-58.17681629165899,131.52196013740073,-10.18566286007592,-7.354530757717975,141.74265086603214,-61.164273938880555
0.2222,68.36276738526593,-124.16785152914643,-58.17737163175972,131.52277349358698,-10.185395753506231,-7.354921964440512,141.74315968658286,-61.16425417577202
0.22225,68.36312168915266,-124.16834998354787,-58.17800046085608,131.52365816531474,-10.185121228296559,-7.355308181766893,141.7437672164908,-61.1642258934085
0.2223,68.36354511043598,-124.16892248692074,-58.17870563544815,131.52461162430987,-10.184839474987827,-7.355689137389138,141.74447294914023,-61.16418757319555
0.22235000000000002,68.36403995005979,-124.16956580223021,-58.17948924786346,131.52563035813796,-10.184550702196336,-7.3560645559077456,141.74527515867237,-61.16413776953414
0.22240000000000001,68.36460898123461,-124.17027737527351,-58.180353862353975,131.5267115578883,-10.184255118880642,-7.3564341826147714,141.74617294519618,-61.164075002794874
0.22245,68.36525488528254,-124.1710545495815,-58.18130194501585,131.5278523240576,-10.183952940266712,-7.356797774476077,141.74716527495283,-61.16399780603455
0.2225,68.36597980383914,-124.17189405552229,-58.18233540000824,131.52904913657898,-10.18364440383086,-7.35715508105671,141.7482503168021,-61.16390478396382
0.22255,68.36678631754877,-124.1727931856804,-58.183456566774325,131.53029905315253,-10.183329750774455,-7.357505867472081,141.7494269438968,-61.163794495550405
0.22260000000000002,68.36767644637509,-124.1737486351802,-58.184667216428664,131.53159854438496,-10.183009229946435,-7.357849909204737,141.75069323565634,-61.16366558192305
0.22265000000000001,68.36865212077576,-124.1747570699421,-58.185969014753546,131.5329440533823,-10.182683106022228,-7.358186983440189,141.752047202821,-61.163516710320145
0.2227,68.36971562541262,-124.17581556971018,-58.18736397850673,131.534332452415,-10.182351646905877,-7.358516882704814,141.75348738956114,-61.16334650335579
0.22275,68.37086863399676,-124.17692063892785,-58.18885351233974,131.5357600549585,-10.182015121657038,-7.358839416030613,141.7550115415107,-61.16315368793454
0.2228,68.37211288771836,-124.17806891188896,-58.190439070872856,131.5372233047451,-10.181673816845482,-7.359154392856153,141.75661755070468,-61.162936992504946
0.22285000000000002,68.37344981670276,-124.17925679549562,-58.192121785292564,131.5387184244531,-10.181328031410157,-7.359461628957498,141.7583029600694,-61.16269521144831
0.22290000000000001,68.37488079919342,-124.18048072215866,-58.19390275496367,131.54024169694637,-10.180978044229759,-7.359760974787686,141.76006530998188,-61.162427162612005
0.22295,68.37640760601296,-124.18173751120504,-58.195783459508576,131.54178979644533,-10.18062414650438,-7.360052285240259,141.7619026692484,-61.16213160040409
0.223,68.37803093891961,-124.1830231518848,-58.19776427601758,131.54335855555357,-10.18026666290202,-7.3603354036687145,141.76381186404873,-61.16180749604292
0.22305,68.37975164698813,-124.18433385189172,-58.1998457512882,131.54494405962677,-10.17990589569993,-7.360610207734999,141.76578998313335,-61.16145381128903
0.22310000000000002,68.38157109697019,-124.1856662789321,-58.202028948353615,131.54654286741697,-10.179542148616589,-7.360876588484827,141.76783476808936,-61.16106941442162
0.22315000000000002,68.3834898571409,-124.18701656474585,-58.20431410244864,131.54815099499993,-10.179175754692263,-7.361134430254059,141.76994310605528,-61.1606533520433
0.2232,68.38550850693997,-124.1883809338764,-58.20670147179538,131.549764575048,-10.178807035144613,-7.3613836411715425,141.7721119710444,-61.16020468500131
0.22325,68.38762743118106,-124.18975555875485,-58.20919111284978,131.55137969769663,-10.178436318331286,-7.361624138941761,141.7743381977476,-61.159722532986436
0.2233,68.38984701154662,-124.19113669009911,-58.211783068692995,131.55299253925597,-10.178063942853619,-7.361855849156838,141.77661868813783,-61.15920603215356
0.22335000000000002,68.39216768183715,-124.19252068078147,-58.21447744647442,131.55459939989416,-10.177690235362762,-7.362078719112656,141.7789504590398,-61.15865432021243
0.22340000000000002,68.39458910935777,-124.19390350435671,-58.21727357787848,131.55619620855018,-10.177315531479286,-7.362292704193456,141.78132982550045,-61.15806673234306
0.22345,68.39711135526275,-124.19528145695314,-58.22017118774757,131.55777922987042,-10.176940167515173,-7.362497772917241,141.78375357535157,-61.1574425272526
0.2235,68.39973417499397,-124.19665074411174,-58.22316969654823,131.55934465182702,-10.17656447844574,-7.362693907715269,141.78621826984704,-61.15678105426536
0.22355,68.40245686526137,-124.19800742570457,-58.22626806308964,131.5608885280827,-10.176188802171694,-7.362881102378121,141.78872012159255,-61.15608179672794
0.22360000000000002,68.40527943666856,-124.19934800748915,-58.22946597252301,131.56240737686156,-10.17581346414554,-7.363059369372355,141.79125607841306,-61.15534407224986
0.22365000000000002,68.40820090084634,-124.2006685925614,-58.23276210111504,131.56389732092717,-10.175438799731296,-7.363228728365748,141.79382225375625,-61.15456747356345
0.2237,68.41122009483603,-124.2019653189223,-58.23615493888061,131.56535452512927,-10.175065155955437,-7.363389206206936,141.79641470766063,-61.15375166199453
0.22375,68.41433661107779,-124.2032347453977,-58.23964374683202,131.56677559430952,-10.174692864245726,-7.363540848911819,141.79903023347595,-61.15289611353529
0.2238,68.41754922889345,-124.20447317285159,-58.24322698062161,131.5681568899862,-10.174322248271848,-7.36368371713457,141.80166500656355,-61.152000541662986
0.22385000000000002,68.42085665608049,-124.20567697789994,-58.246903010369266,131.56949485539482,-10.173953645711242,-7.3638178774948875,141.80431523437622,-61.15106469989504
0.22390000000000002,68.42425738789879,-124.2068425633296,-58.25066999057585,131.57078597080096,-10.173587397322887,-7.363943407471309,141.80697704498593,-61.15008842201344
0.22395,68.42774988042153,-124.20796642472327,-58.2545260649196,131.57202683046134,-10.173223815501917,-7.364060405738076,141.80964662907354,-61.149071573686946
0.224,68.43133302180931,-124.20904528872074,-58.258469806319916,131.57321426912245,-10.172863215489423,-7.364168980401673,141.81232058843565,-61.14801391264362
0.22405,68.43500457149933,-124.21007563312305,-58.262498643862095,131.5743448789629,-10.172505927637243,-7.364269245839825,141.8149947624978,-61.14691554743645
0.22410000000000002,68.4387624865895,-124.21105411810808,-58.26661023917365,131.57541545511518,-10.172152247415859,-7.364361337007035,141.81766524600303,-61.145776552099015
0.22415000000000002,68.44260520183609,-124.21197763103388,-58.270802727510336,131.576423028386,-10.171802474325753,-7.364445397352105,141.82032856338637,-61.144596875807935
0.2242,68.44653030367753,-124.21284295015154,-58.27507337908656,131.5773645266204,-10.171456924590979,-7.364521576468859,141.82298073433395,-61.14337674650551
0.22425,68.4505356979913,-124.21364704075246,-58.27941982132221,131.57823708324656,-10.17111587666907,-7.36459004249413,141.82561809668454,-61.142116315408266
0.2243,68.45461897644385,-124.21438690970693,-58.2838393621596,131.57903788120748,-10.170779614284255,-7.364650971500523,141.82823687321394,-61.14081585284595
0.22435000000000002,68.45877744438101,-124.21505962934906,-58.288329009470466,131.57976417607804,-10.170448434910536,-7.364704546728941,141.83083320597828,-61.13947574302476
0.22440000000000002,68.46300883889305,-124.21566245690599,-58.29288623056258,131.58041342266804,-10.17012260833048,-7.3647509657620684,141.8334036074801,-61.13809625324872
0.22445,68.46731034908527,-124.21619267572414,-58.29750794909091,131.5809831114578,-10.169802399994365,-7.364790435733725,141.8359443487108,-61.13667784958242
0.2245,68.47167928174606,-124.21664770218737,-58.30219121100452,131.58147087546556,-10.169488070741542,-7.364823173278159,141.8384518740656,-61.135220982171624
0.22455,68.47611258767986,-124.21702503213005,-58.30693271593524,131.58187443700885,-10.16917987174462,-7.364849404878769,141.84092252574163,-61.133726242356055
0.22460000000000002,68.480607064897,-124.21732227733426,-58.31172901762267,131.58219164357268,-10.16887804727434,-7.364869366238416,141.84335267374337,-61.132194297883906
0.22465000000000002,68.48516036999825,-124.21753722101451,-58.31657755003898,131.58242052377688,-10.168582819959301,-7.364883302762333,141.84573925274776,-61.1306255459619
0.2247,68.48976897719612,-124.21766769158724,-58.32147456677655,131.58255915928038,-10.168294410419588,-7.364891467693084,141.84807866618178,-61.12902081061734
0.22475,68.49442922442466,-124.21771165865297,-58.32641618874289,131.58260578097378,-10.168013035681753,-7.364894122320795,141.850367375245,-61.127380991328764
0.2248,68.49913841518661,-124.2176672298302,-58.33139952375932,131.58255876573918,-10.167738891427316,-7.364891535908974,141.8526024281674,-61.1257066726796
0.22485000000000002,68.5038930276236,-124.21753262581981,-58.3364208604618,131.58241661071256,-10.16747216716182,-7.364883984892684,141.85478057360882,-61.123998752975
0.22490000000000002,68.5086896017854,-124.2173061983614,-58.34147654991193,131.58217795143727,-10.167213051873482,-7.364871753075902,141.85689870475545,-61.12225813389321
0.22495,68.51352461090681,-124.21698643185621,-58.34656289009131,131.58184156298748,-10.166961720815529,-7.364855131131214,141.85895379855756,-61.12048576633168
0.225,68.51839431869888,-124.21657195863988,-58.351675993108756,131.58140637378455,-10.166718325590114,-7.364834415144659,141.8609428601427,-61.118682703854454
0.22505,68.52329556628182,-124.21606149132073,-58.35681254582428,131.58087139932124,-10.166483020457548,-7.364809908000456,141.8628632436255,-61.116849811192886
0.22510000000000002,68.52822448002088,-124.21545393660102,-58.361968522821485,131.58023585600995,-10.1662559571994,-7.364781919408918,141.86471212764638,-61.11498824343385
0.22515000000000002,68.53317730332839,-124.21474833035936,-58.36714005849706,131.57949909081051,-10.166037244831335,-7.364750760451165,141.8664868602305,-61.11309913918157
0.2252,68.5381505339831,-124.21394380571338,-58.37232353929,131.57866055378312,-10.165826994693132,-7.364716748069696,141.868184997158,-61.11118356578177
0.22525,68.5431400898077,-124.21303972398286,-58.377514766272476,131.57771993028086,-10.165625323535219,-7.364680206298041,141.8698040135488,-61.109242839909555
0.2253,68.54814258739529,-124.21203546298452,-58.38271028465591,131.5766769199873,-10.165432302739381,-7.364641457002727,141.87134173623508,-61.10727803409946
0.22535000000000002,68.55315424451987,-124.21093060433562,-58.38790623776223,131.57553143186084,-10.165248006757642,-7.364600827525204,141.87279597748122,-61.10529040141921
0.22540000000000002,68.55817080617544,-124.20972498298842,-58.39309829289306,131.57428363447875,-10.165072513282379,-7.364558651490341,141.87416454252107,-61.1032814112795
0.22545,68.56318877402244,-124.20841840578223,-58.398282911393785,131.5729336648173,-10.164905862628661,-7.364515259035005,141.87544557719667,-61.10125225982018
0.2255,68.56820438404525,-124.20701087867623,-58.403456289500355,131.57148186336508,-10.16474809454489,-7.3644709846888095,141.87663727290618,-61.09920427574822
0.22555,68.57321387877636,-124.20550254759858,-58.40861463323918,131.569928714677,-10.164599245537188,-7.36442616707836,141.8777379463245,-61.09713881255405
0.22560000000000002,68.57821329195804,-124.20389376893222,-58.4137539619769,131.5682749120939,-10.164459329981144,-7.364381143161638,141.87874599700086,-61.09505733841266
0.22565000000000002,68.58319864175301,-124.20218506286783,-58.41887029265361,131.56652131292543,-10.164328349099405,-7.364336250057581,141.8796599598583,-61.09296135878345
0.2257,68.58816676738095,-124.20037681301886,-58.42396047925347,131.56466863651607,-10.16420628812748,-7.3642918234971875,141.88047864666206,-61.09085206202731
0.22575,68.59311365459226,-124.1984698445302,-58.42902052713093,131.56271804588377,-10.164093127461351,-7.364248201353523,141.88120084265742,-61.088731024254656
0.2258,68.59803530154102,-124.19646514811508,-58.43404646848577,131.56067086803415,-10.16398883305524,-7.36420571991908,141.881825483458,-61.08659984936314
0.22585000000000002,68.60292848126838,-124.19436355571592,-58.439035135175075,131.55852826453713,-10.163893346093293,-7.364164708821217,141.88235173979658,-61.08445983620406
0.22590000000000002,68.6077892764138,-124.19216633777464,-58.44398267420963,131.5562918358855,-10.16380660220417,-7.364125498110856,141.88277883191563,-61.082312613185984
0.22595,68.61261419565906,-124.1898747398245,-58.44888566485151,131.55396315788414,-10.163728530807544,-7.36408841805966,141.88310616368554,-61.080159653162475
0.226,68.61739984334027,-124.18749011304408,-58.45374079750916,131.55154390763252,-10.163659045831102,-7.364053794588417,141.8833332771621,-61.07800241573344
0.22605,68.62214239640707,-124.18501418344262,-58.458544352662685,131.54903613086552,-10.163598043744372,-7.364021947422911,141.88345983522748,-61.07584258470921
0.22610000000000002,68.62683868953866,-124.18244850604376,-58.463293272758115,131.54644170232012,-10.163545416780526,-7.363993196276404,141.88348566861532,-61.07368157799297
0.22615000000000002,68.63148536640733,-124.17979489189906,-58.46798431715023,131.5437627508664,-10.163501049257091,-7.363967858967347,141.8834107392175,-61.07152093098971
0.2262,68.63607914509231,-124.17705527527998,-58.472614346716874,131.54100151511312,-10.163464798375452,-7.363946239833131,141.88323515218883,-61.06936217687813
0.22625,68.64061687658054,-124.17423167705124,-58.47718035234775,131.53816032333145,-10.163436524232809,-7.363928646280176,141.88295915219527,-61.06720681880139
0.2263,68.64509512557501,-124.17132647054693,-58.48167904672192,131.5352418531499,-10.163416078853102,-7.363915382602923,141.88258315330458,-61.06505652998328
0.22635000000000002,68.649511239025,-124.1683416988101,-58.486107963685086,131.53224842774853,-10.163403275339954,-7.3639067289383915,141.88210765839884,-61.06291264272033
0.22640000000000002,68.65386228670855,-124.16527974347017,-58.49046434992763,131.52918271551346,-10.163397936780882,-7.363902972043316,141.88153333206034,-61.06077665349728
0.22645,68.65814500008315,-124.1621434093192,-58.49474511432294,131.52604780864704,-10.163399885760237,-7.363904399327803,141.88086104492317,-61.05865026115009
0.2265,68.6623568785743,-124.15893513171129,-58.49894797095933,131.52284640317808,-10.163408907614984,-7.363911271466795,141.88009171536783,-61.056534821041836
0.22655,68.66649526294891,-124.15565763066606,-58.503070473891846,131.5195814798538,-10.163424789057062,-7.363923849187735,141.87922643361063,-61.054431800368214
0.22660000000000002,68.67055759713236,-124.15231372556447,-58.507110280431874,131.51625611835254,-10.163447316700465,-7.363942392788073,141.87826642622912,-61.0523426494409
0.22665000000000002,68.67454141477431,-124.14890634590544,-58.51106515511997,131.5128734937504,-10.16347625965435,-7.36396714784492,141.87721305908838,-61.050268808555764
0.2267,68.6784442123291,-124.14543864546803,-58.51493283155082,131.50943699901472,-10.163511380778258,-7.363998353546693,141.87606787581078,-61.048211775178636
0.22675,68.6822640836457,-124.14191343603515,-58.51871165171558,131.50594967408,-10.163552431930151,-7.364036238044817,141.87483240947174,-61.0461727690136
0.2268,68.68599878253801,-124.13833401707988,-58.5223996243098,131.50241503865388,-10.163599158228212,-7.364081021574,141.87350845485884,-61.04415322547283
0.22685000000000002,68.68964622551,-124.13470373903141,-58.52599492808064,131.49883665443895,-10.163651297429386,-7.364132915407499,141.87209792965925,-61.042154532670736
0.22690000000000002,68.6932048077769,-124.13102566972162,-58.52949623159161,131.49521778714222,-10.163708576185268,-7.364192117420594,141.87060273566289,-61.040177854541504
0.22695,68.6966724917121,-124.12730351538636,-58.532901775534945,131.491562332842,-10.163770716177158,-7.364258817455651,141.86902512329604,-61.03822463304776
0.227,68.70004782072948,-124.12354057858148,-58.53621039212027,131.4878737694285,-10.163837428609243,-7.364333190846983,141.86736727074793,-61.03629602615742
0.22705,68.70332949815858,-124.11974016863061,-58.539421080424134,131.48415556980558,-10.163908417734477,-7.364415401174964,141.8656314392634,-61.03439313691105
0.22710000000000002,68.70651584743781,-124.1159062419005,-58.54253246199179,131.48041184684405,-10.163983385445995,-7.364505604943524,141.86382027191593,-61.032517329408215
0.22715000000000002,68.70960581198352,-124.11204224363351,-58.54554378233113,131.47664619309643,-10.164062029652431,-7.364603949462912,141.86193626453726,-61.03066964898982
0.2272,68.71259839479954,-124.10815174203246,-58.54845435447569,131.47286230931294,-10.164144040323906,-7.364710567280407,141.8599820491613,-61.02885114426891
0.22725,68.71549264173966,-124.10423846183201,-58.551263544808656,131.46906403323695,-10.164229096931011,-7.364825571404896,141.85796041529795,-61.027062879621866
0.2273,68.71828778303562,-124.10030610167047,-58.553970895844,131.46525518129468,-10.164316887191633,-7.364949079624226,141.85587421873092,-61.02530584945768
0.22735000000000002,68.72098299714816,-124.0963586664547,-58.55657590181671,131.46143986574472,-10.164407095331475,-7.365081199290022,141.8537265579149,-61.023581126692605
0.22740000000000002,68.72357801088708,-124.09239959458056,-58.559078625830736,131.45762159530398,-10.16449938505641,-7.365222000723407,141.85152030119218,-61.021889479927935
0.22745,68.72607246549843,-124.0884326604745,-58.56147903555049,131.45380422090005,-10.16459342994797,-7.365371560425533,141.84925856932088,-61.020231774027096
0.2275,68.7284659228756,-124.0844620170952,-58.563777018235776,131.44999196594935,-10.164688904639819,-7.365529948854148,141.84694477564125,-61.018608976257696
0.22755,68.73075848405519,-124.08049118465235,-58.565973016778806,131.44618838489907,-10.164785467276374,-7.365697200246719,141.84458204111326,-61.017021739834995
0.22760000000000002,68.73295016325204,-124.07652406126411,-58.56806737918249,131.4423974130784,-10.164882784069542,-7.365873351814269,141.84217377518414,-61.015470822881845
0.22765000000000002,68.73504116742042,-124.07256445945049,-58.57006064631714,131.43862288967918,-10.164980521103299,-7.3660584302286605,141.83972340579163,-61.013956898933074
0.2277,68.7370319196784,-124.0686160378991,-58.57195358349492,131.4348684727656,-10.165078336183536,-7.366252434866428,141.83723433106883,-61.01248053528757
0.22775,68.73892279046481,-124.06468282626552,-58.573746896537706,131.4311381915783,-10.165175893927078,-7.36645536531276,141.83471024814537,-61.01104239072973
0.2278,68.74071452189172,-124.06076836975369,-58.575441661775585,131.42743558039297,-10.16527286011615,-7.366667210639263,141.83215461056034,-61.009642898117505
0.22785000000000002,68.74240787161351,-124.05687644250266,-58.57703897316791,131.4237643837964,-10.16536889844561,-7.366887941293738,141.82957107972103,-61.008282529863486
0.22790000000000002,68.74400374653239,-124.05301077198328,-58.5785400727199,131.42012828662087,-10.16546367381247,-7.367117514637583,141.82696334864207,-61.006961696727465
0.22795,68.74550328905238,-124.04917480624877,-58.579946434978545,131.41653068444384,-10.165556854073872,-7.3673558781951005,141.82433498020137,-61.00568067174645
0.228,68.74690752567693,-124.04537259932191,-58.58125941444418,131.41297557162872,-10.165648111232718,-7.367602972306794,141.82169001125524,-61.00443988776793
0.22805,68.7482178984719,-124.04160743390614,-58.58248078193054,131.40946615000732,-10.165737116541335,-7.367858716101157,141.8190320055917,-61.00323947993931
0.2281,68.74943596469505,-124.03788254070794,-58.58361242097409,131.4060055544363,-10.16582354372099,-7.368123013728333,141.8163645375461,-61.002079532674294
0.22815000000000002,68.75056314026436,-124.03420192605599,-58.584656068060305,131.4025976889175,-10.165907072204055,-7.368395762861476,141.813691791509,-61.000960332392495
0.22820000000000001,68.75160122315096,-124.03056876799299,-58.58561383762618,131.39924561726147,-10.165987385524826,-7.368676849268477,141.81101741281955,-60.999881868429156
0.22825,68.75255210171998,-124.02698626404172,-58.58648793051488,131.39595240892785,-10.166064171205132,-7.36896614488614,141.80834510789734,-60.99884410210759
0.2283,68.75341772368827,-124.02345777188468,-58.587280603338904,131.39272127577232,-10.166137120349395,-7.369263503887659,141.80567875223628,-60.99784700525674
0.22835,68.75420020873152,-124.01998637543332,-58.587994276053486,131.38955515655854,-10.166205932678059,-7.369568781125214,141.80302206548703,-60.996890435403664
0.22840000000000002,68.75490171681712,-124.0165754299122,-58.58863140320643,131.38645725069898,-10.166270313610708,-7.369881820786793,141.80037902436044,-60.99597428906706
0.22845000000000001,68.75552463287968,-124.01322769694869,-58.58919466149811,131.38343013603193,-10.166329971381568,-7.370202439083265,141.79775319573213,-60.99509826703791
0.2285,68.75607140474376,-124.00994605465216,-58.58968677958916,131.38047651744128,-10.1663846251546,-7.370530462789103,141.79514827910003,-60.994262070744064
0.22855,68.7565445436215,-124.00673357629509,-58.59011054335014,131.37759928207785,-10.166434000271359,-7.370865705782774,141.79256817563197,-60.993465417485496
0.2286,68.7569467487247,-124.00359269876796,-58.590468922645215,131.37480064659485,-10.166477826079495,-7.371207947826899,141.7900163213507,-60.992707833451085
0.22865000000000002,68.75728074524879,-124.00052629194357,-58.59076490181505,131.37208327535933,-10.166515843433762,-7.371556983415782,141.78749654380653,-60.99198892048833
0.22870000000000001,68.75754939436969,-123.99753684292816,-58.59100159359752,131.36944943827856,-10.166547800772147,-7.371912595350452,141.7850124019902,-60.99130815737752
0.22875,68.75775566825348,-123.99462644931988,-58.591182214954905,131.3669009855443,-10.16657345329859,-7.372274536224401,141.78256716832863,-60.99066490731633
0.2288,68.75790257489794,-123.99179777398248,-58.59131000802539,131.36444034049865,-10.166592566872584,-7.372642566516115,141.78016462722607,-60.990058631575565
0.22885,68.75799324238238,-123.98905291519597,-58.59138832584504,131.3620693542857,-10.166604916537374,-7.373016439089709,141.77780812781234,-60.989488638298454
0.22890000000000002,68.75803087377314,-123.98639387818508,-58.59142058714261,131.35978976847255,-10.166610286630531,-7.3733958902874965,141.7755009744462,-60.98895419082634
0.22895000000000001,68.75801874467494,-123.98382259661106,-58.591410273024415,131.3576032496194,-10.166608471650514,-7.3737806530083,141.7732464443168,-60.988454512765884
0.229,68.75796019767161,-123.98134072974466,-58.59136092142064,131.35551118507112,-10.166599276250965,-7.374170455326454,141.77104760736458,-60.98798875018949
0.22905,68.75785865794704,-123.9789504055379,-58.59127614255451,131.35351542451932,-10.166582515392529,-7.374565018981369,141.76890798367972,-60.987556111751324
0.2291,68.7577175921992,-123.97665289388924,-58.591159577229575,131.3516169467112,-10.166558014969645,-7.374964052821971,141.76683036331352,-60.987155623152624
0.22915000000000002,68.75754050830588,-123.97444934760455,-58.59101489655893,131.34981661045222,-10.166525611746934,-7.375367262847613,141.76481745409575,-60.98678627247771
0.22920000000000001,68.75733102685919,-123.97234156009878,-58.59084587353002,131.34811591268624,-10.166485153329168,-7.3757743525873956,141.76287257893333,-60.98644713343518
0.22925,68.75709275229667,-123.97033042041747,-58.590656252927886,131.34651543333501,-10.166436499368805,-7.376185012917538,141.7609982621998,-60.98613710805277
0.2293,68.75682934721962,-123.96841691540932,-58.590449825958714,131.34501584553453,-10.166379521260938,-7.376598930125168,141.7591971421799,-60.98585509685016
0.22935,68.75654454060476,-123.96660209916185,-58.59023043811444,131.3436178842396,-10.166314102490336,-7.377015785077708,141.75747194831067,-60.98559998994595
0.22940000000000002,68.75624202636557,-123.96488645565873,-58.5900018887594,131.3423217164394,-10.166240137606179,-7.377435260780608,141.7558248946142,-60.985370577965995
0.22945000000000002,68.75592560288084,-123.96327080801412,-58.58976806934211,131.34112784237857,-10.166157533538728,-7.377857034364453,141.75425854248587,-60.985165680969736
0.2295,68.75559904297043,-123.96175556472073,-58.58953283104734,131.34003633286682,-10.166066211923114,-7.378280768146082,141.7527750784629,-60.984984046642694
0.22955,68.75526612613358,-123.96034096974728,-58.58930002322253,131.33904711050815,-10.165966102911055,-7.378706140760869,141.75137654855934,-60.98482438793042
0.2296,68.75493067763016,-123.95902728323524,-58.589073528127486,131.338160108333,-10.165857149502669,-7.379132825097759,141.75006503522877,-60.98468540465272
0.22965000000000002,68.75459644008711,-123.9578142884811,-58.58885712846477,131.33737476371516,-10.165739311622346,-7.379560475234029,141.7488421639373,-60.984565732231495
0.22970000000000002,68.75426730592513,-123.9567021870517,-58.58865475008197,131.33669095354094,-10.165612555843186,-7.379988766489157,141.74770999865933,-60.98446403503109
0.22975,68.75394706185455,-123.95569066356853,-58.58847019860402,131.33610802891943,-10.16547686325052,-7.380417365350889,141.74667010010003,-60.984378913321706
0.2298,68.75363937457905,-123.95477895082159,-58.588307141795305,131.33562487286238,-10.165332232783761,-7.380845922040749,141.7457235756928,-60.98430892110214
0.22985,68.7533481320964,-123.9539668700859,-58.588169462755026,131.33524097798843,-10.165178669341392,-7.381274107902493,141.74487215488114,-60.98425264943141
0.22990000000000002,68.7530770613906,-123.95325367681212,-58.58806086925677,131.3349552659891,-10.165016192133828,-7.381701589176945,141.744116994243,-60.98420863525699
0.22995000000000002,68.75282984614903,-123.95263845802589,-58.58798500834852,131.3347664788599,-10.164844837800509,-7.382128020834027,141.74345908210225,-60.984175397726915
0.23,68.75261019149548,-123.95212030466936,-58.587945539325695,131.33467337359116,-10.164664652169769,-7.382553068921809,141.74289942063044,-60.98415144910679
0.23005,68.75242167009343,-123.951697951468,-58.587945978067154,131.3346743565197,-10.164475692026267,-7.382976405051718,141.74243863626126,-60.98413527857874
0.2301,68.75226801184402,-123.95137044918911,-58.58798998426383,131.33476814992102,-10.164278027580204,-7.383397700731891,141.74207770808408,-60.98412538165553
0.23015000000000002,68.7521526903593,-123.95113625233238,-58.588080946859314,131.33495287832744,-10.164071743500013,-7.383816625994994,141.74181696945593,-60.98412022749132
0.23020000000000002,68.75207911474615,-123.95099368568957,-58.58822218018256,131.3352265445477,-10.163856934563594,-7.3842328588581125,141.74165660902293,-60.984118282576794
0.23025,68.75205089005067,-123.95094143809179,-58.58841718398419,131.33558752205963,-10.163633706066513,-7.384646083967778,141.74159722882123,-60.98411801549486
0.2303,68.75207123145903,-123.95097745084114,-58.58866905353092,131.33603343585952,-10.163402177928115,-7.385055985018371,141.7416385880823,-60.98411788605947
0.23035,68.75214347811462,-123.95109990311443,-58.588980997584194,131.33656215595047,-10.163162480530417,-7.38546225283605,141.7417807141815,-60.98411635690626
0.23040000000000002,68.75227097572724,-123.95130697239588,-58.58935621812306,131.33717155282952,-10.162914757604206,-7.385864580433574,141.74202363619952,-60.9841118880278
0.23045000000000002,68.75245666803856,-123.95159618788756,-58.58979750418615,131.3378588551989,-10.162659163852405,-7.386262667311337,141.7423666213305,-60.9841029544199
0.2305,68.75270373288069,-123.95196547499245,-58.59030786904177,131.33862169607556,-10.162395863838913,-7.386656221083105,141.74280939679088,-60.98408802604473
0.23055,68.75301519378506,-123.95241252770323,-58.59089015659833,131.33945747747174,-10.162125037186739,-7.387044949768493,141.74335141259627,-60.98406558207735
0.2306,68.75339387003942,-123.95293476623297,-58.59154700180559,131.34036334329286,-10.161846868233846,-7.387428577059874,141.7439917802895,-60.984034120262635
0.23065000000000002,68.75384258206458,-123.95352964315892,-58.59228102700372,131.34133647222367,-10.161561555060825,-7.3878068290647665,141.74472964028254,-60.98399214435245
0.23070000000000002,68.75436390694784,-123.9541943196946,-58.59309459561011,131.342373752392,-10.161269311337712,-7.3881794326974255,141.74556376018833,-60.98393818705703
0.23075,68.75496061723119,-123.95492624070715,-58.593990271274535,131.34347238242634,-10.16097034595665,-7.38854614171918,141.74649325050748,-60.983870767692245
0.2308,68.75563515269187,-123.95572246278664,-58.59497026777175,131.34462917090548,-10.16066488492019,-7.388906708118746,141.7475167208282,-60.98378844715999
0.23085,68.756389665809,-123.95657975622197,-58.596036492716415,131.34584063777572,-10.160353173092583,-7.389260881553726,141.74863239106466,-60.98368983187643
0.23090000000000002,68.75722666303952,-123.95749534378432,-58.59719121456773,131.34710378289407,-10.160035448471781,-7.389608439109754,141.74983904857496,-60.98357349195407
0.23095000000000002,68.7581482026664,-123.95846598533534,-58.59843624016606,131.34841514655378,-10.15971196250031,-7.389949161218457,141.7511348585872,-60.98343806527131
0.231,68.75915624086828,-123.95948839050257,-58.59977325787272,131.34977121997372,-10.159382982995565,-7.390282829471104,141.75251789295058,-60.98328221606102
0.23105,68.76025279275134,-123.96055937989306,-58.601204014700386,131.35116862342284,-10.159048778050972,-7.390609243529763,141.75398634923485,-60.98310460960434
0.2311,68.76143946614775,-123.96167542700894,-58.6027298414268,131.35260363875346,-10.158709624720954,-7.390928211744495,141.7555379240184,-60.9829039872048
0.23115000000000002,68.76271805483735,-123.96283324275257,-58.60435224552393,131.35407279378455,-10.15836580931341,-7.391239551031972,141.75717061178787,-60.98267907110988
0.23120000000000002,68.76409002892669,-123.96402929448685,-58.606072405677594,131.35557238517757,-10.158017623249114,-7.391543090690688,141.75888203717864,-60.98242865034768
0.23125,68.76555666588318,-123.96525994901654,-58.607891304197516,131.3570986222552,-10.157665361685655,-7.391838673238655,141.76066964357932,-60.98215156244296
0.2313,68.7671193998917,-123.96652176860445,-58.60981007235607,131.35864791934208,-10.15730932753564,-7.392126150737614,141.7625311214668,-60.981846627976815
0.23135,68.76877908956855,-123.96781091230027,-58.6118292579149,131.36021629707616,-10.156949831653623,-7.392405384775901,141.7644635296791,-60.98151279202704
0.23140000000000002,68.7705368346009,-123.96912380567517,-58.613949651923875,131.3618000599054,-10.15658718267696,-7.392676254230235,141.76646427722608,-60.98114896684212
0.23145000000000002,68.77239363562506,-123.9704568576141,-58.61617193879891,131.3633955048609,-10.156221696826176,-7.392938647246797,141.7685307106585,-60.980754096526404
0.2315,68.77434980422618,-123.97180605558131,-58.618496106165566,131.36499851693543,-10.155853698060561,-7.393192461354133,141.77065947394308,-60.98032728619555
0.23155,68.77640608561438,-123.97316777610426,-58.620922574946924,131.36660538472927,-10.155483510667448,-7.393437608624973,141.77284776181733,-60.97986756409868
0.2316,68.77856299005205,-123.974538302537,-58.62345152467109,131.36821231380006,-10.155111465380973,-7.393674011263046,141.77509257377957,-60.97937402335325
0.23165000000000002,68.78082061868646,-123.97591373517609,-58.62608272909784,131.36981534292246,-10.15473788958862,-7.3939016077463595,141.7773905510034,-60.97884586585916
0.23170000000000002,68.78317915438193,-123.97729031096593,-58.62881603642572,131.37141065678642,-10.154363117956207,-7.394120345820469,141.77973849402224,-60.97828229151045
0.23175,68.78563845482437,-123.97866415862005,-58.63165096127807,131.37299434082544,-10.153987493546353,-7.394330182205338,141.78213295120693,-60.97768259396752
0.2318,68.78819853785706,-123.98003158126284,-58.63458719433195,131.37456267728635,-10.15361134352513,-7.394531096023494,141.78457070137978,-60.9770460445535
0.23185,68.79085905621453,-123.98138876426697,-58.63762405118572,131.37611183799638,-10.15323500502883,-7.394723073729411,141.78704824351297,-60.97637202057795
0.23190000000000002,68.7936193325335,-123.98273181888779,-58.64076050925986,131.37763792959828,-10.152858823273643,-7.394906110710507,141.78956185186473,-60.97566000149819
0.23195000000000002,68.79647905408119,-123.98405712653738,-58.64399592953492,131.37913735084211,-10.152483124546311,-7.3950802243047224,141.79210821408617,-60.97490939092363
0.232,68.79943731345449,-123.9853608743717,-58.64732906780474,131.3806063132461,-10.152108245649774,-7.395245438874394,141.79468355970238,-60.974119764516885
0.23205,68.80249320423414,-123.98663935055072,-58.65075867614275,131.38204113958008,-10.151734528091412,-7.3954017890293215,141.7972842072873,-60.97329071739246
0.2321,68.805645933066,-123.98788898064839,-58.6542836354704,131.38343830866873,-10.151362297595584,-7.395549328020309,141.79990665068874,-60.97242183164773
0.23215000000000002,68.8088940435708,-123.9891060196217,-58.65790215806673,131.38479413785583,-10.150991885504082,-7.395688118234102,141.80254691310853,-60.97151289015544
0.23220000000000002,68.81223637533466,-123.99028694056045,-58.66161274945083,131.38610517319583,-10.150623625883812,-7.395818232635375,141.80520135233914,-60.97056361394312
0.23225,68.81567157892033,-123.99142824108826,-58.665413734921174,131.38736799987123,-10.150257843999114,-7.395939758782958,141.80786625615224,-60.96957379557548
0.2323,68.81919797744813,-123.99252640944177,-58.66930311808301,131.38857920656525,-10.149894859365132,-7.396052797123503,141.8105377454557,-60.9685433413827
0.23235,68.82281402378625,-123.99357807792867,-58.67327903213401,131.38973553674583,-10.149534991652223,-7.396157458817114,141.81321213032325,-60.96747214001734
0.23240000000000002,68.82651764202973,-123.994579827722,-58.677339083916095,131.39083369421397,-10.149178558113677,-7.396253866491969,141.81588541972988,-60.96636025679582
0.23245000000000002,68.8303070891508,-123.99552844118487,-58.68148122628391,131.39187059798638,-10.148825862866902,-7.396342156801488,141.81855396031753,-60.96520767877079
0.2325,68.83418048220629,-123.99642076013642,-58.68570327334101,131.39284323684572,-10.148477208865275,-7.3964224767092706,141.82121408301984,-60.96401445395083
0.23255,68.83813519197015,-123.99725356371813,-58.69000229623886,131.39374854769804,-10.148132895731303,-7.39649498397989,141.82386170194692,-60.962780881510994
0.2326,68.84216917063766,-123.99802387517911,-58.69437596003619,131.394583723991,-10.147793210601497,-7.396559848811864,141.82649322699967,-60.96150710295156
0.23265000000000002,68.84628009882728,-123.99872876460714,-58.698821658526505,131.39534601555192,-10.147458440300806,-7.396617250944832,141.8291049773804,-60.960193364711216
0.23270000000000002,68.85046524516723,-123.99936534374739,-58.703336383929695,131.3960327251153,-10.147128861237531,-7.396667381367891,141.83169310886802,-60.95884006671821
0.23275,68.85472214922758,-123.99993088367245,-58.7079174053017,131.39664132480314,-10.14680474392589,-7.396710441130677,141.83425404817723,-60.95744754424446
0.2328,68.85904794186884,-124.0004227120097,-58.71256158515174,131.39716935271474,-10.146486356717128,-7.396746640705012,141.83678407316518,-60.95601628778381
0.23285,68.86343988126596,-124.00083829056673,-58.717265934347665,131.39761449242954,-10.146173946918296,-7.396776201862744,141.83927964088087,-60.95454676895053
0.23290000000000002,68.86789509189285,-124.00117518170393,-58.72202732764483,131.397974536283,-10.145867764248026,-7.396799354579068,141.84173723143545,-60.953039526059996
0.23295000000000002,68.87241042192244,-124.00143104652761,-58.72684236822231,131.39824738444716,-10.145568053700144,-7.396816337919548,141.844153277153,-60.951495214116925
0.233,68.87698299125218,-124.00160368284122,-58.73170795947844,131.39843108373682,-10.145275031773723,-7.3968274008956065,141.84652446180576,-60.94991441872443
0.23305,68.88160938428369,-124.00169098595003,-58.73662046476671,131.39852378597374,-10.144988919516974,-7.396832800023657,141.8488472943791,-60.948297933438916
0.2331,68.8862863923528,-124.00169098594918,-58.74157646081555,131.39852378597297,-10.144709931537273,-7.3968328000237795,141.85111850212562,-60.94664650490667
0.23315000000000002,68.89101097836485,-124.001601829875,-58.74657272137813,131.3984295032197,-10.144438256986733,-7.396827673344639,141.85333499779287,-60.94496084185982
0.23320000000000002,68.89577935925267,-124.00142180074093,-58.7516052737719,131.39823950035054,-10.144174085480772,-7.396817699609586,141.85549345063833,-60.94324194281333
0.23325,68.9005881861346,-124.00114930467932,-58.75667058794013,131.39795247022974,-10.143917598194465,-7.396803165550388,141.85759084827532,-60.94149067683995
0.2333,68.90543409330547,-124.00078287011344,-58.761765135706526,131.39756723412543,-10.143668957598956,-7.396784364011981,141.85962427691638,-60.93970794265988
0.23335,68.91031336564451,-124.00032117864258,-58.76688504707328,131.39708277266382,-10.143428318571239,-7.396761594021261,141.8615907867871,-60.93789479211755
0.23340000000000002,68.91522252180367,-123.9997630237989,-58.7720266925797,131.39649818454907,-10.14319582922399,-7.396735160750204,141.8634876393077,-60.93605221619634
0.23345000000000002,68.9201576970062,-123.99910737392584,-58.77718607336112,131.39581274842666,-10.142971623645105,-7.3967053745007885,141.86531206221835,-60.9341813752518
0.2335,68.92511533978436,-123.9983532946848,-58.78235952251663,131.3950258440877,-10.142755817267721,-7.396672549402911,141.8670615202699,-60.932283337843955
0.23355,68.93009188114509,-123.9974999809709,-58.78754336028464,131.39413698583527,-10.142548520860474,-7.396637004864343,141.86873358239998,-60.93035920380326
0.2336,68.93508321314407,-123.99654685737828,-58.792733378520616,131.39314592196112,-10.142349834623484,-7.396599064582841,141.87032575615345,-60.928410308004466
0.23365000000000002,68.94008581149808,-123.99549338390564,-58.79792597401201,131.39205243789218,-10.142159837486085,-7.396559053986512,141.871835863271,-60.92643778597498
0.23370000000000002,68.94509588257515,-123.99433920685591,-58.8031172805823,131.39085650936957,-10.141978601992873,-7.396517302513569,141.87326175711308,-60.92444290462235
0.23375,68.95010941911167,-123.99308416671374,-58.80830323286459,131.3895583083406,-10.141806186247093,-7.396474141626903,141.87460135655442,-60.9224270441143
0.2338,68.95512288854358,-123.99172813009298,-58.813480252712694,131.3881580348185,-10.141642635830907,-7.396429904725511,141.87585283359897,-60.92039142195945
0.23385,68.96013232015217,-123.99027121807585,-58.81864433059458,131.38665614643824,-10.1414879895576,-7.396384928362383,141.87701436929416,-60.918337460030315
0.23390000000000002,68.96513388126833,-123.98871366407538,-58.8237916180774,131.38505321126974,-10.141342263190955,-7.396339547194338,141.87808430949912,-60.91626655330666
0.23395000000000002,68.97012390199455,-123.98705579631103,-58.828918434577034,131.3833498949362,-10.141205467417521,-7.396294098625138,141.87906116158936,-60.91418005773057
0.234,68.97509853267852,-123.9852981474746,-58.834020928512246,131.38154706913906,-10.1410776041663,-7.396248921664442,141.87994352377956,-60.91207943263418
0.23405,68.9800541519995,-123.98344131968501,-58.83909550233311,131.37964567012503,-10.140958649666409,-7.396204350439952,141.88073016546173,-60.90996607022716
0.2341,68.98498682345189,-123.98148618334535,-58.84413824392085,131.37764690588045,-10.140848579531031,-7.396160722535099,141.88141993673057,-60.907841526461496
0.23415000000000002,68.98989292706621,-123.97943364382046,-58.84914557220321,131.37555201754904,-10.140747354863034,-7.396118373728512,141.88201187159189,-60.905707252310435
0.23420000000000002,68.99476905650661,-123.97728466281713,-58.85411414463663,131.37336229557712,-10.140654911869989,-7.396077632759977,141.8825051566467,-60.90356463430317
0.23425,68.99961124746605,-123.97504060072526,-58.859040059507045,131.37107943252602,-10.140571187958995,-7.396038831800737,141.88289905500562,-60.90141533404245
0.2343,69.0044160575129,-123.97270274697863,-58.86391995051749,131.36870504698925,-10.140496106995409,-7.39600230001062,141.88319302098142,-60.89926081495952
0.23435,69.00918010297049,-123.9702725132213,-58.86875053211612,131.36624087183114,-10.140429570854364,-7.395968358609842,141.88338664370318,-60.89710254368865
0.23440000000000003,69.01389974755038,-123.96775159933316,-58.87352827251642,131.36368892709774,-10.140371475033968,-7.3959373277645835,141.88347964072105,-60.89494213255912
0.23445000000000002,69.01857176268823,-123.96514165508847,-58.87825005558124,131.361051180821,-10.140321707106986,-7.395909525732502,141.88347188354072,-60.892781040169716
0.23450000000000001,69.02319270254884,-123.96244461134681,-58.8829125623294,131.35832987627583,-10.140280140219463,-7.395885264928987,141.883363383007,-60.890620856983155
0.23455,69.02775935089821,-123.95966243668194,-58.887512718895756,131.3555272871397,-10.140246632002478,-7.395864850457707,141.8831542940234,-60.88846309987315
0.2346,69.03226865912154,-123.95679716087099,-58.89204762545914,131.352645745795,-10.140221033662382,-7.395848584924018,141.88284490595206,-60.88630923862839
0.23465,69.0367173296465,-123.95385114094053,-58.896514144543374,131.349687906106,-10.140203185103122,-7.395836765165468,141.8824356723691,-60.884160895216
0.23470000000000002,69.04110254916056,-123.95082659118606,-58.90090963924541,131.34665626940478,-10.140192909915175,-7.395829678218684,141.88192715720342,-60.88201949278017
0.23475000000000001,69.04542134028242,-123.94772600431516,-58.90523131309715,131.34355361293746,-10.140190027185264,-7.395827608622258,141.8813200872402,-60.8798865671414
0.2348,69.04967074002595,-123.94455204639944,-58.909476398558716,131.34038287744133,-10.140194341467234,-7.395830831041912,141.88061534715945,-60.87776368321718
0.23485,69.05384830514964,-123.94130717368255,-58.913642660734425,131.3371467841516,-10.140205644415248,-7.395839610469003,141.87981389074255,-60.87565218145442
0.2349,69.05795124826768,-123.93799427848433,-58.91772752357393,131.33384848775862,-10.140223724693746,-7.395854209274284,141.87891688472155,-60.87355360955196
0.23495000000000002,69.06197699248017,-123.9346162780003,-58.92172863700371,131.33049115495533,-10.140248355476484,-7.395874876954958,141.87792561947415,-60.87146944600512
0.23500000000000001,69.06592328550414,-123.93117600120473,-58.92564398194766,131.32707785790006,-10.140279303556463,-7.3959018566953425,141.87684146583163,-60.8694010376266
0.23505,69.06978776806874,-123.92767654998232,-58.929471439598316,131.32361193429182,-10.14031632847043,-7.395935384309484,141.87566598047422,-60.86734982280701
0.2351,69.0735683279977,-123.9241209945904,-58.93320915401882,131.320096674407,-10.140359173978915,-7.395975679816597,141.87440081228343,-60.8653171467578
0.23515,69.07726279524253,-123.92051265166369,-58.93685520976042,131.31653561442906,-10.140407585482174,-7.396022962765294,141.8730477967332,-60.86330442376259
0.23520000000000002,69.08086928721119,-123.91685475852432,-58.94040798931678,131.3129321992327,-10.140461297894435,-7.396077440708365,141.87160883954888,-60.86131295134028
0.23525000000000001,69.08438614665758,-123.9131505120582,-58.9438661168808,131.30928981402968,-10.140520029776788,-7.3961393019714645,141.8700859204804,-60.859343939804305
0.2353,69.08781146657832,-123.90940356976192,-58.94722796390407,131.30561230445497,-10.140583502674303,-7.396208734692996,141.86848129960228,-60.857398778399805
0.23535,69.0911438110964,-123.90561729089758,-58.950492381702915,131.30190320533583,-10.140651429393483,-7.396285914438248,141.86679720556174,-60.855478631796295
0.2354,69.0943818221282,-123.90179514064006,-58.9536583115324,131.29816613977516,-10.140723510595839,-7.396370999135067,141.86503599708837,-60.85358465831606
0.23545000000000002,69.09752406136388,-123.89794089011708,-58.95672461535414,131.29440503114458,-10.14079944600978,-7.396464141027454,141.86320026075018,-60.85171810503505
0.23550000000000001,69.1005695446876,-123.89405797301652,-58.95969061501817,131.29062345377486,-10.140878929669464,-7.3965654807582935,141.861292509343,-60.84987999272184
0.23555,69.10351719094201,-123.89015015097887,-58.96255554240282,131.28682529571822,-10.140961648539205,-7.396675144739313,141.85931549458041,-60.84807144116996
0.2356,69.10636608685434,-123.88622119265695,-58.965318801245836,131.2830144408604,-10.141047285608533,-7.396793248203389,141.8572720558458,-60.84629351262428
0.23565,69.10911560239711,-123.8822746993786,-58.96798007991185,131.27919459761745,-10.141135522485312,-7.396919898238837,141.85516502418156,-60.84454713678553
0.23570000000000002,69.11176506217917,-123.878314559475,-58.97053902704115,131.2753697467154,-10.141226035138018,-7.397055187240386,141.85299745901065,-60.84283331611429
0.23575000000000002,69.11431411438458,-123.87434441456094,-58.972995620611975,131.27154360598334,-10.141318493772605,-7.397199191422383,141.85077236179959,-60.84115289067605
0.2358,69.11676239609977,-123.87036815238726,-58.97534982499011,131.26772013511348,-10.141412571109614,-7.397351982726235,141.84849294344605,-60.83950675317093
0.23585,69.11910968219665,-123.86638969117405,-58.97760174735196,131.26390330776437,-10.141507934844675,-7.397513616590287,141.8461625084913,-60.83789575398155
0.2359,69.12135613912335,-123.86241252856732,-58.9797518908269,131.26009666000456,-10.141604248296506,-7.397684131437216,141.8437841849565,-60.836320522867084
0.23595000000000002,69.12350177545761,-123.85844067541616,-58.9818005978335,131.2563042357012,-10.141701177624146,-7.397863560285022,141.84136147205888,-60.834781846553014
0.23600000000000002,69.12554682537537,-123.85447800516422,-58.983748440587405,131.25252992267906,-10.141798384788002,-7.398051917514802,141.83889785894021,-60.83328040541459
0.23605,69.12749180665179,-123.85052810368481,-58.98559627399857,131.24877731075722,-10.141895532653235,-7.398249207072379,141.83639672185816,-60.83181672343702
0.2361,69.12933721352374,-123.8465948624857,-58.98734492798171,131.245050285572,-10.14199228554204,-7.39845542308628,141.83386169252302,-60.8303913933228
0.23615,69.13108377959905,-123.84268194990284,-58.98899547513288,131.24135248861612,-10.142088304466178,-7.39867053871323,141.8312963244951,-60.82900487964182
0.23620000000000002,69.13273231196204,-123.8387931518586,-58.9905490559727,131.23768767604267,-10.142183255989357,-7.3988945241840485,141.82870430990414,-60.82765764442489
0.23625000000000002,69.13428378886302,-123.83493215311371,-58.992006981707014,131.23405948832877,-10.142276807156007,-7.399127335215031,141.82608933607852,-60.82635006962475
0.2363,69.13573938528295,-123.83110244541697,-58.99337076155411,131.23047135214983,-10.14236862372885,-7.399368906732846,141.8234550178394,-60.82508242999257
0.23635,69.13710027355718,-123.8273078370773,-58.99464189485507,131.2269270104746,-10.142458378702132,-7.399619173397279,141.82080524526083,-60.82385506374331
0.2364,69.13836790304329,-123.82355170527342,-58.99582215717743,131.22342975761504,-10.142545745865885,-7.399878052341613,141.81814366718064,-60.82266812664654
0.23645000000000002,69.1395437953701,-123.8198375297023,-58.99691339503143,131.21998297181042,-10.14263040033868,-7.400145442108107,141.8154740573601,-60.821521769327504
0.23650000000000002,69.14062952806653,-123.81616898044614,-58.99791750392294,131.21659021875132,-10.142712024143602,-7.40042123830515,141.81280038322257,-60.820416160344315
0.23655,69.1416269745198,-123.8125491078728,-58.99883667200227,131.21325442933716,-10.14279030251752,-7.400705321464398,141.81012621556,-60.81935124195698
0.2366,69.14253800700818,-123.80898131408001,-58.99967308261466,131.20997887041898,-10.142864924393528,-7.400997556338907,141.80745543193694,-60.81832702621392
0.23665,69.14336461604267,-123.80546897448886,-59.000429031307874,131.20676677326855,-10.14293558473481,-7.401297798779656,141.80479194449018,-60.81734347830951
0.23670000000000002,69.14410899561693,-123.80201504116489,-59.00110701082899,131.20362093727152,-10.14300198478796,-7.401605896106621,141.8021393951818,-60.81640040834245
0.23675000000000002,69.14477338614823,-123.79862268550757,-59.001709555018756,131.2005443669491,-10.143063831129481,-7.40192168144146,141.7995016403459,-60.815497653316186
0.2368,69.14536018831055,-123.79529476507106,-59.002239351867146,131.19753973971325,-10.143120836443472,-7.402244974642199,141.79688234069897,-60.81463493192342
0.23685,69.14587187527725,-123.7920342445255,-59.00269915352688,131.1946098375359,-10.143172721750362,-7.402575593010347,141.79428528607926,-60.81381195842696
0.2369,69.14631102775934,-123.78884402328211,-59.00309181345482,131.19175736124197,-10.143219214304539,-7.4029133379598315,141.79171426204036,-60.81302839632472
0.23695000000000002,69.14668038599706,-123.78572648105593,-59.00342033733797,131.188984478513,-10.143260048659114,-7.403257997457077,141.78917267847368,-60.81228375043983
0.23700000000000002,69.14698272025977,-123.7826844150901,-59.00368775170063,131.18629377411372,-10.143294968559125,-7.403609359023585,141.7866643246878,-60.811577597274095
0.23705,69.14722092334688,-123.77972033112266,-59.00389719814335,131.18368752391598,-10.143323725203576,-7.403967192793269,141.78419279550553,-60.810909412645486
0.2371,69.14739799546967,-123.77683639031834,-59.00405191675693,131.1811676505666,-10.143346078712755,-7.40433126024824,141.78176143756826,-60.81027856654059
0.23715,69.14751699475615,-123.77403505445986,-59.00415519616143,131.17873637296825,-10.14336179859473,-7.404701318508366,141.77937388845652,-60.80968446771742
0.23720000000000002,69.14758108200276,-123.77131833103422,-59.00421041856517,131.17639543922692,-10.143370663437615,-7.405077108192698,141.77703343946212,-60.809126399125
0.23725000000000002,69.14759348858618,-123.76868822447001,-59.004221026682124,131.1741465946227,-10.143372461904084,-7.405458370152671,141.77474341387057,-60.80860361814231
0.2373,69.14755752053068,-123.76614671877412,-59.00419052798276,131.1719915540501,-10.143366992547941,-7.405844835275985,141.77250715377866,-60.80811535171348
0.23735,69.14747655123917,-123.76369546217175,-59.004122486798984,131.1699316817497,-10.143354064440185,-7.406236219577943,141.77032774123563,-60.80766073674147
0.2374,69.14735402453985,-123.76133622068022,-59.00402052756153,131.1679684650417,-10.143333496978315,-7.406632244361469,141.76820839568828,-60.807238908407946
0.23745000000000002,69.14719342954642,-123.7590703272183,-59.003888309082384,131.16610294619247,-10.143305120464058,-7.4070326189741165,141.76615198079008,-60.80684890044442
0.23750000000000002,69.14699831846005,-123.75689918799507,-59.00372954176341,131.16433622980642,-10.143268776696628,-7.407437041811388,141.76416145514594,-60.80648973866279
0.23755,69.14677231587773,-123.75482426862952,-59.003547997816135,131.16266948313523,-10.143224318061593,-7.40784521450571,141.7622398647228,-60.80616043493334
0.2376,69.14651903010117,-123.75284632353447,-59.00334742119077,131.1611031513873,-10.143171608910409,-7.4082568278528145,141.76038962685055,-60.805859866553966
0.23765,69.14624215673878,-123.7509664321862,-59.00313163107119,131.15963799787747,-10.143110525667607,-7.408671565691209,141.7586134853838,-60.80558694397825
0.23770000000000002,69.14594543893162,-123.7491855766436,-59.002904482864444,131.15827468858814,-10.143040956067177,-7.4090891119445415,141.75691412247332,-60.805340541562146
0.23775000000000002,69.1456325852954,-123.74750420977122,-59.00266978535099,131.15701335556102,-10.14296279994442,-7.4095091457898326,141.75529374160251,-60.805119441388456
0.2378,69.145307389779,-123.7459230103362,-59.00243141974465,131.1558543495387,-10.142875970034375,-7.409931339202525,141.75375478521576,-60.804922439842116
0.23785,69.14497362348611,-123.74444229816433,-59.002193231962025,131.15479765940194,-10.142780391524106,-7.4103553612375554,141.75229937139048,-60.80474827047718
0.2379,69.14463508492804,-123.74306233012818,-59.00195908451381,131.15384321570141,-10.142676000414243,-7.41078088557322,141.75092957672572,-60.8045956446416
0.23795000000000002,69.14429560892724,-123.74178332968339,-59.00173286244273,131.15299090764813,-10.142562746484511,-7.411207577964764,141.74964746645765,-60.80446325416226
0.23800000000000002,69.14395894520412,-123.74060504947624,-59.001518352262075,131.15224014930212,-10.142440592942057,-7.411635099825833,141.7484546533984,-60.80434972794978
0.23805,69.14362894396797,-123.73952748230911,-59.001319430807406,131.1515906025588,-10.14230951316057,-7.412063120249659,141.74735300909947,-60.80425370669483
0.2381,69.14330939162056,-123.73855027898489,-59.00113989647955,131.15104157970458,-10.142169495141028,-7.4124913007196485,141.74634407550073,-60.804173786064034
0.23815,69.14300401275771,-123.7376728172846,-59.00098347343969,131.1505921208716,-10.142020539318045,-7.412919303586975,141.74542912611187,-60.80410852959866
0.23820000000000002,69.14271665167331,-123.7368947388005,-59.000853994389985,131.1502415345604,-10.141862657283362,-7.413346795759843,141.7446097231728,-60.80405651052548
0.23825000000000002,69.14245098485847,-123.73621513900572,-59.000755108395104,131.14998857522573,-10.141695876463373,-7.413773436220003,141.74388687036864,-60.80401625351476
0.2383,69.14221069267613,-123.73563308185251,-59.000690458227666,131.1498319738214,-10.14152023444848,-7.414198891968863,141.74326154578657,-60.80398627557636
0.23835,69.14199950265903,-123.73514769116723,-59.00066372129938,131.14977052273596,-10.141335781359633,-7.414622831568747,141.74273480281335,-60.8039650888117
0.2384,69.14182099379028,-123.73475769677904,-59.00067841107654,131.1498026159919,-10.141142582713766,-7.4150449192128,141.74230727844792,-60.80395117999224
0.23845000000000002,69.14167877639727,-123.73446186952506,-59.00073806370137,131.14992669976976,-10.140940712695885,-7.4154648302447255,141.7419796607888,-60.80394303286433
0.23850000000000002,69.14157632567219,-123.73425867063494,-59.00084606567428,131.1501409089046,-10.14073025999791,-7.415882238269663,141.74175230174893,-60.80393911777056
0.23855,69.14151712540215,-123.73414656684784,-59.0010057988827,131.15044338554327,-10.140511326519466,-7.416296818695411,141.7416255622478,-60.80393790307707
0.2386,69.14150467159443,-123.73412402440658,-59.001220649676476,131.15083228351813,-10.140284021917958,-7.41670825911151,141.74159980873415,-60.8039378527209
0.23865,69.14154215703381,-123.73418895109283,-59.001493685846945,131.15130519603835,-10.14004847118688,-7.417116244945507,141.74167477223355,-60.80393742751124
0.23870000000000002,69.14163291998368,-123.7343395229438,-59.00182810814733,131.1518599883263,-10.139804811836354,-7.417520465382495,141.74185048891135,-60.80393508981966
0.23875000000000002,69.14178022058053,-123.73457377525338,-59.00222703064211,131.15249439523663,-10.139553189938434,-7.417920619983219,141.74212683396098,-60.803929301848164
0.2388,69.14198703750488,-123.73488930463456,-59.002693273741535,131.15320571707846,-10.139293763763362,-7.418316412443851,141.7425031623354,-60.80391853864113
0.23885,69.14225650685248,-123.73528397190023,-59.003229802514504,131.15399152201866,-10.139026704337963,-7.418707550118423,141.742979136415,-60.80390127182599
0.2389,69.14259153632707,-123.73575530999064,-59.00383934268528,131.15484905701706,-10.138752193641777,-7.419093747026428,141.74355402096157,-60.80387598901811
0.23895000000000002,69.14299492704937,-123.73630073025373,-59.00452450555806,131.15577545837814,-10.138470421491315,-7.419474728124386,141.74422692261496,-60.80384119152244
0.23900000000000002,69.1434695161376,-123.7369177188962,-59.00528792555914,131.15676794109973,-10.13818159057849,-7.419850222203501,141.74499703094264,-60.80379538276729
0.23905,69.14401786052792,-123.73760342312835,-59.006131946273555,131.15782338834586,-10.137885914254399,-7.420219965217484,141.7458631029364,-60.80373709827881
0.2391,69.1446425772325,-123.73835510408796,-59.007058966135844,131.1589388110222,-10.137583611096643,-7.420583706934241,141.74682402438017,-60.80366487493122
0.23915,69.14534607015824,-123.73916979766001,-59.00807115600883,131.1601109970582,-10.137274914149417,-7.420941199398197,141.7478783805108,-60.803577280471444
0.23920000000000002,69.14613058230596,-123.74004439969754,-59.009170518269066,131.16133660519625,-10.13696006403691,-7.421292205498699,141.74902455588335,-60.80347291191001
0.23925000000000002,69.14699849811608,-123.74097600611182,-59.01035919221099,131.16261250806122,-10.136639305905074,-7.421636501949355,141.7502611787492,-60.80335035590118
0.2393,69.14795177156105,-123.74196128776063,-59.011638871758365,131.16393515559832,-10.13631289980273,-7.421973867837652,141.7515862963931,-60.80320826729156
0.23935,69.14899233095701,-123.74299695026848,-59.01301122076573,131.16530104631053,-10.13598111019132,-7.422304096042018,141.7529979740143,-60.80304531694979
0.2394,69.15012216202702,-123.74407980563817,-59.014477953405546,131.16670679568048,-10.135644208621454,-7.422626990042301,141.75449439777,-60.80286017658331
0.23945000000000002,69.15134287508027,-123.74520635383966,-59.01604039671794,131.16814871333642,-10.135302478362302,-7.422942359496746,141.7560732983997,-60.80265158895926
0.23950000000000002,69.15265610099117,-123.74637317686935,-59.01769989754046,131.1696232073753,-10.134956203450727,-7.423250030505916,141.7577324883936,-60.80241830588561
0.23955,69.15406325589503,-123.7475767236752,-59.01945757734244,131.17112655992406,-10.134605678552582,-7.423549836248849,141.75946955946966,-60.80215912882936
0.2396,69.15556565885566,-123.74881342471687,-59.02131445267344,131.17265504443654,-10.134251206182231,-7.4238416197196875,141.76128203999033,-60.801872889986555
0.23965,69.15716460959105,-123.75007975530488,-59.02327152202334,131.17420499636737,-10.13389308756774,-7.424125241062438,141.76316748818218,-60.80155843734758
0.23970000000000002,69.15886097230805,-123.75137191093874,-59.025329338054284,131.17577247869352,-10.133531634253838,-7.424400567754717,141.76512300571855,-60.80121471751029
0.23975000000000002,69.16065576626318,-123.75268628177675,-59.027488603493865,131.17735376077775,-10.133167162769332,-7.424667479000958,141.7671459400076,-60.80084066086823
0.2398,69.16254981570118,-123.75401917794663,-59.02974982570308,131.1789450468135,-10.132799989998135,-7.424925868866841,141.76923347364522,-60.800435250953896
0.23985,69.16454355038663,-123.75536670739955,-59.03211311106216,131.18054234892705,-10.132430439324473,-7.4251756415274635,141.77138242048804,-60.79999757071784
0.2399,69.16663766244996,-123.75672523569855,-59.03457882443292,131.18214194880036,-10.132058838017056,-7.425416713101785,141.77358994746808,-60.79952666144649
0.23995000000000002,69.16883243412093,-123.75809092986097,-59.03714691870147,131.18373994252212,-10.131685515419454,-7.425649012661158,141.77585284844255,-60.79902166998575
0.24000000000000002,69.17112794654265,-123.75945991700917,-59.03981714476537,131.18533239967002,-10.131310801777317,-7.42587248266085,141.77816778455974,-60.798481806340945
0.24005,69.17352442244606,-123.76082849126698,-59.042589389505174,131.18691556717974,-10.130935032940917,-7.426087075912736,141.78053163205286,-60.797906263577005
0.2401,69.17602167895461,-123.76219279166419,-59.04546313293781,131.18848554979587,-10.130558546016847,-7.426292758131662,141.78294093412032,-60.7972943473342
0.24015,69.17861953742967,-123.76354904737912,-59.04843786392866,131.19003855814694,-10.130181673500985,-7.426489510767799,141.7853923149612,-60.796645379590935
0.24020000000000002,69.18131759460701,-123.76489345462139,-59.05151283922722,131.19157077884844,-10.129804755379778,-7.426677324227048,141.787882260649,-60.795958755109666
0.24025000000000002,69.18411525558685,-123.7662222051853,-59.054687125810794,131.19307840794227,-10.129428129776041,-7.42685620275694,141.7904071601518,-60.79523393541361
0.2403,69.18701207527761,-123.76753165024705,-59.05795994632266,131.19455781609136,-10.129052128954962,-7.427026165844312,141.79296361491114,-60.79447036063455
0.24035,69.1900070769966,-123.76881798616581,-59.0613299847081,131.1960052280899,-10.12867709228851,-7.4271872419240506,141.79554783210747,-60.79366762789305
0.2404,69.19309929375493,-123.7700775149204,-59.06479594120371,131.19741698936326,-10.128303352551233,-7.427339474442813,141.79815611609635,-60.79282535170727
0.24045000000000002,69.1962878284698,-123.77130665861581,-59.06835658870813,131.19878957828664,-10.127931239761674,-7.427482919670804,141.80078491045654,-60.79194314560903
0.24050000000000002,69.19957129549204,-123.77250174287738,-59.07201020739963,131.20011938673795,-10.12756108809241,-7.427617643860562,141.8034303364008,-60.791020776387974
0.24055,69.20294842672412,-123.77365923931299,-59.075755205193076,131.20140296777143,-10.127193221531073,-7.42774372845844,141.80608870017326,-60.790057998108786
0.2406,69.20641774081871,-123.77477564203757,-59.079589775906875,131.20263690770213,-10.126827964911833,-7.427861265664517,141.80875622384337,-60.789054644419735
0.24065,69.20997755617759,-123.77584748269712,-59.08351191451046,131.20381784188095,-10.126465641667092,-7.427970359183787,141.8114290647496,-60.78801062691016
0.24070000000000003,69.21362625257433,-123.77687141379589,-59.08751968858693,131.20494254069587,-10.126106563987408,-7.428071126899966,141.81410351590003,-60.78692585926391
0.24075000000000002,69.21736181847763,-123.77784407950669,-59.09161077246136,131.20600777608655,-10.125751046016319,-7.428163696579871,141.81677567227624,-60.78580039140293
0.24080000000000001,69.22118237347364,-123.77876226669885,-59.0957829776136,131.20701047473582,-10.125399395860025,-7.428248208036922,141.81944181760713,-60.7846342550247
0.24085,69.22508582036973,-123.77962281181601,-59.100033909152536,131.20794762553518,-10.125051911217213,-7.428324813719145,141.82209817328538,-60.7834275679061
0.2409,69.22906972147851,-123.78042258761337,-59.10436083334648,131.20881626387578,-10.124708888132023,-7.4283936762623615,141.82474082637867,-60.78218057488775
0.24095000000000003,69.23313199996002,-123.78115865148165,-59.10876138394974,131.20961362090432,-10.124370616010316,-7.428454969422692,141.827366201404,-60.78089342981659
0.24100000000000002,69.23727010595023,-123.7818280771519,-59.11323272984501,131.2103369551372,-10.124037376105225,-7.428508877985269,141.8299705063986,-60.77956645636679
0.24105000000000001,69.2414813152902,-123.78242802901899,-59.11777187362844,131.21098362633515,-10.123709441661756,-7.428555597316122,141.83254994356886,-60.778200057342325
0.2411,69.24576318202959,-123.78295582651815,-59.12237610086493,131.21155115908863,-10.123387081164646,-7.428595332570484,141.83510098636188,-60.776794567827444
0.24115,69.2501128204529,-123.78340884347604,-59.127042265419135,131.21203714239704,-10.123070555033786,-7.428628298920968,141.83761994110236,-60.775350488457164
0.2412,69.2545273883433,-123.78378457857619,-59.13176727730066,131.21243930017496,-10.12276011104268,-7.428654721598742,141.84010324438626,-60.77386832892094
0.24125000000000002,69.25900394353734,-123.78408063849561,-59.13654794840248,131.21275547299976,-10.122455995134905,-7.4286748345041085,141.84254737831134,-60.77234865520037
0.24130000000000001,69.26353934894523,-123.78429473720264,-59.141380907627,131.21298361805552,-10.122158441318241,-7.42868888085291,141.84494882345842,-60.77079212290059
0.24135,69.26813065309861,-123.78442471792276,-59.14626298394538,131.21312183059285,-10.121867669153238,-7.428697112670045,141.84730426385207,-60.76919934742882
0.2414,69.27277449043594,-123.7844685301695,-59.15119059273384,131.21316832007903,-10.121583897702111,-7.42869978990953,141.84961027404805,-60.76757111085785
0.24145,69.27746757932962,-123.78442425325969,-59.156160249032666,131.21312143389622,-10.121307330296982,-7.4286971806365125,141.8518635828097,-60.76590819100064
0.24150000000000002,69.28220672072453,-123.78429008723658,-59.161168562646125,131.21297964755493,-10.121038158078408,-7.428689560318337,141.85406106451214,-60.76421136010343
0.24155000000000001,69.28698828158038,-123.78406436849835,-59.16621171327332,131.21274158018915,-10.120776568307067,-7.4286772116907684,141.85619950046737,-60.762481569991174
0.2416,69.29180890667077,-123.78374555328972,-59.17128617641166,131.21240597723454,-10.12052273025913,-7.428660423944798,141.85827591212347,-60.760719697925836
0.24165,69.29666509059643,-123.78333223112477,-59.17638828423272,131.21197172386138,-10.120276806363727,-7.428639492736556,141.86028736372734,-60.75892670010377
0.2417,69.30155311163475,-123.78282314135596,-59.18151416152642,131.2114378612478,-10.120038950108334,-7.428614719891824,141.86223094442346,-60.7571036382316
0.24175000000000002,69.3064694656891,-123.78221713478658,-59.18666016954705,131.2108035467472,-10.119809296142082,-7.428586411960613,141.86410394670648,-60.75525151902098
0.24180000000000001,69.31141039171911,-123.78151322349522,-59.191822417551215,131.21006810471954,-10.119587974167892,-7.4285548812242865,141.86590367804249,-60.7533714712693
0.24185,69.31637225424473,-123.78071053788392,-59.19699715276808,131.2092309824735,-10.11937510147666,-7.428520444589553,141.86762761022135,-60.75146460259107
0.2419,69.32135131931274,-123.77980835702361,-59.202180540305456,131.20829177943773,-10.119170779007304,-7.428483422414127,141.86927329635924,-60.74953208436164
0.24195,69.326343658086,-123.77880613542742,-59.207368558313895,131.20725027485923,-10.118975099772126,-7.428444139431846,141.8708383471063,-60.74757519097521
0.24200000000000002,69.33134573927302,-123.7777033878676,-59.2125575965089,131.2061063111782,-10.118788142764114,-7.428402923310629,141.87232061961046,-60.74559506837304
0.24205000000000002,69.3363536593284,-123.77649984334131,-59.21774368573944,131.20485994757072,-10.11860997358896,-7.428360104229398,141.87371797567067,-60.74359303568657
0.2421,69.34136348044208,-123.77519538737958,-59.2229228343546,131.2035114021567,-10.118440646087487,-7.428316014777114,141.8750283965109,-60.74157045476385
0.24215,69.34637162948437,-123.77378995404325,-59.228091426836,131.2020609436911,-10.11828020264837,-7.428270989647833,141.87625008352236,-60.73952856830747
0.2422,69.35137415602746,-123.77228372104834,-59.23324548397816,131.20050908567342,-10.118128672049318,-7.428225364625102,141.87738126584168,-60.73746879982233
0.24225000000000002,69.35636727624777,-123.77067696741571,-59.23838120879848,131.19885644280737,-10.117986067449285,-7.42817947539168,141.8784203419609,-60.73539253390012
0.24230000000000002,69.36134727954297,-123.76897009383985,-59.24349488396006,131.1971037538047,-10.117852395582904,-7.428133659964825,141.8793658518503,-60.73330115315891
0.24235,69.36631029204716,-123.76716370501573,-59.24858264409122,131.19525196055767,-10.117727647955942,-7.428088255541968,141.88021643314733,-60.73119613782361
0.2424,69.37125269602666,-123.765258464762,-59.25364089715416,131.19330206180598,-10.117611798872511,-7.428043597043971,141.8809708997839,-60.7290788893929
0.24245,69.37617068805127,-123.76325525707878,-59.25866587031677,131.19125527832267,-10.117504817734535,-7.428000021243803,141.88162816646297,-60.72695091810387
0.24250000000000002,69.38106060668973,-123.76115506529847,-59.26365395019059,131.18911292685945,-10.117406656499158,-7.427957861560965,141.88218730343144,-60.72481370365065
0.24255000000000002,69.38591891965648,-123.75895896937253,-59.268601666260764,131.1868764181827,-10.117317253395715,-7.427917448810134,141.8826475278354,-60.72266869919813
0.2426,69.39074184725601,-123.75666831735558,-59.27350530731382,131.1845474312683,-10.117236539942233,-7.427879113912635,141.88300816914085,-60.72051749790633
0.24265,69.39552598988344,-123.75428444052424,-59.27836156171609,131.18212762206554,-10.11716442816735,-7.427843181541266,141.8832687274957,-60.7183615556587
0.2427,69.40026788711396,-123.75180885331318,-59.28316706598561,131.1796188277298,-10.117100821128345,-7.427809974416608,141.88342883251073,-60.71620238587551
0.24275000000000002,69.40496396013752,-123.7492432961636,-59.287918347601554,131.17702310903923,-10.117045612535959,-7.427779812875602,141.88348825244282,-60.714041588272956
0.24280000000000002,69.4096109836098,-123.74658948408131,-59.29261230555332,131.17434249371635,-10.116998678056468,-7.427753009635055,141.8834469056831,-60.71188063302494
0.24285,69.41420561201116,-123.74384936071229,-59.29724572531295,131.1715792361354,-10.116959886698227,-7.427729875423077,141.88330485068784,-60.709721077795635
0.2429,69.41874464718192,-123.74102495126863,-59.301815552184316,131.16873566659123,-10.116929094997642,-7.427710715322571,141.88306228856612,-60.70756444447992
0.24295,69.4232249713739,-123.73811839850646,-59.306318826241586,131.16581422539872,-10.116906145132303,-7.427695826892229,141.88271956171684,-60.70541224991186
0.24300000000000002,69.42764341912647,-123.73513204905643,-59.31075254653723,131.16281755351122,-10.116890872589257,-7.427685504454749,141.88227716642697,-60.70326606806745
0.24305000000000002,69.43199719753866,-123.73206817202546,-59.31511409779464,131.15974820650914,-10.116883099744042,-7.427680034483653,141.88173571311344,-60.70112732647118
0.2431,69.43628334430144,-123.72892932352197,-59.319400707204544,131.15660901919816,-10.116882637096898,-7.4276796956761935,141.88109597904582,-60.69899756911587
0.24315,69.44049900154236,-123.7257181675598,-59.323609715476024,131.15340292789776,-10.116889286066389,-7.4276847603379155,141.88035888614618,-60.696878324653156
0.2432,69.44464167313663,-123.72243727113916,-59.3277388347098,131.1501327646211,-10.11690283842684,-7.42769549348191,141.87952544825242,-60.69477097529648
0.24325000000000002,69.44870864041681,-123.71908955231002,-59.33178556498776,131.14680170385404,-10.116923075429094,-7.4277121515439655,141.87859687589955,-60.69267705116079
0.24330000000000002,69.45269746044902,-123.715677894081,-59.335747693725985,131.14341287482554,-10.11694976672305,-7.427734980744526,141.8775744835126,-60.69059797849965
0.24335,69.4566058672841,-123.71220520970552,-59.33962319065755,131.13996943144596,-10.11698267662654,-7.427764221740477,141.87645969804692,-60.68853512739847
0.2434,69.46043150010945,-123.70867468320212,-59.34340994111386,131.13647478795613,-10.117021558995603,-7.427800104753982,141.8752541356516,-60.68648995507063
0.24345,69.46417231331229,-123.70508940415485,-59.34710615670159,131.1329322522607,-10.11706615661074,-7.427842848105837,141.87395948398523,-60.68446378927422
0.24350000000000002,69.46782627683987,-123.70145263623584,-59.35071006728137,131.12934530173948,-10.117116209558498,-7.427892665503611,141.87257758969528,-60.68245798692895
0.24355000000000002,69.47139151268868,-123.69776768993582,-59.354220066419835,131.12571744684092,-10.11717144626884,-7.427949756905099,141.87111041428625,-60.680473860904506
0.2436,69.47486632177679,-123.69403788757975,-59.35763473465412,131.12205219867835,-10.117231587122669,-7.428014311098573,141.8695600168083,-60.67851266365025
0.24365,69.47824895859738,-123.69026680377712,-59.36095260846519,131.1183533149817,-10.117296350132198,-7.428086511204582,141.8679286531752,-60.67657571411048
0.2437,69.48153804088072,-123.68645781849176,-59.364172599210804,131.11462434248642,-10.11736544166992,-7.428166523994685,141.86621858713193,-60.67466416509226
0.24375000000000002,69.48473221748493,-123.6826144736507,-59.367293653667346,131.11086898076712,-10.117438563817608,-7.4282545071163915,141.8644322385752,-60.67277919074307
0.24380000000000002,69.48783014983178,-123.67874051165343,-59.37031473511671,131.10709112075753,-10.117515414715095,-7.4283506091040525,141.8625722080379,-60.67092200071964
0.24385,69.49083085927353,-123.67483944504808,-59.373235176183954,131.1032944068998,-10.117595683089576,-7.428454961851655,141.860641071689,-60.669093632754056
0.2439,69.49373335363849,-123.67091501359445,-59.37605429721036,131.0994827036416,-10.117679056428157,-7.428567690047139,141.85864159693025,-60.66729517457244
0.24395,69.49653681567096,-123.66697094735825,-59.37877159864465,131.095659852925,-10.117765217026335,-7.428688905566742,141.85657662817985,-60.66552765068154
0.24400000000000002,69.49924061437137,-123.66301093907661,-59.381386773308314,131.09182964421726,-10.117853841063052,-7.42881870514063,141.85444906837597,-60.663792012906484
0.24405000000000002,69.50184415222917,-123.6590388624145,-59.38389954786936,131.08799604019944,-10.117944604359815,-7.428957177784949,141.85226199443173,-60.662089237370466
0.2441,69.50434712537088,-123.65505838127953,-59.386309947156334,131.084162779375,-10.11803717821454,-7.429104398095459,141.8500184441359,-60.66042015558235
0.24415,69.50674925064774,-123.65107335822542,-59.38861801983101,131.08033378556368,-10.118131230816763,-7.429260427338232,141.84772163850099,-60.65878563134807
0.2442,69.50905039923995,-123.64708765194769,-59.390823969890775,131.0765129679808,-10.118226429349168,-7.429425316033109,141.84537487071094,-60.657186473652644
0.24425000000000002,69.5112507113675,-123.64310490223204,-59.392928272336434,131.07270400385195,-10.118322439031068,-7.429599101619837,141.84298137490958,-60.65562335369402
0.24430000000000002,69.51335027638915,-123.63912908927429,-59.39493135275518,131.0689108976597,-10.118418923633945,-7.429781808385399,141.84054465702746,-60.654097028228804
0.24435,69.51534945458167,-123.6351639558788,-59.39683390904778,131.06513740237008,-10.118515545533922,-7.429973446491303,141.83806814882118,-60.65260811189388
0.2444,69.51724878217823,-123.63121315318102,-59.39863681352345,131.06138716998288,-10.118611968654774,-7.4301740168018275,141.83555528840623,-60.651157139471735
0.24445,69.51904878928981,-123.62728061650272,-59.40034093316355,131.05766412192057,-10.118707856126294,-7.430383505417823,141.83300975865657,-60.649744704408974
0.24450000000000002,69.52075027638406,-123.62336998663727,-59.401947405786984,131.05397186951348,-10.118802870597126,-7.430601882876211,141.83043511829314,-60.64837124687893
0.24455000000000002,69.52235414169878,-123.61948496107193,-59.4034574629042,131.05031407452853,-10.118896678794618,-7.430829113456575,141.82783502346948,-60.64703718407508
0.2446,69.52386141075976,-123.61562923014154,-59.40487246354806,131.04669437457486,-10.118988947211731,-7.4310651444333065,141.8252131866064,-60.645742887166534
0.24465,69.52527328335559,-123.61180634754128,-59.406193939115546,131.04311625713862,-10.119079344240058,-7.431309909597332,141.82257328657988,-60.64448863910098
0.2447,69.5265910201427,-123.60802002276235,-59.40742347700301,131.03958335905497,-10.11916754313974,-7.4315633362926,141.81991916804142,-60.643274732434136
0.24475000000000002,69.52781611068306,-123.60427364893741,-59.408562892809435,131.03609898184976,-10.11925321787365,-7.431825332912316,141.8172545122855,-60.64210131663645
0.24480000000000002,69.52895013011113,-123.60057068673552,-59.40961408314656,131.0326664850255,-10.119336046964591,-7.432095798289914,141.81458310160556,-60.64096852457694
0.24485,69.52999474053132,-123.59691468314048,-59.41057902669147,131.02928930536098,-10.119415713839887,-7.43237462222049,141.81190883635205,-60.639876475742824
0.2449,69.53095182451622,-123.59330879982927,-59.411459919963484,131.02597047608396,-10.119491904552758,-7.432661676254664,141.80923538935377,-60.63882513579274
0.24495,69.53182331268032,-123.58975639558757,-59.412259001172394,131.02271322074506,-10.119564311507919,-7.432956825157471,141.80656662900512,-60.63781449262493
0.24500000000000002,69.53261127799217,-123.58626068662072,-59.41297864583101,131.01952060776046,-10.119632632161213,-7.433259921139718,141.80390636945705,-60.63684445586408
0.24505000000000002,69.53331794306678,-123.582824666252,-59.41362137399277,131.01639546809366,-10.11969656907398,-7.433570801841679,141.80125830422378,-60.63591483836287
0.2451,69.53394559382589,-123.57945148764519,-59.41418976163578,131.0133407867936,-10.119755832190126,-7.433889299148383,141.79862629740947,-60.63502546241586
0.24515,69.53449667291177,-123.57614399404324,-59.414686535505034,131.01035922491351,-10.119810137406716,-7.434215230870231,141.79601402011158,-60.63417603377598
0.2452,69.53497370795502,-123.57290506183102,-59.41511450038229,131.00745346516615,-10.119859207572732,-7.434548403335137,141.7934252142401,-60.63336623486947
0.24525000000000002,69.53537933333145,-123.56973747489802,-59.415476559872026,131.00462609051357,-10.119902773459456,-7.4348886156155425,141.79086359369393,-60.63259569222674
0.24530000000000002,69.53571630854319,-123.56664372089377,-59.41577573508149,131.00187937660067,-10.119940573461736,-7.435235655706875,141.7883326758182,-60.631863929616564
0.24535,69.53598745057415,-123.56362653150254,-59.416015096474275,130.99921583287534,-10.119972354099877,-7.4355893013728,141.78583621907742,-60.631170498918145
0.2454,69.53619570016217,-123.56068826196132,-59.41619782978405,130.99663758183254,-10.119997870378128,-7.435949319871229,141.78337771481125,-60.630514833807894
0.24545,69.53634408655411,-123.55783109417592,-59.416327200128556,130.99414656647056,-10.120016886425551,-7.436315472294591,141.7809605469668,-60.62989630240411
0.24550000000000002,69.53643570525502,-123.55505743835182,-59.41640652979621,130.99174494766723,-10.120029175458818,-7.4366875093154015,141.77858833119154,-60.62931429469294
0.24555000000000002,69.53647374908184,-123.55236925870133,-59.41643922886037,130.9894344293679,-10.120034520221488,-7.437065170666551,141.77626434243226,-60.62876807793879
0.2456,69.53646148094889,-123.5497685027635,-59.416428767501344,130.98721669651948,-10.120032713447557,-7.43744819375599,141.7739918757243,-60.62825689134449
0.24565,69.53640223663525,-123.54725707620598,-59.416378678660166,130.98509337973013,-10.120023557975102,-7.437836303524161,141.77177422558154,-60.62777994007422
0.2457,69.53629941578777,-123.54483659341105,-59.416292548580444,130.98306581060348,-10.120006867207342,-7.438229217192399,141.76961446422405,-60.627336348973344
0.24575000000000002,69.53615648713027,-123.54250874089813,-59.41617402214467,130.98113539254703,-10.11998246498562,-7.438626651648873,141.76751576083134,-60.62692523276271
0.24580000000000002,69.53597696683455,-123.54027487720106,-59.416026780399115,130.97930318751074,-10.119950186435455,-7.439028310309679,141.76548102223805,-60.62654562433331
0.24585,69.5357644268422,-123.53813631480642,-59.41585454902143,130.97757020754693,-10.119909877820776,-7.439433892740462,141.7635131427018,-60.626196527695946
0.2459,69.53552249909238,-123.53609434065432,-59.41566110265642,130.97593743711317,-10.119861396435958,-7.439843096458856,141.76161502383084,-60.62587692055238
0.24595,69.53525482463372,-123.53414982075667,-59.41545021281209,130.9744054287905,-10.119804611821674,-7.440255608033848,141.75978920506302,-60.62558569382993
0.24600000000000002,69.5349651171917,-123.53230377594815,-59.41522571244594,130.97297488999467,-10.11973940474578,-7.44067111404654,141.75803839656572,-60.62532174342965
0.24605000000000002,69.53465711204362,-123.53055699195332,-59.414991443942775,130.9716462872936,-10.119665668100874,-7.441089295340303,141.75636511434578,-60.62508391092733
0.2461,69.53433453808788,-123.52890994020095,-59.41475123055258,130.97041976581232,-10.119583307535299,-7.441509825611392,141.75477159753387,-60.624870977707765
0.24615,69.53400119956353,-123.52736324402862,-59.4145089596385,130.96929562483263,-10.11949223992505,-7.441932380803997,141.75326025472253,-60.62468172861171
0.2462,69.53366087530412,-123.52591717421963,-59.41426848016334,130.9682738049096,-10.119392395140808,-7.442356630689934,141.75183317493276,-60.62451488740509
0.24625000000000002,69.53331736597038,-123.52457191981787,-59.41403365014178,130.9673541614269,-10.119283715828633,-7.442782241608974,141.75049238676743,-60.62436915383646
0.24630000000000002,69.53297449068675,-123.52332757749592,-59.413808334194115,130.9665364583648,-10.11916615649266,-7.4432088808688714,141.7492398474851,-60.624243202716904
0.24635,69.53263602028296,-123.52218393012248,-59.41359633561864,130.9658201428136,-10.119039684664365,-7.44363621269104,141.74807721728067,-60.624135663533
0.2464,69.53230580002467,-123.5211408958287,-59.41340151957815,130.96520479652003,-10.118904280446536,-7.4440639006913125,141.7470063108047,-60.62404516626091
0.24645,69.53198759730454,-123.5201980246111,-59.41322766056542,130.96468963229142,-10.118759936739112,-7.444491607680333,141.7460285837697,-60.623970295207705
0.24650000000000002,69.53168514575765,-123.51935468928286,-59.41307848706482,130.96427368704587,-10.118606658692839,-7.444918997762998,141.74514532097967,-60.62390961133942
0.24655000000000002,69.53140226060913,-123.51861041194385,-59.412957795981264,130.96395614602673,-10.118444464627892,-7.44534573408284,141.74435797739605,-60.62386167639197
0.2466,69.53114261363476,-123.51796425560082,-59.412869227543865,130.9637357349952,-10.118273386090902,-7.4457714793943675,141.74366753758522,-60.623825011514896
0.24665,69.53090988983172,-123.5174152728274,-59.41281642446994,130.96361117542097,-10.118093465361772,-7.446195902593567,141.74307498353488,-60.62379813105598
0.2467,69.53070777801989,-123.51696247240383,-59.4128030188499,130.96358114218754,-10.11790475917002,-7.446618669783651,141.74258126096623,-60.62377953926612
0.24675000000000002,69.53053983138395,-123.51660451631474,-59.41283249424637,130.96364396510592,-10.117707337137615,-7.447039448791117,141.7421869468768,-60.62376771935066
0.24680000000000002,69.53040964355193,-123.51634012862844,-59.412908364961496,130.9637980446664,-10.117501278590463,-7.447457916037889,141.7418926922142,-60.62376115253212
0.24685,69.5303207011663,-123.5161677859632,-59.413034023274584,130.96404153136442,-10.117286677891745,-7.447873745401172,141.7416988798189,-60.62375830861492
0.2469,69.53027644088127,-123.51608585439435,-59.413212800109186,130.96437247064057,-10.11706364077209,-7.448286616246209,141.741605771684,-60.623757653065915
0.24695,69.5302802813572,-123.51609265363388,-59.41344799801242,130.9647888687011,-10.11683228334478,-7.448696215067223,141.7416135805754,-60.623757648481416
0.24700000000000003,69.5303354605841,-123.51618617798381,-59.41374272424004,130.96528840595786,-10.116592736344073,-7.449102227974059,141.7417221470648,-60.623756756568554
0.24705000000000002,69.53044528135015,-123.51636453824219,-59.41410014159837,130.96586888863442,-10.116345139751798,-7.449504350392217,141.7419314450271,-60.62375343931567
0.24710000000000001,69.53061291280143,-123.51662562397193,-59.41452326743772,130.96652790648307,-10.116089645363743,-7.44990228251111,141.74224118999342,-60.62374616193495
0.24715,69.530841347191,-123.51696706419665,-59.415014929055765,130.96726279168803,-10.115826418135272,-7.450295727491338,141.74265078368643,-60.62373340031467
0.2472,69.5311336667036,-123.5173866424733,-59.41557803543927,130.96807104155036,-10.115555631264336,-7.450684399077052,141.74315980661373,-60.62371362934562
0.24725000000000003,69.5314927380002,-123.51788184349289,-59.41621526749348,130.96894985855906,-10.115277470506744,-7.451068015066161,141.74376747313315,-60.62368534062332
0.24730000000000002,69.53192134932812,-123.51845007205242,-59.41692921694215,130.9698963721978,-10.114992132385973,-7.451446300145391,141.74447288953195,-60.623647037580724
0.24735000000000001,69.53242225427574,-123.51908871367047,-59.41772243242234,130.97090770262892,-10.11469982185343,-7.451818988958413,141.74527512831773,-60.62359723210475
0.2474,69.53299798539626,-123.51979490177314,-59.41859722988714,130.9719807235942,-10.114400755509147,-7.452185821821027,141.74617293392166,-60.623534464030705
0.24745,69.53365111775712,-123.52056585962315,-59.41955595864419,130.9731124076225,-10.114095159112894,-7.45254654799936,141.74716514995094,-60.62345727611753
0.24750000000000003,69.5343840095787,-123.5213985864917,-59.420600742278424,130.97429951242876,-10.113783267300313,-7.452900925937018,141.74825031849426,-60.62336424318507
0.24755000000000002,69.5351988786464,-123.5222899681576,-59.42173355537221,130.9755386916571,-10.113465323274236,-7.4532487234994855,141.74942681390465,-60.62325396711551
0.24760000000000001,69.5360979977319,-123.52323699454217,-59.422956418077185,130.97682671152657,-10.11314157965469,-7.453589716984422,141.75069312832304,-60.623125051179535
0.24765,69.53708330289848,-123.52423634267656,-59.424271004891565,130.97816003436287,-10.112812298006933,-7.453923691686302,141.75204731613456,-60.62297615531769
0.2477,69.53815672315585,-123.52528473967887,-59.425678978455366,130.97953518566476,-10.112477744700495,-7.454250445985906,141.7534874719946,-60.62280595200231
0.24775,69.539320132207,-123.52637890705216,-59.42718193553938,130.98094869246447,-10.112138196667615,-7.454569785412326,141.7550116586295,-60.62261313219343
0.24780000000000002,69.54057507559922,-123.52751531098622,-59.428781137273496,130.98239683678165,-10.111793938325734,-7.454881525795446,141.75661755541074,-60.622396451932445
0.24785000000000001,69.54192314795583,-123.52869052580444,-59.43047789128292,130.98387602329993,-10.111445256672917,-7.455185497495494,141.75830296013058,-60.62215467154052
0.2479,69.54336575035771,-123.52990101295063,-59.4322733005386,130.98538255054697,-10.111092449819136,-7.455481537596315,141.76006547740238,-60.62188659725043
0.24795,69.5449041171422,-123.5311431573793,-59.4341682969226,130.98691265326647,-10.11073582021958,-7.455769495887201,141.76190256352882,-60.621591078981446
0.248,69.54653942965153,-123.53241336640778,-59.436163756725016,130.98846260230886,-10.110375672926533,-7.456049235901051,141.7638116684548,-60.62126698987574
0.24805000000000002,69.5482725837518,-123.53370789234302,-59.438260261032994,130.99002852146137,-10.110012322718802,-7.456320629118343,141.7657899671658,-60.62091327300434
0.24810000000000001,69.55010451921827,-123.53502309256847,-59.44045843370596,130.99160665412373,-10.109646085512288,-7.456583561555233,141.76783474792725,-60.62052887692619
0.24815,69.55203595205778,-123.53635522992073,-59.442758670604405,130.9931931610058,-10.109277281453426,-7.456837931085044,141.7699431070264,-60.62011281037574
0.2482,69.55406733427165,-123.5377004615952,-59.44516109725701,130.9947841075079,-10.108906237014633,-7.457083645912709,141.77211191937295,-60.61966415422441
0.24825,69.55619922895761,-123.5390550964913,-59.44766595099355,130.99637572566024,-10.10853327796406,-7.4573206291689225,141.7743382467799,-60.619181980400114
0.24830000000000002,69.55843185548265,-123.54041529689898,-59.450273119960464,130.99796411147068,-10.1081587355222,-7.4575488145717115,141.7766188548877,-60.61866545290592
0.24835000000000002,69.56076532132732,-123.54177724049575,-59.4529823779579,130.9995453887754,-10.107782943369449,-7.457768148279622,141.77895046807564,-60.61811377828171
0.2484,69.56319971855476,-123.5431371763793,-59.455793484166165,131.00111576692152,-10.107406234388606,-7.457978590542201,141.78132986562514,-60.617526182735126
0.24845,69.56573479306067,-123.54449124116591,-59.45870584745039,131.00267135377294,-10.107028945610294,-7.458180112607033,141.78375355920357,-60.61690199213708
0.2485,69.56837032732147,-123.54583567928847,-59.46171891342316,131.00420837828435,-10.106651413898321,-7.458372698995851,141.78621817261754,-60.61624054090977
0.24855000000000002,69.57110587781591,-123.54716670318153,-59.46483190196702,131.00572305042763,-10.10627397584894,-7.458556347246088,141.78872019115624,-60.61554123675495
0.24860000000000002,69.57394080780439,-123.54848052144392,-59.46804383944541,131.00721158881652,-10.105896968358948,-7.458731067372585,141.79125600221434,-60.61480355467912
0.24865,69.57687452540723,-123.54977345336387,-59.471353797355185,131.00867033529946,-10.105520728052028,-7.458896881935567,141.79382211190233,-60.61402697586032
0.2487,69.57990604229957,-123.55104173237572,-59.47476045149664,131.01009555841432,-10.105145590802932,-7.459053826038581,141.79641475725148,-60.6132111040456
0.24875,69.58303439535102,-123.552281700777,-59.478262507382595,131.0114836493895,-10.10477188796846,-7.459201948612486,141.7990302827659,-60.612355555685596
0.24880000000000002,69.58625855731023,-123.55348976643698,-59.481858604839715,131.0128310760705,-10.104399952470503,-7.459341309633528,141.8016650588768,-60.61145998278738
0.24885000000000002,69.58957709536668,-123.55466228052248,-59.485546980755764,131.0141342621848,-10.104030114610934,-7.459471981662328,141.8043152078453,-60.61052416886008
0.2489,69.5929886925744,-123.5557957381464,-59.48932599565481,131.0153897894312,-10.103662696919592,-7.459594051284828,141.80697703445819,-60.60954788510865
0.24895,69.5964918271596,-123.55688666179248,-59.49319380268208,131.0165942770242,-10.10329802447751,-7.459707615231714,141.8096467670762,-60.60853098020803
0.249,69.60008476752272,-123.55793161028245,-59.49714835097441,131.01774439332138,-10.102936416548312,-7.459812783038924,141.81232056298063,-60.60747338382011
0.24905000000000002,69.60376579545351,-123.55892724987766,-59.50118761080865,131.01883692701085,-10.102578184644925,-7.45990967713314,141.81499467986066,-60.60637504209809
0.24910000000000002,69.60753290057127,-123.55987027045998,-59.505309259195535,131.01986870051866,-10.102223641375781,-7.459998430058666,141.81766525280625,-60.60523600861308
0.24915,69.61138411201769,-123.56075747940194,-59.50951102202675,131.02083666647135,-10.101873089990937,-7.460079187069383,141.82032853887503,-60.60405634619122
0.2492,69.61531727430612,-123.56158574540302,-59.51379044644055,131.02173785017186,-10.101526827865596,-7.460152104768853,141.82298075812992,-60.60283619466509
0.24925,69.61932999945705,-123.56235199838262,-59.518144849639434,131.02256934854265,-10.101185149817603,-7.460217350160034,141.8256180700282,-60.60157578767962
0.24930000000000002,69.62342004473967,-123.56305330707785,-59.522571704930165,131.0233284091137,-10.100848339809529,-7.460275102035829,141.82823682643038,-60.60027533511114
0.24935000000000002,69.62758481557569,-123.56368678701449,-59.52706813813518,131.02401233635334,-10.100516677440528,-7.460325549338841,141.83083324739232,-60.59893517976634
0.2494,69.63182166898065,-123.56424966316061,-59.531631233958514,131.0246185545879,-10.100190435022155,-7.460368891427288,141.83340362467726,-60.597555702988956
0.24945,69.63612802584971,-123.5647392817148,-59.5362581512347,131.0251446198019,-10.099869874615042,-7.460405338087098,141.8359443871358,-60.596137287472196
0.2495,69.64050094114197,-123.56515306015362,-59.540945687402996,131.02558816861725,-10.099555253738965,-7.460435108463628,141.83845184614918,-60.59468045860501
0.24955000000000002,69.64493756842799,-123.56548854606926,-59.54569074872745,131.02594697749154,-10.099246819700543,-7.460458431422266,141.84092247492967,-60.593185732641075
0.24960000000000002,69.64943493103969,-123.56574339275467,-59.55049012081723,131.0262189377882,-10.098944810222493,-7.460475545033488,141.84335277487355,-60.59165369238635
0.24965,69.65398987536182,-123.56591536364014,-59.55534042003437,131.0264020597304,-10.098649455327445,-7.460486696090247,141.84573925645876,-60.59008500450276
0.2497,69.65859935093678,-123.5660023475043,-59.560238375541985,131.02649448740237,-10.09836097539483,-7.46049213989805,141.8480785900104,-60.588480323952744
0.24975,69.66325999631673,-123.56600234750348,-59.56518041511135,131.0264944874017,-10.098079581205361,-7.460492139898171,141.85036739274824,-60.586840437545455
0.24980000000000002,69.66796853336729,-123.56591349428383,-59.570163062197246,131.0264004615437,-10.097805471170062,-7.460486967259818,141.85260243380483,-60.58516612778594
0.24985000000000002,69.67272167806418,-123.56573404038873,-59.575182841735725,131.0262109409108,-10.09753883632848,-7.46047690052209,141.8547805855308,-60.58345820315416
0.2499,69.67751581728878,-123.56546237661588,-59.58023596055891,131.02592460184977,-10.097279856729863,-7.460462225233849,141.85689867896943,-60.58171761505904
0.24995,69.6823475522365,-123.56509701371488,-59.58531885476453,131.02554024695593,-10.097028697471982,-7.460443233241068,141.8589537547752,-60.579945263015354
0.25,69.68721333630951,-123.56463659854522,-59.590427818000585,131.02505682144022,-10.096785518308954,-7.460420222894929,141.86094289941417,-60.57814212525139
0.25005,69.69210947278445,-123.56407992399588,-59.595559007739574,131.0244734221111,-10.096550465044912,-7.460393498115157,141.86286325261523,-60.576309261492845
0.2501,69.69703241346369,-123.56342589950938,-59.60070874470702,131.02378926719305,-10.096323668756687,-7.4603633676836285,141.86471212837586,-60.574447702052915
0.25015000000000004,69.7019783937965,-123.56267359417677,-59.60587313848497,131.02300374021624,-10.096105255311555,-7.460330146039457,141.86648687322295,-60.572558584747405
0.25020000000000003,69.70694372852168,-123.56182220203421,-59.61104839411637,131.02211635351944,-10.095895334405334,-7.460294151485181,141.86818498119442,-60.570643044010986
0.25025000000000003,69.71192468900027,-123.56087105894247,-59.61623068608716,131.02112676501966,-10.09569400291314,-7.460255706077126,141.86980404825212,-60.56870225740535
0.2503,69.71691741956622,-123.55981966348116,-59.62141607016748,131.02003479956804,-10.095501349398756,-7.460215136086793,141.87134174934204,-60.56673747919431
0.25035,69.72191825968439,-123.55866761297979,-59.626600813561055,131.01884038301307,-10.095317446123332,-7.460172770033319,141.87279594095878,-60.564749914342485
0.2504,69.72692331697624,-123.55741469545009,-59.63178096187825,131.017543634893,-10.095142355097988,-7.460128939442926,141.87416453137234,-60.562740886951886
0.25045,69.73192876449413,-123.55606082858598,-59.63695263866959,131.01614480655377,-10.094976125824552,-7.460083977967745,141.87544557355133,-60.560711723604776
0.2505,69.73693092896085,-123.55460603009888,-59.64211213624941,131.0146442502799,-10.094818792711456,-7.460038220180976,141.87663728268868,-60.558663716457694
0.25055,69.74192586788676,-123.5530505383383,-59.64725548707309,131.0130425410404,-10.094670380813687,-7.459992002702094,141.87773793337342,-60.556598295924246
0.2506,69.74690984309103,-123.55139467911792,-59.652378942382406,131.01134034141748,-10.094530900708639,-7.459945662299558,141.8787459763281,-60.55451683771906
0.25065000000000004,69.75187911899201,-123.54963892224704,-59.65747876922157,131.00953845796556,-10.094400349770456,-7.459899535718465,141.87965998848495,-60.552420745036564
0.25070000000000003,69.75682985756494,-123.54778392323169,-59.66255114331671,131.00763788316974,-10.094278714248231,-7.459853959938043,141.88047865763212,-60.550311493784925
0.25075000000000003,69.76175842640505,-123.54583041302223,-59.66759245970297,131.0056396838246,-10.094165966702098,-7.45980927080235,141.88120083783951,-60.54819050238084
0.2508,69.76666104583819,-123.54377933115478,-59.6725989782555,131.00354513425532,-10.094062067582726,-7.459765803100474,141.88182549188585,-60.54605928229792
0.25085,69.77153407702997,-123.54163171559455,-59.67756711329585,131.00135560504881,-10.09396696373411,-7.459723889454273,141.88235173697166,-60.54391931490029
0.2509,69.77637397859725,-123.5393887144972,-59.68249338741054,130.9990725755098,-10.093880591186737,-7.45968386101257,141.88277883362977,-60.54177206905652
0.25095,69.7811770469035,-123.5370517082212,-59.68737417398912,130.99669775422066,-10.093802872914404,-7.459646045999389,141.883106164233,-60.53961911670728
0.251,69.78593986234145,-123.53462210192119,-59.69220614545055,130.994232870066,-10.09373371689093,-7.459610768144797,141.88333327186393,-60.53746193477548
0.25105,69.7906589627593,-123.53210147868745,-59.696985939084726,130.99167982863463,-10.093673023674603,-7.459578349947078,141.8834598330507,-60.53530205042932
0.2511,69.79533086270946,-123.52949159879047,-59.70171018355035,130.98904070733687,-10.093620679159157,-7.459549108546321,141.88348566655222,-60.53314103418521
0.25115,69.79995233882543,-123.52679424205965,-59.70637578399977,130.98631759713132,-10.093576554825693,-7.459523355071668,141.88341073650028,-60.53098036828425
0.25120000000000003,69.80452006500032,-123.52401141074272,-59.71097954894053,130.98351280963695,-10.09354051605982,-7.459501398894213,141.8832351495635,-60.528821615277266
0.25125000000000003,69.80903086208443,-123.52114518888935,-59.715518449115415,130.98062873069722,-10.09351241296903,-7.459483541807845,141.88295915534795,-60.52666630232369
0.2513,69.81348166352196,-123.51819775781573,-59.71998957968377,130.97766783716912,-10.093492083838248,-7.459470079353326,141.88258314296996,-60.524515936366434
0.25135,69.81786938995293,-123.5151714790044,-59.72439003043414,130.97463278220948,-10.093479359518797,-7.459461303205098,141.88210765153013,-60.522372064710154
0.2514,69.8221911974846,-123.51206872656437,-59.7287171410249,130.97152622254777,-10.093474056459748,-7.459457495983363,141.88153334642834,-60.52023615447012
0.25145,69.82644418394312,-123.50889208966271,-59.73296820183615,130.96835102394874,-10.093475982106966,-7.459458934286052,141.88086105105674,-60.518109736086394
0.2515,69.83062560298083,-123.5056442234648,-59.73714066876792,130.9651101111898,-10.093484934212894,-7.459465887725022,141.88009172240038,-60.51599429845446
0.25155,69.83473292028228,-123.50232779636005,-59.741232221715265,130.961806412912,-10.093500698567018,-7.459478616551971,141.8792264327894,-60.51389125869562
0.2516,69.83876349138237,-123.49894574563696,-59.74524043791634,130.95844312017667,-10.09352305346603,-7.45949737453968,141.8782664339011,-60.51180212625174
0.25165,69.84271494296998,-123.49550097173818,-59.74916317667218,130.9550233773864,-10.093551766297827,-7.459522405648169,141.87721307830074,-60.50972830809257
0.25170000000000003,69.84658500455448,-123.49199646847904,-59.75299840920989,130.9515504132914,-10.093586595344584,-7.459553944812354,141.87606784997,-60.50767119378873
0.25175000000000003,69.85037140513288,-123.48843542005031,-59.756744113566,130.94802763900063,-10.09362729156685,-7.459592218950338,141.87483239788142,-60.50563221113766
0.2518,69.85407214903573,-123.48482094678508,-59.760398552821414,130.94445839094274,-10.09367359621433,-7.459637444157652,141.8735084505288,-60.503612678669924
0.25185,69.85768523923718,-123.48115636137229,-59.76395999610396,130.94084618854143,-10.093725243133244,-7.459689827169137,141.87209790274483,-60.501613953863696
0.2519,69.86120884717414,-123.47744500684001,-59.76742688887114,130.93719457110458,-10.093781958303072,-7.459749564264506,141.87060275830817,-60.49963734125211
0.25195,69.86464132678385,-123.47369023259172,-59.7707978656044,130.93350707458038,-10.093843461179466,-7.459816841988654,141.869025116035,-60.497684082732825
0.252,69.86798102815247,-123.46989559472148,-59.774071564024574,130.9297874306272,-10.093909464127886,-7.459891835905723,141.86736725238012,-60.49575546291971
0.25205,69.87122658056614,-123.46606454261095,-59.777246908907976,130.92603925152957,-10.093979671658168,-7.459974708918578,141.8656314880845,-60.493852647330186
0.2521,69.87437667145507,-123.46220066130036,-59.780322886362434,130.9222662772831,-10.094053785092692,-7.4600656159826775,141.8638202902896,-60.49197680829725
0.25215,69.87743007412139,-123.45830764723199,-59.78329857579793,130.91847234569207,-10.09413149832348,-7.460164698460051,141.86193626509652,-60.490129110409804
0.25220000000000004,69.8803858429501,-123.45438905674656,-59.786173344085476,130.91466114112518,-10.094212498864637,-7.460272084378602,141.8599820348717,-60.488310591869855
0.25225000000000003,69.88324303682172,-123.4504486545751,-59.78894656364641,130.91083654928053,-10.094296473175318,-7.4603878947053985,141.8579604053272,-60.48652233104134
0.2523,69.88600089808773,-123.44649018233378,-59.79161779753377,130.90700241689524,-10.094383100554007,-7.460512234561432,141.8558742522302,-60.48476533749093
0.25235,69.88865885363879,-123.44251734382867,-59.79418679730757,130.90316254033434,-10.094472056331226,-7.460645196505677,141.8537265091818,-60.48304054868622
0.2524,69.89121639283753,-123.43853398043544,-59.7966533776315,130.89932084524958,-10.094563015206033,-7.460786864814108,141.85152026012818,-60.48134890779882
0.25245,69.89367323406812,-123.43454381672724,-59.79901758759531,130.8954811242783,-10.094655646472829,-7.460937307551012,141.8492586000866,-60.47969125454504
0.2525,69.89602916392887,-123.43055070502926,-59.801279546019124,130.89164728661098,-10.094749617909764,-7.461096581581678,141.8469447687598,-60.478068430371344
0.25255,69.89828413698673,-123.4265584653303,-59.80343954094665,130.88782319768472,-10.094844596040058,-7.461264732354398,141.84458206040347,-60.47648121153047
0.2526,69.9004383110501,-123.4225708077272,-59.805498066372984,130.88401259820392,-10.094940244677154,-7.461441790476709,141.84217377375938,-60.474930281237384
0.25265,69.90249187025151,-123.41859164912957,-59.807455642339626,130.88021942524202,-10.0950362279119,-7.461627776112448,141.83972340048177,-60.47341635488809
0.25270000000000004,69.90444523793391,-123.41462471639498,-59.80931302936273,130.87644741168342,-10.095132208571181,-7.461822695288429,141.83723438474087,-60.471940026227955
0.25275000000000003,69.9062989668894,-123.41067373777034,-59.811071117441934,130.87270027896446,-10.095227849447502,-7.462026541194118,141.83471023574774,-60.470501844027396
0.2528,69.90805368210808,-123.40674256828852,-59.81273086762043,130.86898186404494,-10.095322814487606,-7.462239295756407,141.83215460866532,-60.46910235716459
0.25285,69.90971024793191,-123.40283481974458,-59.814293480198195,130.86529574609017,-10.095416767733703,-7.462460926345573,141.8295710650602,-60.46774198219007
0.2529,69.91126960110829,-123.39895422013795,-59.81576022590667,130.86164560903032,-10.095509375201615,-7.462691388892343,141.826963303395,-60.46642113356013
0.25295,69.91273282520389,-123.39510444384733,-59.81713252048648,130.8580350703895,-10.095600304717392,-7.462930626542173,141.8243350479611,-60.46514016365712
0.253,69.91410117971223,-123.39128901717184,-59.818411953251015,130.85446758705865,-10.095689226461259,-7.463178569886783,141.82168998106837,-60.46389933373142
0.25305,69.91537599754591,-123.3875115854641,-59.81960018400474,130.85094672281664,-10.095775813541131,-7.463435137352514,141.8190319249545,-60.462698903117676
0.2531,69.91655880445286,-123.38377556949254,-59.82069906249894,130.84747580327763,-10.095859741953927,-7.463700233785079,141.8163646016898,-60.4615390188087
0.25315,69.9176512253755,-123.38008442158699,-59.82171053292,130.84405817656443,-10.095940692455516,-7.463973754977409,141.81369180989256,-60.46041979936767
0.25320000000000004,69.91865499576379,-123.37644159856946,-59.82263664655944,130.8406971807418,-10.096018349204332,-7.464255582172316,141.81101740676522,-60.45934132554888
0.25325000000000003,69.91957203583465,-123.37285027783297,-59.8234796351172,130.8373958612201,-10.09609240071747,-7.464545583387067,141.80834509770875,-60.458303557621676
0.2533,69.9204043313197,-123.36931377597813,-59.824241789332376,130.83415739622276,-10.09616254198737,-7.464843620244662,141.80567874175904,-60.45730646066349
0.25335,69.92115400850476,-123.36583526165398,-59.824925536149955,130.8309847998763,-10.096228472354813,-7.4651495382223105,141.80302213876328,-60.456349920965735
0.2534,69.92182332977731,-123.36241772979004,-59.82553343256894,130.8278809012434,-10.096289897208413,-7.465463171453349,141.80037900478195,-60.455433742444576
0.25345,69.92241463793286,-123.35906425459625,-59.8260681087012,130.82484860221342,-10.096346529231669,-7.465784347617119,141.7977531647403,-60.454557716608136
0.2535,69.92293041623995,-123.35577766362015,-59.826532329262946,130.82189054235036,-10.096398086977002,-7.466112878730247,141.79514829849018,-60.453721536486384
0.25355,69.92337323794628,-123.35256078732571,-59.826928941376316,130.81900935543612,-10.096444296569993,-7.4664485681104145,141.79256813304437,-60.452924864090896
0.2536,69.9237457822406,-123.34941635341286,-59.82726089026541,130.81620756418525,-10.096484891975216,-7.466791210772417,141.79001635851168,-60.45216730373269
0.25365,69.92405084138882,-123.34634686984143,-59.82753122665679,130.81348745853936,-10.096519614732022,-7.46714058869796,141.78749652985755,-60.45144837618637
0.25370000000000004,69.92429128220425,-123.34335494064487,-59.82774306720782,130.81085141719353,-10.096548214996433,-7.467496476548606,141.7850123226445,-60.45076759515428
0.25375000000000003,69.92447008091528,-123.34044287921809,-59.82789962938491,130.80830151806768,-10.096570451530372,-7.467858638849568,141.78256721380973,-60.45012437793099
0.2538,69.92459029620018,-123.33761291785093,-59.828004204056214,130.80583974892392,-10.09658609214397,-7.468226831072961,141.7801646506488,-60.44951809662335
0.25385,69.9246550643997,-123.33486732813924,-59.828060150333556,130.80346812944518,-10.09659491406617,-7.468600801305943,141.7778081531979,-60.44894810382127
0.2539,69.92466760875423,-123.33220801509273,-59.8280709045994,130.80118830232382,-10.096596704154832,-7.468980287231118,141.77550096569178,-60.44841364844076
0.25395,69.92463122206838,-123.32963692906829,-59.8280399627578,130.7990019494161,-10.096591259310603,-7.469365020347785,141.77324640635857,-60.4479139639076
0.254,69.92454926937195,-123.32715590096007,-59.82797088267143,130.796910625478,-10.096578386700534,-7.469754724517992,141.77104772535375,-60.447448234364636
0.25405,69.92442517596386,-123.32476649262036,-59.82786727188937,130.7949156084147,-10.096557904074515,-7.4701491157942845,141.7689079687373,-60.44701556904848
0.2541,69.92426243456175,-123.32247031466785,-59.82773279458477,130.79301821894435,-10.096529639977012,-7.4705479042764535,141.76683025845503,-60.44661506311609
0.25415,69.92406458452645,-123.3202686972201,-59.82757115041967,130.79121948985414,-10.096493434106781,-7.470950792633969,141.76481749565224,-60.446245739306825
0.25420000000000004,69.9238352186233,-123.31816289935999,-59.827386081371436,130.78952037939266,-10.096449137251843,-7.471357480032638,141.76287254621457,-60.4459065873125
0.25425000000000003,69.92357798374194,-123.3161541151518,-59.827181371874296,130.78792177346944,-10.096396611867643,-7.47176765831759,141.7609982463453,-60.44559656471945
0.2543,69.9232965420769,-123.3142432063284,-59.826960809796155,130.78642421971867,-10.096335732280755,-7.472181013390286,141.75919715087528,-60.445314557361534
0.25435,69.92299461706132,-123.31243109789449,-59.82672823299757,130.78502832882754,-10.096266384063771,-7.472597230933058,141.75747190003975,-60.445059442032765
0.2544,69.9226759519069,-123.3107184982248,-59.82648748639809,130.78373448624438,-10.096188465508828,-7.473015988019485,141.75582495553337,-60.444830045261504
0.25445,69.92234429561891,-123.30910588455471,-59.82624240855062,130.78254284326565,-10.096101887068306,-7.473436958710929,141.75425858098018,-60.44462514533196
0.2545,69.92200345199433,-123.3075937747,-59.82599688135517,130.78145359275632,-10.096006570639165,-7.4738598180563205,141.75277510245485,-60.44444350922933
0.25455,69.9216572030582,-123.30618237722994,-59.825754751372315,130.78046661024337,-10.095902451685907,-7.474284233013434,141.75137656639768,-60.44428384981462
0.2546,69.92130935416488,-123.30487183130536,-59.8255198763753,130.77958170166423,-10.095789477789573,-7.474709870358868,141.75006497048057,-60.44414485778586
0.25465,69.92096372377722,-123.30366216890582,-59.82529611526721,130.7787985662415,-10.095667608510034,-7.475136397335656,141.7488422256966,-60.44402519774406
0.25470000000000004,69.92062409270667,-123.30255315702809,-59.82508727567988,130.77811663339492,-10.09553681702682,-7.47556347636677,141.74770999404305,-60.44392349458149
0.25475000000000003,69.9202942815516,-123.30154458187688,-59.8248971929541,130.77753535313556,-10.095397088597537,-7.475990771258674,141.74666997391984,-60.44383836292133
0.2548,69.9199780534986,-123.30063594661438,-59.82472963220911,130.77705389173488,-10.095248421289488,-7.476417945120481,141.74572358925423,-60.4437683810351
0.25485,69.91967916024244,-123.29982664283496,-59.82458833419796,130.77667130359697,-10.095090826044492,-7.476844660762027,141.74487216130393,-60.443712108892576
0.2549,69.91940137810579,-123.29911605094301,-59.82447705202463,130.77638663370826,-10.094924326081188,-7.477270582765205,141.74411701378148,-60.443668095483424
0.25495,69.91914836787694,-123.29850318700359,-59.824399409949116,130.77619856214582,-10.094748957927834,-7.47769537514222,141.74345909651254,-60.44363485769346
0.255,69.91892381655833,-123.29798708723746,-59.82435904642082,130.77610579222807,-10.09456477013751,-7.4781187049906,141.7428993898116,-60.44361090713711
0.25505,69.91873137807114,-123.29756666034353,-59.82435955411655,130.77610690141387,-10.094371823954594,-7.478540241070346,141.74243874676606,-60.44359474157022
0.2551,69.91857459460942,-123.29724053412289,-59.824404401154446,130.77620018800178,-10.094170193454987,-7.478959653878879,141.74207772101875,-60.44358484197077
0.25515,69.9184570379791,-123.29700737445708,-59.82449707349336,130.77638399262145,-10.093959964485729,-7.479376618164394,141.74181691395327,-60.443579686453724
0.25520000000000004,69.91838216741205,-123.29686559681932,-59.82464093169043,130.77665640775487,-10.093741235721641,-7.479790810935493,141.74165665360488,-60.44357774275388
0.25525000000000003,69.91835339276446,-123.2968135122874,-59.82483927549107,130.77701542668598,-10.093514117273385,-7.480201914398588,141.74159715284455,-60.44357747512888
0.2553,69.91837410214285,-123.2968493819836,-59.825095370470386,130.77745899620237,-10.093278731672465,-7.48060961421875,141.74163857036066,-60.44357734551118
0.25535,69.9184475266035,-123.29697119002675,-59.825412313025005,130.7779847903439,-10.093035213578558,-7.4810136003170955,141.7417807464147,-60.44357581582132
0.2554,69.91857690946888,-123.29717694774688,-59.82579320201249,130.77859051854637,-10.092783707456395,-7.481413570799494,141.7420235509897,-60.44357134910256
0.25545,69.91876537855532,-123.29746448482211,-59.82624100730601,130.77927371082293,-10.092524371249326,-7.481809226000797,141.7423666390802,-60.4435624128129
0.2555,69.91901593295884,-123.29783144909142,-59.82675855941118,130.78003172236566,-10.092257373547694,-7.482200273274182,141.74280944401346,-60.44354748344487
0.25555,69.919331589167,-123.29827553179017,-59.827348697423595,130.7808619613256,-10.09198289174341,-7.482586429535455,141.74335144545273,-60.44352504007074
0.2556,69.9197151681649,-123.29879416483688,-59.82801405117354,130.78176157898787,-10.091701116991386,-7.482967414150952,141.74399180106406,-60.44349357885126
0.25565,69.92016943052701,-123.29938472775441,-59.8287571811185,130.78272768365733,-10.091412249408528,-7.483342955902885,141.74472959315418,-60.443451606803166
0.25570000000000004,69.92069707968939,-123.30004455262325,-59.82958058182457,130.7837573456022,-10.091116497864837,-7.483712792978896,141.74556383459964,-60.44339764164564
0.25575000000000003,69.92130062679415,-123.30077076157794,-59.83048654316379,130.784847429925,-10.090814083630367,-7.484076668347061,141.74649326082715,-60.443330226929696
0.2558,69.92198256907143,-123.30156049800817,-59.831477333261944,130.7859948335413,-10.090505235809507,-7.48443433553312,141.7475166189288,-60.443247915424266
0.25585,69.92274522073342,-123.302410729196,-59.83255502810366,130.78719628606785,-10.090190192629757,-7.484785556871872,141.74863241257373,-60.44314928923084
0.2559,69.9235907892805,-123.30331834843221,-59.833721587358504,130.78844845139784,-10.089869201921982,-7.485130102965649,141.74983902848558,-60.44303295332081
0.25595,69.92452145166392,-123.30428025980174,-59.834978932551984,130.78974801465444,-10.089542519111983,-7.485467754852683,141.75113484777447,-60.4428975256677
0.256,69.92553911466003,-123.30529313366051,-59.83632870603617,130.79109143608423,-10.089210408623858,-7.485798302423721,141.75251791504022,-60.442741672749776
0.25605,69.92664567275992,-123.30635368369511,-59.837772531137794,130.79247523035718,-10.088873141622157,-7.486121546662053,141.7539863066017,-60.442564074121954
0.2561,69.92784290042931,-123.30745855815684,-59.83931190343081,130.7938958566741,-10.088530996998516,-7.4864372985172265,141.75553798274933,-60.44236343861419
0.25615,69.92913232526423,-123.30860423353786,-59.840948064053684,130.79534961256056,-10.088184261210559,-7.486745379022672,141.75717063269707,-60.442138527730485
0.25620000000000004,69.93051549451123,-123.30978726528838,-59.842682268515404,130.79683288653035,-10.087833225995858,-7.487045621241971,141.7588820241566,-60.44188811193401
0.25625000000000003,69.93199372616401,-123.31100406974942,-59.8445155357546,130.79834193807278,-10.087478190409476,-7.487337868323349,141.76066969087725,-60.44161101467866
0.25630000000000003,69.93356819911784,-123.31225101451986,-59.84644874067868,130.7998729899491,-10.087119458439155,-7.48762197542925,141.76253105573636,-60.441306098727985
0.25635,69.9352400455767,-123.31352449559743,-59.848482706041445,130.80142230471304,-10.08675733953529,-7.487897809115586,141.76446354343793,-60.44097224904664
0.2564,69.93701013181595,-123.31482077237997,-59.85061798310211,130.8029860195296,-10.086392148713829,-7.488165247149604,141.76646432884587,-60.440608416975444
0.25645,69.9388792953642,-123.3161361556475,-59.852855092091545,130.80456033641266,-10.086024203272682,-7.488424180765122,141.76853061751652,-60.44021357432261
0.2565,69.94084818766186,-123.31746689457688,-59.85519436066135,130.80614140600983,-10.085653827000533,-7.488674511432927,141.7706594698093,-60.439786746146396
0.25655,69.942917258693,-123.3188091778258,-59.85763591248863,130.80772533139015,-10.085281346204395,-7.488916153564331,141.7728477942564,-60.439327016365496
0.2566,69.94508696626302,-123.32015927588004,-59.86017987851579,130.80930831134134,-10.084907087747224,-7.489149035461252,141.7750925746357,-60.43883348256396
0.25665,69.94735747324653,-123.32151335039994,-59.862826087877444,130.81088644551872,-10.084531385369122,-7.489373095118755,141.77739055478136,-60.43830532439834
0.25670000000000004,69.94972885002264,-123.3228675911046,-59.86557427763707,130.81245587576447,-10.08415457238557,-7.489588284659847,141.77973845752715,-60.43774175971619
0.25675000000000003,69.95220109656783,-123.32421822806641,-59.868424114499064,130.8140127977504,-10.083776982068734,-7.489794569683961,141.78213300630802,-60.43714203923288
0.25680000000000003,69.95477393239509,-123.32556142028716,-59.87137497964527,130.81555334653578,-10.083398952749814,-7.489991926248597,141.78457072460856,-60.43650549814264
0.25685,69.95744706230418,-123.32689340658993,-59.87442624160431,130.81707375118296,-10.083020820699877,-7.490180344593037,141.78704819832979,-60.43583149277785
0.2569,69.96021997520103,-123.32821040303872,-59.87757705291427,130.81857023068318,-10.082642922286787,-7.4903598276444,141.78956188730785,-60.43511945085935
0.25695,69.96309200363879,-123.32950864174751,-59.88082640846661,130.82003903200177,-10.082265595172194,-7.49053039025424,141.79210818844786,-60.43436885829028
0.257,69.96606245243363,-123.33078443232908,-59.88417327778274,130.82147649302064,-10.0818891746509,-7.490692060691537,141.79468355263347,-60.433579226189735
0.25705,69.96913031751028,-123.3320340421014,-59.88761632185028,130.82287892155173,-10.081513995659995,-7.490844879450356,141.79728424180342,-60.432750165809686
0.2571,69.97229458472408,-123.33325383095249,-59.89115419406997,130.82424273086315,-10.081140390654106,-7.490988899910688,141.79990659369832,-60.431881310383325
0.25715,69.97555410314725,-123.33444019863518,-59.894785412887366,130.82556438642555,-10.080768690259871,-7.49112418779034,141.80254691349236,-60.43097234913795
0.25720000000000004,69.97890744445803,-123.33558954118303,-59.89850822162035,130.82684036225905,-10.08039922283773,-7.49125082107601,141.80520136649147,-60.43002306800191
0.25725000000000003,69.98235324416714,-123.33669837713276,-59.90232093221486,130.8280672677469,-10.080032311952307,-7.491368890614084,141.8078662562949,-60.429033254838025
0.25730000000000003,69.9858898824547,-123.33776323930468,-59.90622160307263,130.8292417381065,-10.079668279382108,-7.491478498801768,141.8105377731636,-60.42800279001298
0.25735,69.98951558879334,-123.33878071871966,-59.91020814678853,130.83036047906032,-10.079307442004827,-7.491579760340645,141.81321208383358,-60.42693161836745
0.2574,69.993228598124,-123.33974751115429,-59.91427848638201,130.83142031305897,-10.078950111742035,-7.491672801904717,141.81588544907277,-60.42581970360433
0.25745,69.99702686690115,-123.34066034233906,-59.91843027015458,130.83241810387435,-10.078596596746566,-7.491757761535256,141.81855401847085,-60.424667113136834
0.2575,70.00090834018339,-123.34151604320276,-59.92266114238671,130.83335083244413,-10.078247197796692,-7.491834789241309,141.82121402768487,-60.423473939223165
0.25755,70.00487081446111,-123.34231151752397,-59.92696860230305,130.83421556329483,-10.077902212158081,-7.491904045770768,141.8238617025898,-60.4222403407015
0.2576,70.00891189807979,-123.34304374099263,-59.931349968209176,130.83500944415542,-10.077561929870638,-7.491965703162742,141.82649323890624,-60.420966556690104
0.25765,70.0130292475664,-123.34370980886071,-59.935802615595854,130.8357297535101,-10.077226631970571,-7.492019944649414,141.82910496027614,-60.419652833043244
0.2577,70.01722024899397,-123.34430688179826,-59.94032365216764,130.83637384505587,-10.076896596826323,-7.492066963257563,141.83169311387127,-60.41829952348948
0.25775000000000003,70.02148224150942,-123.3448322295328,-59.94491014912094,130.8369391923142,-10.076572092388496,-7.4921069627813734,141.83425401865944,-60.416907019785434
0.25780000000000003,70.02581254536142,-123.34528323278687,-59.949559167891984,130.83742338988196,-10.07625337746944,-7.492140157095078,141.83678408090938,-60.4154757422466
0.25785,70.03020821932934,-123.34565735977722,-59.95426751238352,130.83782412905595,-10.075940706945829,-7.4921667692787,141.83927965397382,-60.41400622026341
0.2579,70.03466637922818,-123.34595220311171,-59.95903205574468,130.838139235262,-10.075634323483527,-7.4921870321502775,141.84173722759502,-60.41249898775832
0.25795,70.0391839884998,-123.34616546173183,-59.963849527410176,130.83836664920995,-10.07533446108964,-7.492201187478092,141.84415330879116,-60.410954653139186
0.258,70.04375788053117,-123.34629494951135,-59.96871653363047,130.8385044351097,-10.075041346900722,-7.492209485598382,141.84652444032008,-60.40937389316212
0.25805,70.04838493846722,-123.34633860345296,-59.97362974235545,130.83855078873873,-10.074755196111779,-7.49221218528571,141.848847296569,-60.40775739139913
0.2581,70.05306181246087,-123.34629447952345,-59.97858559761934,130.83850403276244,-10.074476214841527,-7.4922095532389585,141.85111854028426,-60.40610593671633
0.25815,70.05778519371682,-123.346160759673,-59.98358059482138,130.83836262341134,-10.074204598895436,-7.492201863738378,141.85333496396927,-60.40442032841182
0.2582,70.06255170921403,-123.34593575116628,-59.9886111753955,130.83812514942778,-10.073940533818568,-7.4921893982614876,141.85549343729036,-60.40270141305775
0.25825000000000004,70.06735778765022,-123.34561789801104,-59.99367359297846,130.8377903431146,-10.07368419467176,-7.492172445103553,141.85759085077095,-60.40095013385586
0.25830000000000003,70.07220000205776,-123.34520576482645,-59.99876425808022,130.83735706365965,-10.073435743977528,-7.492151298833187,141.85962427095228,-60.39916740709071
0.25835,70.07707474334968,-123.34469805815051,-60.00387940838224,130.83682431826819,-10.073195334967467,-7.4921262601176615,141.86159079765505,-60.397354241030875
0.2584,70.08197832988111,-123.34409362534878,-60.00901522132662,130.83619126044678,-10.072963108554493,-7.492097635098047,141.8634876171058,-60.39551169723188
0.25845,70.08690718799224,-123.34339143331977,-60.01416799461739,130.83545716823915,-10.07273919337485,-7.492065734919361,141.86531207258307,-60.39364082289167
0.2585,70.09185754283502,-123.34259060931747,-60.019333834987435,130.83462148492114,-10.072523707847603,-7.492030875603613,141.86706154714972,-60.39174276756837
0.25855,70.09682568753689,-123.34169040717168,-60.02450893106308,130.83368378425584,-10.072316756473823,-7.49199337708413,141.86873356722234,-60.389818681927046
0.2586,70.10180788605913,-123.34069022124974,-60.02968945277187,130.83264378457343,-10.072118433287265,-7.491953563323695,141.87032576669526,-60.38786975464451
0.25865,70.10680029611747,-123.33958960576577,-60.034871476425714,130.83150136730285,-10.071928819691779,-7.491911761537019,141.87183586560943,-60.38589724333296
0.2587,70.11179920522424,-123.33838822682424,-60.040051222382516,130.83025652816266,-10.071747982841735,-7.491868301338388,141.87326174506774,-60.38390238210194
0.25875000000000004,70.11680075638589,-123.33708592419049,-60.04522477547659,130.82890943970895,-10.07157598090931,-7.491823515518447,141.87460136536725,-60.381886490205595
0.25880000000000003,70.12180113789196,-123.3356826706524,-60.05038828114268,130.82746040875276,-10.071412856749287,-7.491777738100348,141.8758528244251,-60.37985089730812
0.25885,70.12679661166827,-123.33417856120687,-60.055537971723226,130.82590986548286,-10.071258639945073,-7.491731304275965,141.87701436237637,-60.37779693138629
0.2589,70.13178329055575,-123.33257388035325,-60.060669939319524,130.82425843166703,-10.071113351236235,-7.491684551313776,141.8780843099676,-60.375726010365355
0.25895,70.13675744790677,-123.3308690104483,-60.06578045306145,130.8225068262266,-10.070976994845351,-7.491637815778306,141.87906116188836,-60.37363951515255
0.259,70.14171532174566,-123.32906449194543,-60.0708657588611,130.82065592628328,-10.070849562884568,-7.49159143433784,141.8799435323233,-60.371538870429966
0.25905,70.1466531096091,-123.3271610311514,-60.07592207239341,130.81870677519834,-10.070731037215694,-7.491545744046928,141.88073015911422,-60.369425548029675
0.2591,70.15156716943697,-123.3251594251395,-60.08094578508492,130.81666050513292,-10.070621384352059,-7.491501079993391,141.8814199377921,-60.36730098144226
0.25915,70.15645376223058,-123.32306066179031,-60.08593320306285,130.81451843795023,-10.070520559167761,-7.491457776159897,141.88201188129386,-60.36516667614274
0.2592,70.16130926525135,-123.32086583604024,-60.090880760962904,130.81228200077086,-10.070428504288452,-7.491416164730605,141.8825051525553,-60.36302411805075
0.25925000000000004,70.16613011307624,-123.31857617181339,-60.09578496357573,130.8099527471433,-10.070345149500524,-7.491376575329913,141.88289905442616,-60.360874798620834
0.25930000000000003,70.1709126753417,-123.31619308245595,-60.10064226283725,130.80753241730068,-10.070270412504449,-7.491339334844735,141.8831930217247,-60.35872026984199
0.25935,70.1756535399325,-123.31371803435181,-60.1054493421199,130.8050228007029,-10.070204197812611,-7.491304766351052,141.88338664273653,-60.35656201762636
0.2594,70.18034924464042,-123.31115267842029,-60.1102028453483,130.8024258683017,-10.070146399292161,-7.491273189881356,141.8834796407967,-60.354401582275656
0.25945,70.18499637086951,-123.30849880765595,-60.11489947301453,130.79974372836392,-10.070096897854961,-7.491244920707965,141.88347188371398,-60.35224051713389
0.2595,70.18959169963526,-123.30575826660673,-60.119536137554036,130.79697853567598,-10.070055562081247,-7.491220269069183,141.8833633822668,-60.35008031577802
0.25955,70.1941319358947,-123.30293310978706,-60.12410968527276,130.79413265083875,-10.070022250621953,-7.491199541051701,141.88315429151697,-60.347922540431874
0.2596,70.19861394611208,-123.30002546323769,-60.128617137142456,130.7912084993445,-10.06999680896963,-7.491183036106775,141.88284490800976,-60.34576871095842
0.25965,70.2030346941683,-123.29703755905379,-60.133055621780656,130.78820860732344,-10.069979072387653,-7.491171048269654,141.88243566808868,-60.34362033427117
0.2597,70.20739114152141,-123.29397180381356,-60.13742227618931,130.78513566908953,-10.06996886533214,-7.491163865275911,141.8819271579652,-60.34147895306488
0.25975000000000004,70.21168045589648,-123.29083063559106,-60.14171445576129,130.78199240261426,-10.069966000135233,-7.491161767023173,141.88132009272718,-60.339346044030805
0.25980000000000003,70.21589981028258,-123.28761666343456,-60.145929529225384,130.77878169132728,-10.069970281057241,-7.491165027892663,141.88061533809906,-60.33722311628454
0.25985,70.22004650480562,-123.2843325809509,-60.15006500453341,130.7755064941924,-10.069981500272224,-7.491173913241474,141.8798138956616,-60.33511165135035
0.2599,70.22411799698372,-123.28098113745843,-60.15411855719271,130.77216981759165,-10.069999439790998,-7.491188680133222,141.87891689278106,-60.33301308679755
0.25995,70.22811173371589,-123.27756527395073,-60.15808785900087,130.76877485339972,-10.070023874715009,-7.491209579448998,141.87792561761137,-60.330928902390234
0.26,70.23202538822615,-123.27408792692805,-60.161970820327355,130.76532477778053,-10.070054567898815,-7.491236850852461,141.8768414659293,-60.32886049775174
0.26005,70.2358567075115,-123.27055215261386,-60.1657654333985,130.7618228781918,-10.07009127411297,-7.491270725577943,141.87566597358543,-60.32680927073979
0.2601,70.23960349882509,-123.26696114401153,-60.16946975749832,130.758272571117,-10.07013374132676,-7.491311427105495,141.87440082464283,-60.32477662561705
0.26015,70.2432637985939,-123.2633180696705,-60.173082091724865,130.7546772365919,-10.070181706869022,-7.4913591669213835,141.87304779493397,-60.32276388156021
0.2602,70.2468356693842,-123.25962626564652,-60.176600768053255,130.7510404131481,-10.070234901330934,-7.491414147501565,141.87160881835493,-60.32077238229414
0.26025000000000004,70.25031734322464,-123.25588909477929,-60.18002429491575,130.74736565628123,-10.070293048308953,-7.4914765615018615,141.87008593557803,-60.31880341767975
0.26030000000000003,70.2537072041278,-123.25210995731157,-60.18335134051389,130.74365654754894,-10.070355863613928,-7.49154659023732,141.86848129465736,-60.31685823197981
0.26035,70.25700368380086,-123.24829240533612,-60.186580627024696,130.73991680991324,-10.07042305677622,-7.491624404577077,141.86679719884015,-60.314938083349816
0.2604,70.26020545151691,-123.24443992660431,-60.18971112081366,130.73615009045943,-10.070494330703232,-7.4917101638551244,141.86503601279543,-60.31304413399022
0.26045,70.26331124323914,-123.24055613646537,-60.192741859948626,130.73236015352293,-10.070569383290547,-7.491804017057582,141.86320024477655,-60.31117754849588
0.2605,70.26631991906225,-123.23664471318102,-60.19567201269223,130.7285508140188,-10.070647906370054,-7.491906100837772,141.86129251889258,-60.30933946077306
0.26055,70.26923056334498,-123.23270926230978,-60.19850097675813,130.72472580209103,-10.07072958658687,-7.4920165397812175,141.85931550692575,-60.30753091178129
0.2606,70.27204229502792,-123.2287535618696,-60.20122818778069,130.72088901001476,-10.070814107247237,-7.4921354481451425,141.85727204738635,-60.30575296513337
0.26065,70.27475443224576,-123.2247813409192,-60.20385328592191,130.71704426729113,-10.070901146323823,-7.492262926371943,141.85516503472755,-60.304006605047036
0.2607,70.27736645116154,-123.220796325168,-60.206376072382334,130.71319538866283,-10.070990378779214,-7.49239906349482,141.8529974386138,-60.30229275991092
0.26075000000000004,70.27987790132353,-123.21680236301766,-60.20879642451236,130.70934629982037,-10.071081476811191,-7.492543936802675,141.85077237150279,-60.30061235720347
0.26080000000000003,70.28228855064303,-123.21280319893971,-60.21111444170152,130.70550080848267,-10.071174108941484,-7.492697609542972,141.84849296364237,-60.298966227277106
0.26085,70.28459826289141,-123.20880265997633,-60.213330320133885,130.7016627944564,-10.071267942757517,-7.492860134480086,141.84616246441433,-60.297355183655824
0.2609,70.28680705225715,-123.2048045657456,-60.215444409013465,130.69783611605786,-10.071362643243676,-7.493031550312246,141.8437841912179,-60.29577998588083
0.26095,70.28891511129314,-123.20081266821448,-60.21745723726848,130.69402455100987,-10.071457874024702,-7.493211882795335,141.84136149103708,-60.294241317643056
0.261,70.29092271112751,-123.19683083148647,-60.21936941183425,130.6902319790106,-10.07155329929329,-7.4934011475241125,141.83889784718292,-60.29273985777478
0.26105,70.29283032826791,-123.19286278565896,-60.22118174697437,130.686462129842,-10.0716485812936,-7.49359934418297,141.83639672836046,-60.29127618648192
0.2611,70.29463855909599,-123.1889122823507,-60.22289517599144,130.68271874327053,-10.071743383104547,-7.49380646091981,141.83386168141456,-60.28985084646588
0.26115,70.29634811005704,-123.18498311881649,-60.2245107407269,130.67900559391703,-10.071837369330156,-7.49402247510052,141.8312963474332,-60.28846435118639
0.2612,70.29795988971628,-123.18107892242014,-60.22602968542381,130.67532627064412,-10.07193020429251,-7.494247348223961,141.82870432020331,-60.28711710939995
0.26125000000000004,70.2994748920936,-123.17720340896538,-60.227453337372495,130.67168443986827,-10.072021554721116,-7.494481030902852,141.8260893127838,-60.28580951780236
0.26130000000000003,70.30089426779105,-123.17336021045132,-60.22878317813812,130.66808367224647,-10.072111089652937,-7.4947234617950995,141.8234550431794,-60.284541901574144
0.26135,70.30221932238466,-123.16955285902502,-60.230020842256124,130.66452742462698,-10.072198480128545,-7.494974565601956,141.82080521963212,-60.283314511714735
0.2614,70.30345145292053,-123.16578495661973,-60.2311680523272,130.6610192122571,-10.072283400593339,-7.495234255637335,141.81814365649217,-60.28212758128174
0.26145,70.30459223309879,-123.16205991825542,-60.23222670421638,130.65756235091243,-10.072365528882393,-7.495502432657019,141.8154740935214,-60.28098124407994
0.2615,70.30564334113295,-123.15838117383288,-60.233198794158696,130.65416015976044,-10.072444546974252,-7.495778985927571,141.8128003354059,-60.279875600370325
0.26155,70.30660657699937,-123.15475211286196,-60.23408643596975,130.65081590487335,-10.07252014102962,-7.496063792011345,141.81012621231758,-60.27881069973462
0.2616,70.3074838989034,-123.15117592883354,-60.23489189683954,130.6475326444372,-10.072592002063876,-7.496356715603677,141.8074554628531,-60.27778649708963
0.26165,70.30827734637532,-123.14765589895345,-60.23561751957073,130.6443135104856,-10.072659826804582,-7.496657611532136,141.80479193885472,-60.276802935688025
0.2617,70.30898910180677,-123.14419512773,-60.236265784619434,130.64116144880012,-10.072723317187336,-7.496966321070092,141.8021394132487,-60.27585987414807
0.26175000000000004,70.30962146910122,-123.14079660107566,-60.23683928756139,130.6380792763793,-10.072782181539813,-7.4972826753036,141.7995016164577,-60.27495710476286
0.26180000000000003,70.31017683999758,-123.13746334867405,-60.23734070507282,130.63506984405922,-10.072836134924787,-7.49760649538513,141.79688236071263,-60.27409439783087
0.26185,70.31065774119791,-123.13419816636626,-60.23777284217091,130.6321357561311,-10.072884899027008,-7.497937589764827,141.79428532234235,-60.273271429484105
0.2619,70.31106679216923,-123.13100382845704,-60.23813858892542,130.6292795870834,-10.072928203243828,-7.4982757586263205,141.79171420522562,-60.272487839013905
0.26195,70.31140671424532,-123.1278830194412,-60.23844092969216,130.62650381035002,-10.07296578455316,-7.498620790908819,141.78917268601722,-60.271743211983896
0.262,70.31168033602653,-123.12483823609438,-60.2386829479887,130.62381070135567,-10.072997388037827,-7.498972465261272,141.78666433180516,-60.27103705869988
0.26205,70.3118905683639,-123.12187199121757,-60.23886780086609,130.62120254455843,-10.073022767497818,-7.49933055334083,141.78419276463558,-60.27036886380036
0.2621,70.31204042194288,-123.1189865728995,-60.23899873661363,130.61868138752484,-10.073041685329237,-7.499694814625286,141.78176146117926,-60.26973803183117
0.26215,70.31213298952316,-123.11618419079159,-60.239079076285584,130.61624919194819,-10.073053913237601,-7.500065001156576,141.77937387094536,-60.26914392277553
0.2622,70.31217144379615,-123.11346700898326,-60.23911221133108,130.61390786717286,-10.073059232465083,-7.500440858189596,141.77703344376266,-60.26858585938311
0.26225000000000004,70.3121590373114,-123.11083692383247,-60.23910160330973,130.61165904336053,-10.073057434001688,-7.500822119528041,141.77474343681473,-60.26806308265744
0.26230000000000003,70.31209909341753,-123.108295841282,-60.23905077441459,130.6095043548527,-10.07304831900293,-7.501208513570664,141.77250715095354,-60.2675748106022
0.26235,70.31199500418008,-123.1058454995999,-60.23896330519729,130.6074452613849,-10.073031698982781,-7.501599761785037,141.77032777573453,-60.267120203415914
0.2624,70.31185022063032,-123.10348743683083,-60.238842824430414,130.6054830135317,-10.07300739619992,-7.501995576700876,141.76820835631068,-60.266698360379046
0.26245,70.3116682591166,-123.10122319577528,-60.23869301533791,130.60361886164836,-10.072975243778687,-7.502395665873038,141.7661519745674,-60.26630835870254
0.2625,70.31145268062416,-123.09905406022621,-60.23851759460954,130.60185379068272,-10.07293508601463,-7.502799730456495,141.76416150981933,-60.265949207908854
0.26255,70.31120709768675,-123.09698123470476,-60.2383203191132,130.60018870071895,-10.072886778573558,-7.503207466014163,141.7622397983012,-60.265619883426474
0.2626,70.31093517093593,-123.09500582406332,-60.23810498217833,130.59862438654136,-10.072830188757626,-7.5036185624780245,141.76038961373428,-60.26531932370791
0.26265,70.31064058225542,-123.09312867551473,-60.23787538659353,130.59716138050246,-10.072765195661894,-7.504032704987696,141.75861351682983,-60.26504640797968
0.2627,70.31032706705159,-123.09135064242996,-60.23763537694149,130.59580021811675,-10.07269169011011,-7.50444957568679,141.7569141003479,-60.26479999779509
0.26275000000000004,70.30999837462353,-123.08967234997424,-60.23738879925502,130.59454120076356,-10.072609575368519,-7.504868850789312,141.75529376592456,-60.26457890395914
0.26280000000000003,70.30965826774731,-123.08809424852994,-60.23713950097279,130.5933844526719,-10.07251876677453,-7.505290204141901,141.75375477024372,-60.264381897381966
0.26285000000000003,70.30931055350806,-123.08661677800946,-60.236891361697595,130.59233008554625,-10.072419191810475,-7.505713307536774,141.75229938299483,-60.26420773119905
0.2629,70.30895901834047,-123.0852400927636,-60.236648227401595,130.5913779207879,-10.072310790938879,-7.506137828024285,141.75092961577337,-60.264055108421324
0.26295,70.30860746971311,-123.08396427365776,-60.236413953026315,130.5905277063324,-10.072193516686818,-7.506563432674581,141.74964742689576,-60.26392270982396
0.263,70.3082597233648,-123.08278928408379,-60.23619238899242,130.58977907035117,-10.072067334372369,-7.506989786267417,141.74845467686163,-60.263809189610704
0.26305,70.3079195620718,-123.08171485002042,-60.23598733982511,130.58913140168528,-10.07193222224673,-7.507416551664788,141.7473530037457,-60.263713165843235
0.2631,70.30759079267581,-123.08074066852825,-60.23580262207695,130.58858406177603,-10.071788170598857,-7.507843393247789,141.74634403251414,-60.26363324223141
0.26315,70.30727717833203,-123.07986620761018,-60.23564199512847,130.58813618050908,-10.071635183203542,-7.508269972898933,141.74542916762442,-60.2635679917927
0.2632,70.30698246589422,-123.0790908124007,-60.23550918971673,130.58778676641353,-10.071473276177507,-7.508695954012794,141.7446096988056,-60.26351596853722
0.26325000000000004,70.30671040052944,-123.07841375171003,-60.23540792270818,130.58753475377787,-10.071302477821279,-7.509121002067801,141.74388684871403,-60.26347571167755
0.26330000000000003,70.30646464602947,-123.0778340302273,-60.235341815817144,130.5873788112186,-10.071122830212344,-7.509544780991237,141.74326157033204,-60.263445735953965
0.26335000000000003,70.30624887630215,-123.07735063135024,-60.23531448918832,130.58731759011172,-10.070934387113862,-7.509966958761416,141.742734803195,-60.263424548217394
0.2634,70.30606670868056,-123.07696236510236,-60.23532949396247,130.58734957080355,-10.070737214718093,-7.510387205701248,141.7423073082496,-60.263410640354266
0.26345,70.30592167909046,-123.07666783651806,-60.23539028657342,130.58747302949038,-10.070531392517047,-7.510805192972292,141.74197962807983,-60.26340249167348
0.2635,70.30581733259719,-123.07646564549087,-60.23550032113324,130.58768624222165,-10.070317011463985,-7.511220596730716,141.74175230534655,-60.263398577204896
0.26355,70.30575710324268,-123.07635415308404,-60.23566292833004,130.5879872493816,-10.070094174912624,-7.511633096297583,141.74162562026558,-60.26339736303135
0.2636,70.30574437879461,-123.07633162552621,-60.2358813803849,130.58837400033346,-10.06986299840972,-7.512042374807238,141.74159974775546,-60.26339731244414
0.26365,70.30578250596642,-123.07639624800976,-60.2361588966855,130.58884436814358,-10.069623609280955,-7.512448120133776,141.74167477200686,-60.263396886888245
0.2637,70.30587469988772,-123.07654598045696,-60.236498553325916,130.58939600558514,-10.069376146561815,-7.512850025128187,141.7418505163378,-60.263394548829595
0.26375000000000004,70.3060241654828,-123.07677877289345,-60.236903405193125,130.59002656175016,-10.069120760289682,-7.513247788856689,141.7421267904119,-60.263388762345464
0.26380000000000003,70.30623398867738,-123.07709239501503,-60.23737637597908,130.59073350981862,-10.068857612698313,-7.513641114803549,141.7425031882876,-60.26337799714904
0.26385000000000003,70.30650714906145,-123.0774844734063,-60.23792027261601,130.59151418714137,-10.068586876445433,-7.514029713735094,141.7429791270192,-60.26336073161785
0.2639,70.30684660861436,-123.07795262755029,-60.23853787411678,130.5923659313337,-10.068308734497574,-7.51441330378339,141.74355400876874,-60.263335448932146
0.26395,70.30725515296062,-123.07849425244824,-60.239231771251816,130.59328586075685,-10.068023381708826,-7.51479160830858,141.74422695331702,-60.26330064921828
0.264,70.30773551055155,-123.07910669668671,-60.240004488614,130.5942710565865,-10.067731021937535,-7.515164359899834,141.7449970118031,-60.26325484342871
0.26405,70.30829033058083,-123.07978723537877,-60.24085846124978,130.59531853394986,-10.067431869331042,-7.515531298571108,141.74586313228104,-60.26319655567736
0.2641,70.30892208629913,-123.08053296022649,-60.241795937848636,130.5964251319173,-10.067126148450487,-7.515892171690791,141.74682401630974,-60.26312433514112
0.26415,70.30963321774159,-123.08134096249856,-60.24281912596083,130.59758769944114,-10.066814091780802,-7.51624673694252,141.74787834863764,-60.26303674265879
0.2642,70.31042600584964,-123.08220818990044,-60.24393006365955,130.5988029492717,-10.066495942190116,-7.516594759371196,141.74902461049265,-60.262932366222444
0.26425000000000004,70.3113026143752,-123.08313150630644,-60.24513066368974,130.60006752025566,-10.066171950685478,-7.516936013949166,141.7502611522426,-60.26280981825187
0.26430000000000003,70.3122651370496,-123.08410774724344,-60.24642276131127,130.60137803337412,-10.06584237573832,-7.517270286130663,141.75158626497904,-60.26266773016921
0.26435000000000003,70.31331546199837,-123.0851335873308,-60.247807976387094,130.6027309567298,-10.065507485611253,-7.5175973693990015,141.75299799817134,-60.26250477341284
0.2644,70.31445543181269,-123.08620571047881,-60.24928787733222,130.60412277960165,-10.065167554480496,-7.517917069122813,141.75449438686127,-60.26231963738399
0.26445,70.31568673788298,-123.08732070982795,-60.25086387407942,130.60554991083137,-10.064822863803606,-7.518229201003392,141.75607331237745,-60.26211104647383
0.2645,70.31701088449823,-123.08847506679997,-60.25253718122075,130.60700865697288,-10.064473703277457,-7.518533590172894,141.75773246634867,-60.26187776846415
0.26455,70.31842935004144,-123.08966530071453,-60.254308982804815,130.60849537502895,-10.06412036723664,-7.518830074314418,141.75946956058596,-60.26161858795213
0.2646,70.31994339013363,-123.09088780271337,-60.25618023357012,130.61000630450275,-10.063763156563509,-7.519118501789389,141.76128208524278,-60.26133234214078
0.26465,70.32155414505678,-123.09213893693419,-60.25815176695044,130.6115376689865,-10.063402378106378,-7.5193987320523,141.76316744996092,-60.261017903421006
0.2647,70.32326267065012,-123.09341506736902,-60.26022432738832,130.61308570400695,-10.06303834326177,-7.519670636637903,141.76512302252922,-60.260674173911546
0.26475,70.32506978733468,-123.09471244946046,-60.26239841905848,130.61464654820855,-10.062671368276229,-7.51993409874807,141.76714595987622,-60.26030011670415
0.26480000000000004,70.32697626750877,-123.09602737659817,-60.2646744944109,130.61621639052265,-10.062301773097875,-7.520189013924446,141.7692334282405,-60.25989471946615
0.26485000000000003,70.32898270003496,-123.09735608597086,-60.26705281761099,130.61779137512085,-10.06192988242397,-7.520435289149988,141.77138245421085,-60.25945702311484
0.2649,70.33108949765213,-123.09869477384582,-60.26953347426253,130.61936761811407,-10.061556023389635,-7.520672844268206,141.77358994167852,-60.258986122271544
0.26495,70.33329702875086,-123.10003968517394,-60.272116503299515,130.62094129696933,-10.061180525451343,-7.52090161179543,141.77585281501888,-60.258481136977515
0.265,70.33560540642466,-123.10138698588298,-60.27480168423826,130.62250852152908,-10.060803722186456,-7.521121535646069,141.77816780356696,-60.25794126110446
0.26505,70.3380146588104,-123.10273287501717,-60.27758871166612,130.6240654484633,-10.0604259471443,-7.5213325734461405,141.780531623495,-60.25736572505369
0.2651,70.3405247041459,-123.10407357091925,-60.280477168403024,130.62560826605932,-10.060047535742925,-7.521534695140039,141.7829409534478,-60.25675380172859
0.26515,70.34313521311616,-123.10540524314455,-60.28346638755955,130.62713312583656,-10.05966882555662,-7.521727882691999,141.78539230713997,-60.2561048411718
0.2652,70.34584582157726,-123.10672413111017,-60.28655566905236,130.62863626295197,-10.059290152524882,-7.521912131841769,141.78788224191229,-60.25541821970041
0.26525,70.34865596955827,-123.1080264644138,-60.28974411541683,130.63011391463297,-10.058911854141494,-7.522087450219131,141.79040720967717,-60.254693380407836
0.26530000000000004,70.35156493811373,-123.10930848907122,-60.293030671118146,130.63156234742473,-10.058534266995549,-7.52225385835352,141.79296359798303,-60.25392982547847
0.26535000000000003,70.35457194009719,-123.11056651191403,-60.29641421452446,130.6329779018271,-10.058157725572764,-7.522411389913038,141.79554781359926,-60.25312709322752
0.2654,70.3576759489423,-123.11179683113374,-60.29989338392807,130.63435692141093,-10.057782565014278,-7.52256009027714,141.79815613725987,-60.25228480423084
0.26545,70.3608758866945,-123.11299582019406,-60.30346677016201,130.63569583839416,-10.057409116532465,-7.52270001820007,141.80078488980922,-60.25140261216486
0.2655,70.36417051653346,-123.11415988696893,-60.307132807378245,130.6369911317437,-10.057037709155253,-7.522831244774735,141.80343034339452,-60.250480233305375
0.26555,70.36755839854646,-123.11528546553602,-60.310889727850444,130.63823931841176,-10.056668670695991,-7.522953852875729,141.8060886923875,-60.24951746037887
0.2656,70.37103808685475,-123.11636908769177,-60.31473576348799,130.6394370260971,-10.056302323366737,-7.523067938405324,141.80875621328292,-60.24851410773332
0.26565,70.3746078967949,-123.11740730907299,-60.31866891022814,130.6405809180996,-10.055938986566787,-7.523173609026582,141.8114290850205,-60.247470078181024
0.2657,70.37826603824641,-123.11839675836485,-60.32268706231943,130.6416677425958,-10.055578975926984,-7.523270984230969,141.814103497855,-60.2463853260767
0.26575,70.38201066903095,-123.11933415293903,-60.326788067728536,130.64269434853944,-10.055222601302427,-7.523360195600374,141.81677569342298,-60.245259841708055
0.26580000000000004,70.38583970113133,-123.12021625239561,-60.33096953309851,130.64365763853897,-10.054870168032842,-7.523441386143381,141.81944182822755,-60.244093709934326
0.26585000000000003,70.38975102868237,-123.12103992032138,-60.33522905321935,130.64455463068757,-10.05452197546301,-7.523514710366126,141.82209814038595,-60.24288704258406
0.2659,70.39374239686288,-123.12180209506579,-60.3395640792798,130.6453824288833,-10.05417831758307,-7.523580333817496,141.82474085917605,-60.24164001856691
0.26595,70.39781138764909,-123.1224997936051,-60.3439719064541,130.6461382267562,-10.053839481195002,-7.523638433151036,141.82736620129876,-60.24035288962745
0.266,70.40195557981885,-123.12313014343493,-60.34844983387796,130.64681933918405,-10.053505745940916,-7.523689195749102,141.8299704779635,-60.23902593061046
0.26605,70.40617232918821,-123.12369034871293,-60.352994943200216,130.6474231678699,-10.053177385987999,-7.523732819156966,141.83254995639433,-60.2376595097305
0.2661,70.41045894913468,-123.12417772324409,-60.35760428340731,130.64794723462916,-10.052854665727358,-7.52376951138499,141.83510097804694,-60.23625403186211
0.26615,70.41481269113116,-123.12458968744788,-60.36227484899186,130.6483891776367,-10.052537842139316,-7.523799490188774,141.83761994629452,-60.23480994474838
0.2662,70.41923059393613,-123.12492375746717,-60.36700342867919,130.64874674021257,-10.052227165256967,-7.523822982745422,141.84010324208052,-60.2333277896882
0.26625,70.42370972693672,-123.12517757115691,-60.371786852951985,130.6490177968133,-10.051922873984749,-7.523840225656347,141.84254736725777,-60.23180812140557
0.26630000000000004,70.4282470175059,-123.12534887553001,-60.37662181765878,130.64920033980547,-10.051625199847104,-7.5238514642754435,141.84494884795794,-60.23025156606183
0.26635000000000003,70.43283927884758,-123.12543553454914,-60.38150491404508,130.6492924870751,-10.051334364802509,-7.523856952525919,141.8473042551475,-60.22865881304348
0.2664,70.43748333561642,-123.1254355345493,-60.38643275588804,130.64929248707523,-10.05105057972838,-7.523856952525895,141.8496102716807,-60.2270305719976
0.26645,70.44217583494256,-123.1253469839712,-60.39140178732175,130.64919871815277,-10.050774047620827,-7.5238517341815765,141.85186359820682,-60.225367639029955
0.2665,70.44691342962247,-123.12516811716439,-60.396408470227,130.64900969198115,-10.050504959395461,-7.5238415748167515,141.85406104740434,-60.22367083323369
0.26655,70.45169269906876,-123.12489729599963,-60.4014492034725,130.6487240547589,-10.05024349559625,-7.523826758759279,141.85619950610013,-60.2219410247253
0.2666,70.45651009394197,-123.12453301745582,-60.406520266475624,130.64834059450828,-10.04998982746636,-7.523807577052447,141.85827591432343,-60.22017915557299
0.26665,70.4613621309087,-123.1240739030789,-60.411618017997924,130.64785822987872,-10.04974411291081,-7.5237843267998175,141.86028735285254,-60.21838616940538
0.2667,70.46624517170609,-123.12351871746482,-60.41673867191663,130.64727602843757,-10.049506499789453,-7.5237573109727185,141.86223094949867,-60.21656309257113
0.26675,70.47115555718686,-123.12286636096658,-60.421878432346055,130.64659319892655,-10.049277124840797,-7.5237268379599636,141.86410393931814,-60.2147109856858
0.26680000000000004,70.47608966749303,-123.12211586111783,-60.42703355575078,130.64580908201478,-10.049056111742257,-7.523693220896929,141.86590368703483,-60.21283092082338
0.26685000000000003,70.48104371936901,-123.12126640361339,-60.43220014607986,130.6449231811328,-10.048843573289169,-7.523656777519331,141.86762761321253,-60.21092405878225
0.2669,70.48601400059798,-123.12031729978656,-60.4373743907357,130.64393512931466,-10.048639609862294,-7.523617829528027,141.8692732824575,-60.208991560390835
0.26695,70.49099675784748,-123.11926800455804,-60.44255244794038,130.6428447067945,-10.04844430990712,-7.52357670223644,141.87083836325579,-60.20703462942868
0.267,70.49598815942794,-123.11811812842632,-60.447730410255716,130.64165185240645,-10.048257749172212,-7.5235337239801545,141.87232061984236,-60.2050545280918
0.26705,70.50098446491197,-123.11686740173934,-60.45290447415793,130.64035662739983,-10.048079990754038,-7.523489225660494,141.8737179654471,-60.20305251038492
0.2671,70.50598182683352,-123.11551572185674,-60.458070740220954,130.63895926254733,-10.04791108661257,-7.523443540690526,141.8750284046651,-60.20102990109579
0.26715,70.510976443224,-123.11406311860533,-60.4632253689524,130.63746012229905,-10.047751074271595,-7.523397003693734,141.87625007924626,-60.19898803541549
0.2672,70.51596455366244,-123.11250975332793,-60.46836457437601,130.63585970399322,-10.047599979286462,-7.52334995066522,141.87738126529064,-60.1969282601466
0.26725,70.52094230071087,-123.11085596332966,-60.47348448494816,130.63415868206212,-10.047457815762712,-7.523302718732467,141.87842034292564,-60.19485199119575
0.26730000000000004,70.52590595330959,-123.10910219329783,-60.478581370510376,130.63235783782935,-10.047324582799213,-7.523255644531546,141.87936584780365,-60.19276062153932
0.26735000000000003,70.53085174972031,-123.1072490460676,-60.48365148129215,130.6304581110774,-10.047200268428172,-7.523209065009777,141.88021643707603,-60.190655586466946
0.2674,70.5357759189725,-123.10529727969939,-60.48869107096688,130.62846059613972,-10.047084848005637,-7.523163316440316,141.88097089749093,-60.18853835549591
0.26745,70.54067481321104,-123.10324775632085,-60.49369653042351,130.62636648965844,-10.046978282787533,-7.523118733337596,141.88162816678312,-60.18641037574523
0.2675,70.54554472426179,-123.10110151585219,-60.498664200917325,130.62417716518445,-10.046880523344488,-7.523075649332208,141.88218730643732,-60.18427315102992
0.26755,70.55038203941952,-123.09885971339902,-60.503590533041326,130.62189410876158,-10.046791506378199,-7.5230343953625765,141.88264752480177,-60.18212817472477
0.2676,70.55518319938464,-123.0965236356554,-60.508472043169164,130.61951893541857,-10.046711156215501,-7.522995299763118,141.8830081704014,-60.179976947816506
0.26765,70.55994463276889,-123.09409473436827,-60.51330524663795,130.61705342279265,-10.046639386130984,-7.522958688424318,141.88326872839178,-60.17782100859073
0.2677,70.5646629203083,-123.09157454531906,-60.51808682495541,130.6144994281044,-10.046576095352883,-7.522924882785351,141.8834288319202,-60.175661858850695
0.26775,70.56933462124589,-123.08896477659721,-60.52281344904644,130.61185897746796,-10.046521172199439,-7.5228942008707795,141.8834882523677,-60.173501042492695
0.26780000000000004,70.5739563790633,-123.08626725544936,-60.527481885749296,130.6091342118637,-10.046474493314049,-7.522866956414302,141.8834469058101,-60.17134009781097
0.26785000000000003,70.5785249744008,-123.08348389460575,-60.53208905201521,130.60632735215356,-10.046435922385598,-7.522843457547764,141.88330485013304,-60.16918053221664
0.2679,70.58303715283706,-123.08061679502231,-60.53663184015535,130.6034408027474,-10.0464053126817,-7.522824007725103,141.88306228849834,-60.16702390322946
0.26795,70.587489823709,-123.07766812596307,-60.541107317973825,130.60047703036287,-10.046382505735178,-7.522808904399775,141.88271956421235,-60.16487172476104
0.268,70.59187997138298,-123.07464017718493,-60.545512639438336,130.5974386160004,-10.046367331944664,-7.522798438815468,141.88227716186995,-60.162725508702046
0.26805,70.59620460972428,-123.07153539242387,-60.54984499885148,130.59432828805546,-10.046359610872777,-7.522792895631589,141.88173571375106,-60.16058678762065
0.2681,70.60046093471581,-123.06835626190762,-60.554101783448225,130.59114881425114,-10.046359151267618,-7.522792552343448,141.88109598252387,-60.15845703972546
0.26815,70.60464616579767,-123.06510543475103,-60.558280413389866,130.58790311444957,-10.046365752407832,-7.522797679698499,141.8803588798107,-60.15633776704642
0.2682,70.60875764896912,-123.06178564394169,-60.56237844668389,130.58459418365794,-10.04637920228523,-7.522808539716234,141.8795254524285,-60.15423044426655
0.26825,70.61279286962456,-123.05839969177791,-60.56639358991864,130.5812250784504,-10.046399279705911,-7.5228253866724835,141.87859687616685,-60.15213651131767
0.26830000000000004,70.61674934313261,-123.0549505398985,-60.57032358825259,130.57779900694732,-10.046425754880042,-7.5228484670487905,141.87757447943522,-60.15005742982003
0.26835000000000003,70.6206247784304,-123.05144117051579,-60.57416639125359,130.57431918747918,-10.046458387176811,-7.522878016963384,141.87645970433843,-60.14799459790786
0.2684,70.6244169613344,-123.04787468390339,-60.5779200328125,130.5707889483777,-10.046496928521908,-7.522914264474285,141.8752541331786,-60.145949410711985
0.26845,70.62812376844255,-123.04425428877732,-60.58158264600337,130.56721171693366,-10.046541122439171,-7.5229574281563405,141.87395948704517,-60.14392325357401
0.2685,70.63174327239163,-123.04058319820479,-60.58515256919517,130.5635909137629,-10.046590703196431,-7.523007715558154,141.87257758795883,-60.14191744426781
0.26855,70.63527359550972,-123.03686477068983,-60.58862819662435,130.55993009625954,-10.046645398885381,-7.523065325569683,141.8711104084039,-60.13993331263529
0.2686,70.63871302138244,-123.03310239795516,-60.59200809193626,130.55623284374178,-10.046704929446214,-7.523130445786571,141.8695600295671,-60.13797213896198
0.26865,70.64205997797137,-123.02929951655423,-60.595290970147,130.55250276952157,-10.04676900782438,-7.523203252967318,141.86792864303519,-60.13603516223425
0.2687,70.64531297424577,-123.02545967770588,-60.59847563282897,130.54874359168866,-10.046837341416824,-7.52328391398277,141.86621857982954,-60.13412361638687
0.26875,70.64847071624706,-123.02158641158883,-60.601561085879624,130.5449589947351,-10.046909630367423,-7.5233725831463,141.86443225054134,-60.13223866237099
0.26880000000000004,70.6515319960116,-123.01768335441315,-60.60454642603873,130.54115275870794,-10.046985569972827,-7.523469404294766,141.86257220024635,-60.1303814526195
0.26885000000000003,70.6544957507715,-123.0137541766322,-60.60743090033267,130.53732868646733,-10.047064850438835,-7.523574509835061,141.86064107575675,-60.128553095881905
0.26890000000000003,70.65736109980519,-123.00980252754658,-60.61021394342864,130.53349054682866,-10.047147156376544,-7.523688019282065,141.85864159597142,-60.1267546331784
0.26895,70.66012723078495,-123.00583218544347,-60.61289506183598,130.52964222678338,-10.047232168948952,-7.523810041339912,141.8565766254924,-60.12498710780935
0.269,70.66279352769293,-123.0018468791345,-60.61547396257841,130.52578755127132,-10.047319565114519,-7.523940672136808,141.8544490836132,-60.12325148465752
0.26905,70.66535951066021,-122.99785036458638,-60.61795049232677,130.5219303599753,-10.047409018333484,-7.524079995388879,141.85226198083708,-60.121548686672575
0.2691,70.66782480016843,-122.99384648000168,-60.62032460083211,130.5180745627488,-10.047500199336312,-7.5242280827471095,141.85001844883038,-60.11987961849189
0.26915,70.67018922024008,-122.98983897808078,-60.62259644407705,130.5142239711067,-10.047592776163045,-7.524384993025933,141.8477216464148,-60.11824509654736
0.2692,70.67245269462087,-122.98583168750419,-60.62476627933258,130.51038246070692,-10.047686415288265,-7.524550773202717,141.84537484789743,-60.11664591791387
0.26925,70.67461529912741,-122.98182842404943,-60.62683451802784,130.50655388069626,-10.047780781099537,-7.524725456646843,141.84298139210833,-60.11508282408666
0.26930000000000004,70.67667727820724,-122.97783295035033,-60.62880174096528,130.50274201491032,-10.047875537241984,-7.524909064559972,141.84054465579342,-60.11355648707503
0.26935000000000003,70.67863897512268,-122.9738491024633,-60.63066862793596,130.4989507086916,-10.047970347186705,-7.525101606228305,141.83806812859214,-60.112067559320316
0.26940000000000003,70.68050091835882,-122.96988061618627,-60.63243604495465,130.49518369257228,-10.048064873404119,-7.525303076386,141.83555530553411,-60.11061660846788
0.26945,70.68226375873779,-122.96593124352975,-60.634104979200565,130.49144470215947,-10.048158779537223,-7.5255134586296935,141.8330097567145,-60.10920416282409
0.2695,70.6839282730619,-122.96200474490675,-60.635676542986324,130.48773746879277,-10.048251730075613,-7.5257327238860015,141.83043512235952,-60.10783070850013
0.26955,70.68549541820595,-122.95810475424291,-60.63715202802527,130.48406558307263,-10.048343390180698,-7.525960828829705,141.8278350228635,-60.10649664329905
0.2696,70.68696624955908,-122.95423496308253,-60.63853282189512,130.48043268260406,-10.04843342766397,-7.526197719521483,141.82521317778165,-60.10520234233226
0.26965,70.68834197643196,-122.950398979811,-60.63982046421914,130.47684230829987,-10.048521512212819,-7.526443328488868,141.82257331141508,-60.10394811025916
0.2697,70.68962395404489,-122.94660033285464,-60.641016637866805,130.4732979083508,-10.04860731617812,-7.526697575496143,141.81991915161623,-60.10273418472132
0.26975,70.69081364372931,-122.94284257692995,-60.64212312811077,130.4698029463254,-10.048690515618581,-7.526960369395421,141.81725450208182,-60.10156077166221
0.26980000000000004,70.69191266675709,-122.93912912137182,-60.64314187699574,130.46636072663134,-10.048770789761365,-7.5272316052595185,141.81458312037498,-60.10042799188943
0.26985000000000003,70.69292275506827,-122.93546336972388,-60.644074932762614,130.46297453685227,-10.048847822305657,-7.527511167128422,141.8119088143967,-60.09933592642596
0.26990000000000003,70.69384576780692,-122.93184865877689,-60.644924466200926,130.45964758621574,-10.048921301606015,-7.527798927438813,141.80923539779383,-60.09828459842715
0.26995,70.6946837049199,-122.9282881851075,-60.64569278417609,130.4563829308149,-10.048990920743824,-7.528094745707387,141.80656663307067,-60.09727395360452
0.27,70.69543866162695,-122.92478517371543,-60.64638228299551,130.45318364508648,-10.049056378631459,-7.528398471371057,141.80390635509286,-60.096303910122515
0.27005,70.69611287091567,-122.92134268381363,-60.64699549098493,130.45005262576242,-10.04911737993075,-7.528709941948766,141.801258323926,-60.09537430458058
0.2701,70.69670867775461,-122.91796369530974,-60.64753504215118,130.4469926790312,-10.049173635603397,-7.529028983721408,141.79862628695943,-60.09448491844656
0.27015,70.69722852508416,-122.91465117612529,-60.64800366161264,130.44400658895026,-10.049224863471546,-7.5293554128249305,141.7960140302841,-60.09363549651005
0.2702,70.69767498284835,-122.91140788569311,-60.64840419444939,130.44109691994578,-10.049270788398992,-7.529689034252591,141.79342522283494,-60.092825697110975
0.27025,70.69805071278384,-122.90823656361427,-60.64873956990393,130.4382662070251,-10.049311142879878,-7.53002964341078,141.79086356237738,-60.09205514246263
0.27030000000000004,70.69835847878797,-122.90513984383276,-60.64901281155593,130.43551686883444,-10.049345667232053,-7.530377025001683,141.78833270628192,-60.091323397714945
0.27035000000000003,70.69860114759834,-122.90212019054555,-60.6492270374818,130.43285114503826,-10.049374110116538,-7.530730954492708,141.78583621631074,-60.09062995778724
0.27040000000000003,70.69878167028291,-122.89918005110934,-60.64938544139917,130.4302712498602,-10.049396228883763,-7.531091198750911,141.78337768193182,-60.08997428464593
0.27045,70.69890309242271,-122.89632167939814,-60.649491302663655,130.4277791932678,-10.049411789759047,-7.531457513869705,141.78096057227813,-60.089355768131774
0.2705,70.69896854109797,-122.89354724370233,-60.64954797270851,130.42537689262798,-10.049420568389484,-7.5318296489256324,141.7785883231853,-60.08877375224563
0.27055,70.69898122270945,-122.89085883279421,-60.64955887267582,130.4230661774536,-10.04942235003367,-7.532207344659384,141.77626434135854,-60.08822753712247
0.2706,70.69894441952724,-122.88825831710362,-60.64952748963451,130.4208486493433,-10.049416929892732,-7.5325903322396845,141.77399188231453,-60.08771635225216
0.27065,70.69886148417342,-122.88574754006572,-60.64945737077069,130.41872587749822,-10.049404113402755,-7.532978337432502,141.7717742134841,-60.0872393969619
0.2707,70.6987358350511,-122.8833281765764,-60.64935211853208,130.41669925432402,-10.04938371651905,-7.5333710777476,141.76961448923572,-60.08679581348285
0.27075,70.69857094858286,-122.8810017331017,-60.64921538256482,130.41476999655688,-10.049355566018052,-7.533768263455155,141.76751574709328,-60.08638468968074
0.27080000000000004,70.69837036287815,-122.8787696739442,-60.64905086328218,130.41293927401932,-10.049319499595994,-7.534169600075137,141.76548101900164,-60.08600508321136
0.27085000000000004,70.69813765996065,-122.87663323909068,-60.64886229363339,130.41120802468626,-10.049275366327254,-7.534574785595556,141.7635131645684,-60.085655991027224
0.27090000000000003,70.69787647130057,-122.87459357925535,-60.648653444607945,130.4095770925908,-10.049223026692616,-7.53498351333547,141.76161499086575,-60.08533637465103
0.27095,70.69759047151011,-122.87265172207003,-60.64842811872491,130.4080471939737,-10.049162352785203,-7.535395471903612,141.75978921997054,-60.08504515556523
0.271,70.6972833602358,-122.87080848649313,-60.64819013151274,130.406618830596,-10.049093228723056,-7.535810344102853,141.7580384057354,-60.08478120429917
0.27105,70.69695888214325,-122.86906464639519,-60.64794333171254,130.40529245634303,-10.04901555043071,-7.536227809947853,141.75636508553504,-60.084543366398464
0.2711,70.69662079433459,-122.86742076070725,-60.64769156823018,130.4040683057656,-10.048929226104416,-7.536647545058321,141.75477161678407,-60.08433043960101
0.27115,70.69627287290183,-122.86587725104717,-60.64743869660912,130.40294647263622,-10.048834176292695,-7.5370692215890855,141.75326024747784,-60.08414118718731
0.2712,70.69591892499702,-122.8644344706586,-60.647188591216384,130.40192698036142,-10.048730333780643,-7.537492509702823,141.75183318195397,-60.08397434764934
0.27125,70.69556274038393,-122.86309251929798,-60.64694509635301,130.401009595803,-10.048617644030921,-7.537917076505037,141.7504923962705,-60.08382861434967
0.2713,70.69520813015525,-122.86185142860408,-60.64671206521303,130.40019401645515,-10.048496064942213,-7.5383425878510435,141.74923981817452,-60.08370265932712
0.27135000000000004,70.6948589051397,-122.8607110892002,-60.64649333795964,130.39947979698218,-10.048365567180062,-7.538768707782005,141.74807725313784,-60.083595126170195
0.27140000000000003,70.69451884726641,-122.85967117919832,-60.64629271320906,130.39886627881353,-10.048226134057362,-7.539195099615219,141.7470063080954,-60.08350462564069
0.27145,70.69419175390684,-122.85873132405952,-60.64611399252648,130.3983527509572,-10.048077761380354,-7.539621426897657,141.74602855211003,-60.08342975237054
0.2715,70.69388138210681,-122.85789094018557,-60.64596092395731,130.39793829204717,-10.047920458149514,-7.540047351861588,141.74514535298172,-60.08336907287528
0.27155,70.69359146990075,-122.85714931848167,-60.64583722430462,130.39762185712593,-10.047754245596142,-7.5404725386442255,141.7443579602974,-60.0833211349393
0.2716,70.69332574282556,-122.8565056506632,-60.645746585189876,130.39740230297622,-10.04757915763569,-7.540896652313017,141.74366753147274,-60.08328447064482
0.27165,70.69308785864358,-122.85595890717731,-60.645692617258156,130.3972782652419,-10.047395241385429,-7.54131935806458,141.74307499836434,-60.083257591135904
0.2717,70.6928814695997,-122.8555080020235,-60.6456789138978,130.39724832704587,-10.047202555701913,-7.541740325022355,141.7425812411716,-60.08323899804304
0.27175,70.69271016900491,-122.8551516786275,-60.64570899666161,130.39731090237893,-10.047001172343283,-7.542159223751461,141.74218696287107,-60.08322717919957
0.2718,70.69257748259164,-122.85488851083194,-60.64578630689473,130.39746423808398,-10.046791175696931,-7.542575727252034,141.7418926857588,-60.08322061188003
0.27185000000000004,70.69248692234996,-122.85471702264931,-60.64591426069519,130.3977065360671,-10.04657266165478,-7.542989513417797,141.74169888209275,-60.08321776809092
0.27190000000000003,70.69244189944465,-122.85463552741065,-60.646096160496185,130.39803578998223,-10.046345738948467,-7.543400262571578,141.74160579123995,-60.0832171126636
0.27195,70.6924457776561,-122.85464224466658,-60.646335249694395,130.39844990461768,-10.046110527961725,-7.543807659951076,141.74161354765178,-60.08321710810909
0.272,70.692501865319,-122.854735291704,-60.646634704696496,130.39894668765783,-10.045867160622484,-7.5442113959538695,141.74172216948963,-60.08321621574314
0.27205,70.69261335840908,-122.85491259929715,-60.646997577324285,130.39952376442602,-10.045615781084813,-7.544611165128836,141.7419314572172,-60.08321289865246
0.2721,70.69278341948821,-122.85517205226927,-60.64742687525857,130.4001787210236,-10.045356544229662,-7.545006668754286,141.7422411548066,-60.08320562238405
0.27215,70.69301509577106,-122.85551136747056,-60.64792547932646,130.40090898109776,-10.045089616444589,-7.54539761362724,141.74265080311432,-60.08319285906215
0.2722,70.69331134514918,-122.85592814756191,-60.648496169950256,130.4017118603903,-10.04481517519893,-7.545783712828373,141.7431597994806,-60.08317308912395
0.27225,70.69367507543998,-122.85641994338499,-60.64914166728278,130.40258463040385,-10.044533408157218,-7.5461646870188455,141.74376747136805,-60.08314480015257
0.2723,70.69410903621161,-122.85698411326169,-60.64986452229363,130.40352437668705,-10.044244513918008,-7.5465402634253245,141.74447290046274,-60.083106496421415
0.27235000000000004,70.6946159209057,-122.85761797217586,-60.65066722004064,130.40452814959446,-10.043948700865096,-7.54691017741857,141.7452751029165,-60.08305669319941
0.27240000000000003,70.69519832338082,-122.85831873917684,-60.65155213600509,130.4055929113905,-10.043646187375762,-7.547274172213634,141.74617296209206,-60.08299392138165
0.27245,70.69585868086713,-122.85908347891981,-60.65252147945532,130.40671547829882,-10.04333720141181,-7.547631999378989,141.74716514944956,-60.082916735698156
0.2725,70.69659938249364,-122.85990923943055,-60.653577402773635,130.40789265915984,-10.04302197972003,-7.547983419729272,141.7482502980898,-60.082823704472005
0.27255,70.69742266160205,-122.86079293355357,-60.654721892872786,130.4091211358247,-10.042700768729306,-7.548328202271126,141.74942684630062,-60.08271342345413
0.2726,70.69833063577715,-122.8617313949094,-60.65595681318213,130.4103975212335,-10.042373822595035,-7.5486661263240915,141.75069310603223,-60.08258451308551
0.27265,70.69932533840255,-122.86272141644935,-60.657283934722784,130.4117183973202,-10.042041403679784,-7.548996980870798,141.75204731206296,-60.08243561521958
0.2727,70.70040862122372,-122.86375965893352,-60.65870483813567,130.41308022293128,-10.041703783088058,-7.5493205639977585,141.75348749408667,-60.08226540881209
0.27275,70.70158226416754,-122.86484276797958,-60.66022102624566,130.4144794534775,-10.041361237921873,-7.5496366854978945,141.75501163294788,-60.08207259504689
0.2728,70.70284789754771,-122.86596730425798,-60.6618338444789,130.4159124692631,-10.041014053068858,-7.549945165005101,141.75661756134969,-60.08185591052021
0.27285000000000004,70.70420699147549,-122.86712974426199,-60.66354447105049,130.41737557694015,-10.040662520425032,-7.550245832678131,141.75830295925073,-60.08161413110647
0.27290000000000003,70.70566095099412,-122.86832656914979,-60.66535401421556,130.41886510004423,-10.04030693677857,-7.550538530894395,141.76006547832918,-60.081346056540795
0.27295,70.70721097895914,-122.86955415407377,-60.66726337304444,130.42037726638344,-10.039947605914755,-7.550823112309628,141.76190257768096,-60.08105053614355
0.273,70.70885816731584,-122.8708088525517,-60.66927333080446,130.42190829404697,-10.039584836511377,-7.55109944149524,141.76381164248474,-60.08072645385059
0.27305,70.71060349850036,-122.87208700061151,-60.67138455686169,130.42345439573444,-10.039218941638712,-7.551367395122908,141.76578998830422,-60.08037272855544
0.2731,70.71244775140802,-122.87338485355434,-60.673597511584205,130.42501171457442,-10.038850239823828,-7.551626861020094,141.7678347593885,-60.07998833429658
0.27315,70.71439162987261,-122.87469868608555,-60.67591257724597,130.42657642586303,-10.038479052626643,-7.551877739777487,141.76994307955164,-60.07957227543138
0.2732,70.71643565823197,-122.87602472322074,-60.67832995265209,130.42814466709868,-10.038105705579843,-7.552119943877955,141.77211194020643,-60.07912360928421
0.27325,70.71858020888949,-122.87735916741705,-60.68084968136029,130.42971256540784,-10.037730527529197,-7.552353397990784,141.77433823763576,-60.07864144195329
0.2733,70.72082556961621,-122.8786982453258,-60.68347172043894,130.43127628502097,-10.03735384917729,-7.552578039695141,141.7766188470931,-60.07812491415332
0.27335000000000004,70.72317180295579,-122.88003812717126,-60.68619579881216,130.43283194578848,-10.036976004143627,-7.5527938186171735,141.77895048280428,-60.07757323420002
0.27340000000000003,70.72561888557026,-122.88137501658429,-60.68902155834937,130.43437571385968,-10.036597327220877,-7.553000697275404,141.7813298453409,-60.0769856473007
0.27345,70.72816665641265,-122.88270512320616,-60.691948501937866,130.4359037739917,-10.036218154474772,-7.553198650785522,141.78375357202998,-60.07636144817459
0.2735,70.7308147429758,-122.88402463073312,-60.69497592006635,130.4374122975661,-10.035838822909456,-7.5533876668329825,141.78621817247185,-60.07570000042879
0.27355,70.73356271764105,-122.88532978275379,-60.69810304849594,130.438897528868,-10.035459669145137,-7.553567746114167,141.78872018093193,-60.07500069909003
0.2736,70.73640995653264,-122.886616815883,-60.70132892605323,130.4403557174654,-10.035081030479395,-7.553738901582416,141.7912560279805,-60.07426300654612
0.27365,70.73935568858734,-122.88788199076762,-60.7046524459451,130.4417831500416,-10.034703242642212,-7.553901159273981,141.79382209184328,-60.07348644159537
0.2737,70.74239905837993,-122.88912162306346,-60.70807241820444,130.44317618090975,-10.0343266401755,-7.554054557846298,141.79641475659093,-60.07267056367523
0.27375,70.74553899740349,-122.8903320336752,-60.71158744036633,130.444531181785,-10.033951557037106,-7.554199148109816,141.79903030479463,-60.07181500789363
0.2738,70.74877435907915,-122.89150960902084,-60.715196035707514,130.44584460307541,-10.033578323371668,-7.554334994054548,141.80166503710723,-60.070919449881835
0.27385000000000004,70.75210384317364,-122.89265077461747,-60.71889657550227,130.4471129463327,-10.033207267671383,-7.554462171715253,141.80431521165818,-60.0699836269224
0.27390000000000003,70.75552597831168,-122.89375199546204,-60.72268726251158,130.44833276477397,-10.032838715800093,-7.554580769311908,141.80697703565107,-60.069007344131954
0.27395,70.75903924097526,-122.8948098193617,-60.72656625252278,130.4495007071495,-10.03247298845249,-7.554690887787784,141.80964676228115,-60.0679904415113
0.274,70.7626418988426,-122.89582083070192,-60.73053149499198,130.45061347035087,-10.032110403850613,-7.554792639648957,141.81232057249406,-60.066932839464684
0.27405,70.76633212175959,-122.89678169001589,-60.73458084651956,130.45166783948227,-10.031751275240056,-7.554886149466365,141.81499466463555,-60.06583450790264
0.2741,70.7701079934685,-122.89768913855303,-60.738712083214864,130.45266069225502,-10.03139591025365,-7.5549715537019395,141.81766526425264,-60.06469546304185
0.27415,70.77396739509189,-122.89853997354716,-60.74292278264241,130.4535889735724,-10.031044612449485,-7.555049000025249,141.82032854450415,-60.06351580319691
0.2742,70.77790816526671,-122.89933109072808,-60.74721048676711,130.45444973841003,-10.030697678499614,-7.555118647681939,141.82298074289417,-60.0622956612695
0.27425,70.78192799216508,-122.90005946259015,-60.7515725928899,130.4552401294986,-10.030355399275175,-7.555180666908456,141.82561808853941,-60.061035238156755
0.2743,70.78602443027988,-122.90072214760274,-60.75600637088998,130.455957386332,-10.030018059389944,-7.555235238729296,141.82823681850675,-60.059734798714956
0.27435000000000004,70.79019499296264,-122.90131630872644,-60.76050905740436,130.45659886362958,-10.029685935558275,-7.555282554903127,141.8308332400233,-60.0583946430836
0.27440000000000003,70.79443700404077,-122.90183919347963,-60.76507770607445,130.45716201084653,-10.029359297966334,-7.5553228173669185,141.83340363912524,-60.05701515459677
0.27445,70.79874774186754,-122.90228815892264,-60.769709333399845,130.4576443970868,-10.029038408467724,-7.555356238164145,141.8359443741799,-60.05559675438021
0.2745,70.80312439480315,-122.90266066698568,-60.77440087405784,130.45804370604478,-10.02872352074532,-7.555383039059057,141.83845184959614,-60.05413991598282
0.27455,70.80756398436425,-122.90295428215755,-60.779149104020306,130.4583577333525,-10.02841488034396,-7.555403451194918,141.84092247543353,-60.052645191797886
0.2746,70.81206353837483,-122.90316668846067,-60.78395081516914,130.45858440330923,-10.028112723205668,-7.555417714848483,141.8433527685185,-60.05111315586847
0.27465,70.81661994055388,-122.90329568109806,-60.78880266362935,130.4587217600889,-10.027817276924539,-7.555426078990899,141.84573927009674,-60.0495444548416
0.2747,70.82122998189722,-122.90333917449779,-60.793701223044096,130.45876797550994,-10.027528758853153,-7.555428801012192,141.84807857842284,-60.04793979159608
0.27475,70.82589044498442,-122.90329520539584,-60.79864306855834,130.45872135170777,-10.027247376426097,-7.55542614631189,141.85036739349533,-60.04629989635167
0.2748,70.8305979600191,-122.90316193472118,-60.80362463201573,130.45858032266864,-10.026973328003377,-7.5554183879474195,141.85260244678685,-60.044625577426395
0.27485000000000004,70.83534914458852,-122.9029376499284,-60.808642344654245,130.4583434561306,-10.026706799934303,-7.555405806202177,141.85478057301398,-60.042917672789464
0.27490000000000003,70.84014054638358,-122.90262076742157,-60.81369257755503,130.45800945565864,-10.026447968828554,-7.555388688237048,141.8568986836101,-60.04117707059381
0.27495,70.84496861339186,-122.902209838359,-60.81877161259923,130.45757716606823,-10.026197000792656,-7.55536732770918,141.8589537568373,-60.03940472077415
0.275,70.84982981849383,-122.90170354148376,-60.82387576935379,130.45704556566002,-10.025954049140042,-7.5553420241761975,141.86094289376587,-60.037601590000236
0.27505,70.85472051354452,-122.90110069772992,-60.82900125617309,130.45641378067205,-10.025719257371442,-7.555313082942099,141.86286325802837,-60.03576871568418
0.2751,70.85963703500734,-122.90040026324719,-60.83414427813891,130.4556810776913,-10.025492756868443,-7.555280814444135,141.86471212249845,-60.03390716761144
0.27515,70.86457572203804,-122.89960132675813,-60.8393010555997,130.45484686048897,-10.025274666438365,-7.5552455337307345,141.86648687600803,-60.03201804108494
0.2752,70.8695327997288,-122.89870312989763,-60.844467705443954,130.45391069023708,-10.025065094284837,-7.555207560339503,141.8681849826188,-60.030102501883825
0.27525,70.87450454327977,-122.89770504283119,-60.84964040787238,130.45287226029026,-10.024864135407388,-7.5551672174590605,141.86980404247453,-60.028161723910074
0.2753,70.87948717865356,-122.89660658225219,-60.85481530579112,130.45173141394315,-10.02467187286245,-7.555124831690949,141.87134175774113,-60.02619692758598
0.27535000000000004,70.88447688588462,-122.89540741478166,-60.859988508099434,130.45048814742682,-10.024488377785204,-7.555080732645132,141.8727959371728,-60.02420937938961
0.27540000000000003,70.88946990435397,-122.89410733388763,-60.86515619640003,130.44914258604624,-10.02431370795397,-7.5550352521585395,141.8741645286886,-60.02220035037865
0.27545000000000003,70.89446239482521,-122.89270629480562,-60.87031448539065,130.4476950190423,-10.024147909434571,-7.55498872423668,141.87544558066642,-60.02017117151258
0.2755,70.89945056220985,-122.8912043852736,-60.875459546981524,130.44614586953523,-10.02399101522834,-7.554941484261578,141.87663727790536,-60.01812318481277
0.27555,70.90443062880613,-122.8896018322123,-60.88058758320876,130.4444957008084,-10.02384304559738,-7.554893868596075,141.8777379340214,-60.01605775408664
0.2756,70.90939876276482,-122.8878990267982,-60.885694754196024,130.4427452410823,-10.023704008568824,-7.5548462142840025,141.87874597739207,-60.01397629502443
0.27565,70.91435123478813,-122.88609647439502,-60.89077733603031,130.44089533258105,-10.02357389875786,-7.554798858185959,141.87965998607842,-60.011880210297996
0.2757,70.91928428497009,-122.88419483992341,-60.89583158616073,130.4389469769141,-10.023452698809379,-7.554752136990635,141.88047866055663,-60.00977094531229
0.27575,70.92419416820421,-122.88219493513095,-60.90085378998599,130.4369013214434,-10.023340378218217,-7.554706386312451,141.88120083536316,-60.007649969770206
0.2758,70.92907723842448,-122.88009768470684,-60.90584034473232,130.4347596250137,-10.023236893692168,-7.554661940306862,141.8818254918419,-60.00551874138713
0.27585000000000004,70.93392981201734,-122.87790418314172,-60.91078762175009,130.43252331480113,-10.023142190267226,-7.55461913165946,141.88235173909953,-60.00337876516066
0.27590000000000003,70.93874829339163,-122.87561564286163,-60.915692094166495,130.43019393303027,-10.023056199225124,-7.554578290168645,141.88277883184216,-60.00123153900187
0.27595000000000003,70.94352913798997,-122.87323340939577,-60.92055029775974,130.42777315257075,-10.022978840230264,-7.554539743174949,141.88310616501417,-59.999078569754545
0.276,70.9482688112376,-122.87075898325226,-60.925358790202104,130.42526279820922,-10.02291002103552,-7.554503814956913,141.88333327220676,-59.99692139198942
0.27605,70.9529639012029,-122.8681939631669,-60.93011426531335,130.42266478852946,-10.022849635889564,-7.554470825362575,141.88345983283537,-59.994761517166886
0.2761,70.95761100360751,-122.86554010600807,-60.93481343520419,130.41998119678354,-10.022797568403318,-7.554441090775462,141.8834856665157,-59.99260048596838
0.27615,70.96220680048998,-122.86279928578573,-60.93945311056601,130.41721420851547,-10.022753689923961,-7.554414922729783,141.88341073689614,-59.990439832531244
0.2762,70.96674807995242,-122.85997347983407,-60.944030220493026,130.4143661070983,-10.022717859459439,-7.55439262726418,141.88323514957276,-59.98828107477468
0.27625,70.97123163914235,-122.85706482840871,-60.94854171338247,130.4114393340444,-10.022689925759906,-7.554374505635639,141.88295915517344,-59.986125760384475
0.2763,70.97565442092711,-122.85407554966402,-60.952984695514814,130.40843640224745,-10.022669725412326,-7.554360852583399,141.8825831440964,-59.98397540186909
0.27635000000000004,70.98001343364406,-122.85100798910499,-60.95735634944223,130.40535994571113,-10.022657084201839,-7.554351956606159,141.88210764920086,-59.981831514631274
0.27640000000000003,70.98430574548786,-122.84786462576383,-60.96165392786289,130.4022127255289,-10.022651817624979,-7.554348099765047,141.8815333483498,-59.97969562019969
0.27645000000000003,70.98852857991783,-122.84464800278356,-60.96587485000136,130.3989975591815,-10.022653729916447,-7.554349556397952,141.88086105204465,-59.977569198865545
0.2765,70.99267920265626,-122.84136080924797,-60.97001658690808,130.39571740301145,-10.022662615748162,-7.554356593763474,141.8800917177569,-59.97545374574681
0.27655,70.99675500900996,-122.83800581454703,-60.974076749436875,130.39237528550458,-10.022678259573087,-7.554369470957584,141.87922643679752,-59.97335072701487
0.2766,71.00075351495617,-122.83458587190654,-60.97805307883725,130.3889743105777,-10.022700436118933,-7.55438843867117,141.8782664329331,-59.97126158374272
0.27665,71.00467229616011,-122.83110396973133,-60.9819433849222,130.38551770901864,-10.022728911237962,-7.554413739287247,141.87721307633595,-59.96918776362069
0.2767,71.00850910321981,-122.82756313096483,-60.985745661964515,130.38200873665068,-10.022763441255318,-7.554445605685804,141.87606785414235,-59.96713066034163
0.27675,71.01226176592039,-122.82396649509448,-60.98945799154435,130.37845075694568,-10.022803774376104,-7.554484261851132,141.8748323935563,-59.965091663665774
0.2768,71.01592822354235,-122.82031729187861,-60.9930785732422,130.37484721376097,-10.022849650300154,-7.554529921882335,141.87350845428847,-59.963072143530184
0.27685000000000004,71.01950658830486,-122.81661877583417,-60.99660578764188,130.37120156556287,-10.022900800663002,-7.55458278972869,141.87209790362184,-59.96107341463903
0.27690000000000003,71.0229950398239,-122.81287432991847,-61.00003808959762,130.36751738965546,-10.022956950226307,-7.554643059736952,141.87060275336538,-59.95909679433471
0.27695000000000003,71.02639191749559,-122.80908736990774,-61.00337410169791,130.3637982847478,-10.023017815797674,-7.554710914840057,141.86902512334154,-59.95714355098133
0.277,71.0296956980968,-122.80526136295244,-61.00661259012783,130.36004789065314,-10.023083107968967,-7.554786527700731,141.86736724626735,-59.955214915556624
0.27705,71.03290495439174,-122.80139987369984,-61.00975242309184,130.35626993397648,-10.023152531299907,-7.55487006027668,141.86563148698127,-59.95331210545914
0.2771,71.03601843836059,-122.79750646441246,-61.01279265480099,130.35246812658332,-10.023225783559614,-7.554961662170864,141.8638202976803,-59.95143627522275
0.27715,71.0390350049327,-122.7935847827749,-61.015732446948284,130.34864625539072,-10.02330255798442,-7.555061472615833,141.8619362557715,-59.94958856094187
0.2772,71.04195365456627,-122.78963850795614,-61.018571112067285,130.34480812677492,-10.02338254249897,-7.555169618818746,141.85998203853012,-59.947770054484224
0.27725,71.04477354977172,-122.78567132261855,-61.02130812978065,130.3409575381008,-10.023465419991096,-7.555286215482244,141.8579604071779,-59.94598179205612
0.2773,71.04749394982264,-122.78168699984573,-61.023943079761814,130.3370983662806,-10.023550870060866,-7.555411366434842,141.85587424945848,-59.94422479461254
0.27735000000000004,71.05011429594849,-122.77768927972302,-61.02647572793399,130.33323444217487,-10.023638568014519,-7.555545162451851,141.85372651550452,-59.94250001311148
0.27740000000000004,71.05263415890846,-122.77368193868821,-61.02890597285209,130.3293696208177,-10.023728186056424,-7.555687682129442,141.85152025164152,-59.94080836086893
0.27745000000000003,71.05505323096259,-122.76966880165786,-61.031233836958194,130.3255077938707,-10.023819394004404,-7.555838992212861,141.84925860688764,-59.93915071881911
0.2775,71.05737138765933,-122.7656536364767,-61.033459528756616,130.32165278259112,-10.023911858902766,-7.5559991461143605,141.84694477257912,-59.937527892556176
0.27755,71.05958861349393,-122.76164027152905,-61.035583367096045,130.31780845685154,-10.024005246397884,-7.5561681853224805,141.84458204695483,-59.935940662114746
0.2776,71.06170504926683,-122.75763251150313,-61.037605828598096,130.3139786499352,-10.024099220668743,-7.5563461384320565,141.8421737860015,-59.9343897483656
0.27765,71.06372099139963,-122.7536341288133,-61.03952754644944,130.31016714995826,-10.024193444950185,-7.556533021144933,141.83972339571892,-59.93287581151102
0.2777,71.06563684959539,-122.7496489407224,-61.04134926720144,130.30637777772804,-10.02428758239397,-7.55672883700565,141.8372343776808,-59.9313994814865
0.27775,71.0674532080314,-122.74568068074745,-61.04307191207813,130.30261425694886,-10.024381295953265,-7.556933576201386,141.8347102484288,-59.9299613105347
0.2778,71.06917077428558,-122.74173309518417,-61.04469652486355,130.29888031191928,-10.024474249422038,-7.557147216735097,141.8321545974466,-59.92856181058501
0.27785,71.07079039060618,-122.73780991612796,-61.0462242830254,130.29517963988567,-10.024566107580775,-7.557369723757722,141.8295710694813,-59.9272014438439
0.27790000000000004,71.07231306449937,-122.73391477823996,-61.04765652785448,130.29151582774276,-10.024656536644933,-7.557601049502815,141.82696330786496,-59.92588059524051
0.27795000000000003,71.07373991137474,-122.7300513502584,-61.04899470620137,130.28789248472103,-10.024745205173392,-7.557841134462625,141.82433503960738,-59.92459961908658
0.278,71.07507219911105,-122.72622321544581,-61.0502404152645,130.2843131211187,-10.024831783846555,-7.55808990567291,141.82168999428924,-59.923358799281786
0.27805,71.07631133481505,-122.72243389096786,-61.051395388295866,130.28078116931874,-10.0249159465192,-7.5583472783508565,141.81903191421995,-59.92215835785019
0.2781,71.07745883888997,-122.71868689677582,-61.05246146829049,130.2773000526634,-10.024997370599499,-7.558613155887531,141.8163646010678,-59.92099847793848
0.27815,71.07851638289506,-122.71498562727355,-61.05344064589449,130.27387305559688,-10.025075737000599,-7.558887428323321,141.813691823799,-59.91987926458053
0.2782,71.07948575351429,-122.71133345318793,-61.05433502214633,130.27050342822815,-10.025150731367985,-7.559169975040233,141.81101738878937,-59.91880077790491
0.27825,71.08036886392887,-122.7077336737331,-61.055146819920395,130.26719433697477,-10.025222044008505,-7.559460663241645,141.808345104144,-59.91776301945741
0.2783,71.08116775960842,-122.70418947355876,-61.05587838932782,130.26394882133508,-10.025289370280616,-7.559759347776263,141.8056787453613,-59.91676592144068
0.27835,71.08188459025686,-122.70070402508767,-61.05653217872723,130.26076989857728,-10.025352411529662,-7.560065873489649,141.80302212983602,-59.91580937723151
0.27840000000000004,71.08252163575611,-122.6972803563936,-61.05711076079724,130.25766042943792,-10.025410874958862,-7.5603800730442945,141.80037901554843,-59.91489320553591
0.27845000000000003,71.08308128518925,-122.69392142487824,-61.057616810877185,130.25462319316043,-10.025464474312093,-7.5607017682822075,141.79775315431138,-59.914017172627524
0.2785,71.083566031384,-122.69063013613068,-61.05805310101935,130.25166090722135,-10.025512930364652,-7.561030771090651,141.79514830535967,-59.91318099806029
0.27855,71.08397848526164,-122.68740922444893,-61.05842251421484,130.24877610642193,-10.025555971046808,-7.5613668819729964,141.79256813916777,-59.912384325433706
0.2786,71.08432135110957,-122.68426138878321,-61.058728019014765,130.24597128082866,-10.025593332094834,-7.561709892045395,141.79001634268576,-59.91162675855921
0.27865,71.08459743520237,-122.68118920555187,-61.05897267791601,130.24324878795574,-10.025624757286371,-7.562059582403877,141.787496548226,-59.910907840770456
0.2787,71.08480964153055,-122.6781951089407,-61.05915964271876,130.24061083325665,-10.025649998811796,-7.562415724315942,141.78501231427796,-59.91022705240944
0.27875,71.08496095978072,-122.67528148846678,-61.05929214207775,130.2380595689792,-10.025668817702991,-7.5627780805123885,141.7825672038989,-59.90958383478061
0.2788,71.0850544704776,-122.67245055458957,-61.0593734863995,130.23559695878546,-10.025680984078125,-7.563146404195919,141.780164671011,-59.90897756111235
0.27885,71.08509333433562,-122.66970443134836,-61.05940705679658,130.23322487190217,-10.025686277539043,-7.563520440553796,141.77780813521406,-59.90840755903509
0.27890000000000004,71.0850807900888,-122.66704514162386,-61.05939630263861,130.2309450681794,-10.02568448745016,-7.56389992655557,141.77550096794099,-59.90787310834227
0.27895000000000003,71.08502014938726,-122.6644745206914,-61.05934473613537,130.22875911171582,-10.02567541325189,-7.564284591024423,141.77324641509816,-59.907373425246824
0.279,71.08491479312977,-122.66199435237141,-61.05925592840452,130.22666850859696,-10.025658864725264,-7.5646741562255375,141.77104771302115,-59.90690769124029
0.27905,71.08476816525504,-122.65960625136411,-61.059133502949344,130.22467458790396,-10.025634662305693,-7.565068336539863,141.76890798354816,-59.9064750314118
0.2791,71.08458376650758,-122.65731168259701,-61.058981129209045,130.222778522832,-10.025602637298563,-7.56546684023498,141.76683024762661,-59.90607452053877
0.27915,71.08436515623441,-122.65511204148433,-61.05880252414842,130.22098141134038,-10.025562632086002,-7.565869369856052,141.76481749564644,-59.905705198715324
0.2792,71.08411593651216,-122.65300851993618,-61.058601435999044,130.21928414094694,-10.025514500513102,-7.5662756210107815,141.76287256354198,-59.90536604974272
0.27925,71.08383975637982,-122.65100221061024,-61.05838164852728,130.21768749584984,-10.025458107852552,-7.566685285239629,141.76099822510352,-59.90505602077005
0.2793,71.08354030475125,-122.64909407485787,-61.0581469735977,130.216192123705,-10.025393331153557,-7.567098048847104,141.75919716067997,-59.904774018272384
0.27935,71.08322129653826,-122.64728488939194,-61.05790123702268,130.2147984823479,-10.025320059515591,-7.56751359295594,141.75747190406685,-59.904518902090935
0.27940000000000004,71.08288648497111,-122.64557535281828,-61.05764829108302,130.21350694890856,-10.025238193888093,-7.567931596090304,141.75582494084367,-59.90428950271266
0.27945000000000003,71.08253963649146,-122.64396597022449,-61.05739198887666,130.21231770249497,-10.025147647614832,-7.56835173227046,141.75425859592,-59.90408460665818
0.2795,71.08218453637562,-122.64245711641921,-61.057136189990025,130.21123078895945,-10.025048346385612,-7.568773672540251,141.75277509105803,-59.903902967331746
0.27955,71.08182499102593,-122.64104906161684,-61.05688476286685,130.21024614774714,-10.024940228159078,-7.569197086130282,141.7513765682321,-59.90374330942671
0.2796,71.08146479562458,-122.63974186216713,-61.05664155195139,130.209363501346,-10.0248232436732,-7.569621639178858,141.7500649788585,-59.903604318091375
0.27965,71.08110776192244,-122.63853549182141,-61.056410405821936,130.20858248869862,-10.024697356100537,-7.570046996877181,141.74884221128852,-59.9034846558197
0.2797,71.08075769381178,-122.6374297660728,-61.056195152512565,130.2079025892184,-10.024562541299211,-7.57047282314564,141.74771001308918,-59.90338295566216
0.27975,71.08041837297657,-122.6364243194601,-61.05599958503344,130.20732310031605,-10.02441878794313,-7.570898780855978,141.74666996420075,-59.90329782164822
0.2798,71.08009358718228,-122.63551870882903,-61.0558274899777,130.20684324215858,-10.024266097204594,-7.571324533329539,141.74572358045285,-59.90322783982904
0.27985,71.07978708433662,-122.63471229278497,-61.055682601158594,130.20646203634,-10.02410448317802,-7.5717497435550465,141.74487218622326,-59.903171569915166
0.27990000000000004,71.07950259334365,-122.63400430971875,-61.055568620828325,130.20617838537567,-10.023933972515344,-7.572174075656879,141.74411699239323,-59.90312755380619
0.27995000000000003,71.07924382140743,-122.63339388082326,-61.05548921690043,130.2059910758412,-10.023754604507035,-7.5725971950178845,141.74345909759725,-59.90309431715318
0.28,71.07901441542867,-122.63287993202279,-61.05544798421519,130.2058987003544,-10.023566431213492,-7.573018768331613,141.74289940131266,-59.90307036704257
0.28005,71.07881800723618,-122.63246131387736,-61.05544849032859,130.20589977906428,-10.023369516907627,-7.5734384651868725,141.74243873027382,-59.90305420049166
0.2801,71.07865816765486,-122.63213670890786,-61.05549422904447,130.2059926660417,-10.023163938610418,-7.573855957133808,141.74207773525333,-59.90304430173639
0.28015,71.07853840616248,-122.63190464840126,-61.05558862063842,130.20617556756483,-10.02294978552407,-7.57427091916356,141.7418169054245,-59.90303914576773
0.2802,71.0784622040667,-122.63176358837218,-61.05573504523125,130.2064466186194,-10.022727158835476,-7.574683030247148,141.74165665071558,-59.9030372021371
0.28025,71.07843294908623,-122.63171179489626,-61.05593677678346,130.20680376732676,-10.022496172302782,-7.575091972430493,141.74159716979435,-59.90303693460216
0.2803,71.07845397808924,-122.63174743736234,-61.056197027056896,130.207244870613,-10.022256951032356,-7.5754974332506855,141.74163855217836,-59.903036805093585
0.28035,71.07852856408175,-122.631868572716,-61.05651893208897,130.20776767761066,-10.022009631992788,-7.575899104894653,141.7417807580774,-59.903035275082615
0.28040000000000004,71.07865987753736,-122.63207309321929,-61.05690551346493,130.20836977750972,-10.021754364072427,-7.576296684290428,141.74202355380467,-59.90303080852663
0.28045000000000003,71.07885104024531,-122.63235882356885,-61.057359733497314,130.20904869888443,-10.021491306747999,-7.576689875315577,141.74236662280595,-59.90302187273418
0.2805,71.07910506553932,-122.63272343657465,-61.0578844344416,130.2098018238363,-10.021220631097783,-7.577078387261605,141.74280946273564,-59.90300694218704
0.28055,71.07942487973838,-122.63316449749414,-61.05848236070512,130.21062643359144,-10.020942519033275,-7.577461936097288,141.74335143456932,-59.902984500038826
0.2806,71.0798133387567,-122.63367949440475,-61.05915617619639,130.21151973991155,-10.020657162560326,-7.5778402455067795,141.74399179721473,-59.902953038472944
0.28065,71.08027316062143,-122.63426575608577,-61.05990839602473,130.2124788018781,-10.020364764596717,-7.578213045792312,141.74472960263049,-59.90291106566677
0.2807,71.08080699690699,-122.63492055625531,-61.06074145923124,130.21350063187253,-10.020065537675757,-7.578580075617245,141.74556382183746,-59.902857101947795
0.28075,71.0814173867533,-122.63564106081122,-61.06165768269471,130.21458214262253,-10.019759704058602,-7.578941081811287,141.74649327622168,-59.902789685188736
0.2808,71.0821067332416,-122.63642431057312,-61.062659237539116,130.21572012998536,-10.019447495702492,-7.57929581941224,141.74751661076422,-59.90270737557905
0.28085,71.0828773724931,-122.63726730943893,-61.063748219317006,130.21691136233136,-10.019129153176118,-7.579644052892406,141.74863240497126,-59.90260874933674
0.28090000000000004,71.08373148773957,-122.63816693406797,-61.064926561560824,130.21815248957873,-10.018804926178753,-7.579985555510742,141.7498390516525,-59.902492410458464
0.28095000000000003,71.08467115293674,-122.63911999175379,-61.066196080371675,130.21944010208426,-10.018475072565057,-7.580320110330454,141.7511348288716,-59.902356987203746
0.281,71.08569834233091,-122.64012323561298,-61.06755848422046,130.2207707459787,-10.018139858110457,-7.580647510365721,141.7525179178952,-59.902201131833166
0.28105,71.08681486290084,-122.64117330512899,-61.069015306331025,130.22214086358298,-10.017799556569845,-7.58096755845397,141.75398631788465,-59.90202353218603
0.2811,71.08802243751015,-122.64226681464379,-61.07056798910069,130.22354688302715,-10.017454448409477,-7.581280068383366,141.75553796416642,-59.901822900541625
0.28115,71.08932263911527,-122.64340029697165,-61.07221781771998,130.22498516119683,-10.017104821395298,-7.5815848642251344,141.7571706464666,-59.90159798519945
0.2812,71.09071689264412,-122.64457021459388,-61.073965923086135,130.2264519957652,-10.016750969558014,-7.581881781171286,141.7588820195494,-59.90134757209194
0.28125,71.09220653574168,-122.6457730173905,-61.075813343157094,130.22794368329238,-10.016393192584589,-7.582170665901927,141.76066968363907,-59.90107047524438
0.2813,71.09379271974589,-122.6470050664547,-61.077760923219635,130.22945644233357,-10.016031796526242,-7.582451375878919,141.7625310688588,-59.9007655559584
0.28135,71.09547648307445,-122.64826270148053,-61.0798093912864,130.23098648230138,-10.015667091788066,-7.582723780820837,141.7644635303459,-59.90043171080657
0.28140000000000004,71.09725874049157,-122.6495422363744,-61.081959346798826,130.23252999844715,-10.015299393692743,-7.582987762072734,141.76646433908337,-59.900067874493025
0.28145000000000003,71.09914022258164,-122.65083992196958,-61.08421120016548,130.23408313450494,-10.014929022416178,-7.583243212535351,141.76853061929833,-59.899673033455194
0.28150000000000003,71.10112156681889,-122.65215201725087,-61.0865652659357,130.2356420552274,-10.014556300883225,-7.583490037976493,141.77065945576462,-59.899246208451274
0.28155,71.10320323951852,-122.65347474041559,-61.08902168338723,130.23720289630717,-10.014181556131291,-7.583728155891581,141.77284781232984,-59.898786471924545
0.2816,71.10538556167641,-122.65480429350472,-61.091580443590324,130.23876178967217,-10.013805118086076,-7.583957496167455,141.77509256619305,-59.898292943952846
0.28165,71.10766874568746,-122.65613688975701,-61.094241427339234,130.2403148913735,-10.013427318348226,-7.584178001616476,141.77739054999293,-59.89776478494648
0.2817,71.11005280747929,-122.65746870657915,-61.09700431612798,130.241858333653,-10.013048491351313,-7.584389627073816,141.77973846706,-59.897201216826815
0.28175,71.11253766381937,-122.65879594822714,-61.099868691365444,130.24338828854417,-10.01266897245396,-7.584592340317003,141.7821329944537,-59.896601501699166
0.2818,71.11512308013361,-122.66011482019638,-61.102833982177884,130.2449009420037,-10.012289097955774,-7.584786121807294,141.78457073464062,-59.89596495489471
0.28185,71.11780864178988,-122.66142152125454,-61.1058994366702,130.24639248572618,-10.01190920511966,-7.584970964471614,141.78704819420258,-59.89529095338202
0.28190000000000004,71.12059385279973,-122.66271229778494,-61.109064222187754,130.24785917204008,-10.011529630611983,-7.5851468742551615,141.78956188035863,-59.89457891226285
0.28195000000000003,71.1234780268873,-122.66398339516056,-61.112327315729644,130.24929726471774,-10.011150711157697,-7.585313869557177,141.79210820426272,-59.893828312984326
0.28200000000000003,71.12646034545524,-122.66523109133888,-61.11568756312783,130.2507030728976,-10.01077278232741,-7.585471981558717,141.79468353914115,-59.89303868986887
0.28205,71.12953988395586,-122.6664517113803,-61.11914370584886,130.25207296551966,-10.010396178106966,-7.585621254139308,141.79728424608018,-59.892209623824186
0.2821,71.13271552359078,-122.66764159614249,-61.12269429249876,130.2534033396924,-10.010021231092038,-7.585761743549874,141.79990660264824,-59.8913407668488
0.28215,71.13598605844524,-122.66879714962097,-61.126337787559315,130.2546906683947,-10.009648270885961,-7.5858935187736645,141.80254689758635,-59.89043181416195
0.2822,71.13935012867813,-122.66991481704207,-61.13007250391832,130.2559314780426,-10.009277624759822,-7.586016661000519,141.80520137833807,-59.88948252310104
0.28225,71.1428062186263,-122.67099109034822,-61.133896602041,130.2571223540881,-10.008909616585326,-7.586131263739859,141.8078662548355,-59.88849271487862
0.2823,71.14635273668532,-122.6720225376632,-61.13780817065931,130.2582599704435,-10.008544566025984,-7.586237432780269,141.81053776505397,-59.88746225261861
0.28235,71.14998790430298,-122.6730057730198,-61.1418051148909,130.25934105866298,-10.00818278941211,-7.586335285643229,141.81321209312554,-59.88639107400224
0.28240000000000004,71.15370984423896,-122.67393748738971,-61.14588524667015,130.26036243930704,-10.007824597568836,-7.586424951917321,141.81588544044757,-59.88527916669296
0.28245000000000003,71.15751657589787,-122.67481444946252,-61.150046279465755,130.26132102222599,-10.007470296432146,-7.586506572763474,141.81855402400362,-59.884126570110375
0.28250000000000003,71.16140594327487,-122.67563349289941,-61.15428575620294,130.26221379353342,-10.007120187071983,-7.586580300634005,141.82121402917033,-59.88293339801148
0.28255,71.16537572957462,-122.67639154645936,-61.15860116617049,130.26303784592324,-10.00677456340415,-7.586646299463898,141.82386169326983,-59.881699804524935
0.2826,71.1694235744052,-122.67708561915912,-61.16298986055996,130.26379036314952,-10.006433713845253,-7.586704743990371,141.82649325116796,-59.880426010066245
0.28265,71.17354699625157,-122.67771280973282,-61.16744907620351,130.2644686294346,-10.006097920048079,-7.586755819701754,141.82910495471273,-59.879112295385724
0.2827,71.17774344868414,-122.67827031851155,-61.17197599308251,130.26507004120842,-10.005767455601635,-7.58679972269689,141.83169311119602,-59.87775898432166
0.28275,71.18201022527377,-122.67875543691976,-61.176567637718385,130.26559209604073,-10.005442587555393,-7.586836659120915,141.83425402653108,-59.87636647488274
0.2828,71.18634456247678,-122.67916556498469,-61.18122098805534,130.26603241009065,-10.00512357442145,-7.586866845106003,141.83678407200506,-59.87493520683423
0.28285,71.19074359560992,-122.67949820812852,-61.185932929344794,130.2663887145143,-10.004810666265152,-7.5868905063857675,141.839279659388,-59.87346567641946
0.28290000000000004,71.19520432770533,-122.67975097911726,-61.1907002226611,130.26665885704227,-10.004504105044234,-7.586907877925036,141.84173722695988,-59.87195844762456
0.28295000000000003,71.19972373887344,-122.67992160845547,-61.195519615884564,130.26684081213483,-10.004204122988918,-7.586919203679313,141.84415330336557,-59.87041411606644
0.28300000000000003,71.20429867471712,-122.68000794053303,-61.20038773123763,130.26693267670416,-10.003910943479521,-7.586924736171113,141.84652444824852,-59.868833347188364
0.28305,71.20892590834839,-122.6800079405332,-61.20530112830028,130.2669326767043,-10.003624780048131,-7.58692473617109,141.8488472893239,-59.86721685598483
0.2831,71.21360217841561,-122.67991969621198,-61.21025634240813,130.266839168524,-10.003345836007487,-7.586919472311994,141.85111854298034,-59.86556539407193
0.28315,71.21832409258961,-122.6797414214191,-61.21524978764028,130.26665064213768,-10.003074304949344,-7.586909220718576,141.85333496884513,-59.863879784111546
0.2832,71.22308824223394,-122.67947145702833,-61.220277872963734,130.26636572161863,-10.002810369270229,-7.586894264590328,141.8554934281252,-59.86216087993737
0.28325,71.22789114580522,-122.67910827427988,-61.22533694480528,130.2659831681091,-10.002554200999946,-7.586874893829248,141.8575908580544,-59.860409587002096
0.2833,71.23272923882394,-122.67865047932132,-61.23042327771266,130.26550188394333,-10.002305961111302,-7.5868514046219815,141.85962427075256,-59.85862686679868
0.28335,71.23759896148847,-122.67809680793502,-61.23553316269037,130.26492090689518,-10.002065798798101,-7.586824098960189,141.86159079262765,-59.856813705188195
0.28340000000000004,71.24249665446516,-122.67744613766644,-61.24066280188246,130.26423942201492,-10.001833852582728,-7.58679328434848,141.86348762250816,-59.8549711512595
0.28345000000000004,71.24741864281306,-122.67669748162,-61.24580839426247,130.26345675481323,-10.00161024855059,-7.586759273193223,141.86531206838822,-59.85310028675986
0.28350000000000003,71.25236123835843,-122.67584998850145,-61.25096613727562,130.26257237095638,-10.00139510108283,-7.586722382454969,141.8670615486302,-59.85120222527913
0.28355,71.25732066852255,-122.67490295674796,-61.256132155357506,130.26158589005001,-10.001188513165069,-7.586682933302018,141.86873356840889,-59.84927813997709
0.2836,71.26229319278289,-122.67385581643609,-61.261302618294806,130.26049706677057,-10.000990574488084,-7.586641250334513,141.8703257625283,-59.84732921924718
0.28365,71.26727502614779,-122.67270814454747,-61.26647366287744,130.2593058060303,-10.000801363270371,-7.586597661482812,141.87183587016102,-59.8453566965466
0.2837,71.27226235511324,-122.67145966495401,-61.271641409768606,130.2580121623622,-10.000620945344652,-7.58655249740815,141.87326174281935,-59.84336184482919
0.28375,71.27725140324434,-122.67011023377513,-61.27680203006126,130.2566163245706,-10.000449373183086,-7.5865060907954405,141.87460136461297,-59.841345950684264
0.2838,71.28223834004946,-122.66865986400616,-61.281951652349086,130.255118640365,-10.00028668770039,-7.586458776358868,141.87585282774108,-59.83931035116574
0.28385,71.28721937221997,-122.66710870299838,-61.28708645559567,130.25351959295736,-10.00013291662431,-7.586410889958967,141.87701435883204,-59.837256397375825
0.28390000000000004,71.29219071523504,-122.66545704065463,-61.29220264040797,130.25181980886023,-9.999988074827074,-7.586362768205603,141.87808431174327,-59.83518546605754
0.28395000000000004,71.29714856075627,-122.66370532239308,-61.29729639566229,130.25002007063526,-9.999852165093975,-7.586314748242179,141.87906116236263,-59.83309897362428
0.28400000000000003,71.3020891764997,-122.66185411631493,-61.302363999654396,130.24812128315608,-9.999725176845317,-7.5862671668411785,141.8799435303864,-59.830998334643
0.28405,71.30700881053703,-122.6599041475449,-61.30740172331556,130.2461245078399,-9.999607087221474,-7.586220360294998,141.8807301609028,-59.82888500223311
0.2841,71.31190374505906,-122.65785628077144,-61.31240588444386,130.24403094453322,-9.999497860615202,-7.586174663761793,141.8814199362938,-59.82676044576969
0.28415,71.31677033541187,-122.65571150378261,-61.31737288685995,130.24184191449083,-9.99939744855194,-7.586130410708183,141.88201188160897,-59.82462613393272
0.2842,71.321604920833,-122.6534709663967,-61.322299130309545,130.23955889916317,-9.999305790523463,-7.586087932766457,141.88250515334195,-59.82248357379146
0.28425,71.32640392769471,-122.65113593627864,-61.32718111468526,130.2371834950675,-9.99922281300945,-7.586047558788875,141.8828990531141,-59.82033426581294
0.2843,71.33116382673897,-122.64870781768852,-61.33201539627141,130.23471743247268,-9.999148430467592,-7.586009614784142,141.88319302237952,-59.818179722617906
0.28435,71.33588111546827,-122.64618816213591,-61.336798570273615,130.23216258547782,-9.99908254519467,-7.58597442334189,141.8833866427718,-59.81602147731158
0.2844,71.34055239936313,-122.64357862638819,-61.341527352430816,130.22952092927338,-9.999025046932335,-7.585942302885184,141.88347964063095,-59.81386104662854
0.28445000000000004,71.34517430668743,-122.64088101797958,-61.34619849253339,130.22679458581092,-9.998975814154054,-7.58591356783133,141.88347188350667,-59.81169996993332
0.28450000000000003,71.34974355228998,-122.63809726096999,-61.350808839262264,130.22398578844263,-9.998934713027705,-7.585888527472658,141.8833633826344,-59.80953978001863
0.28455,71.35425694540024,-122.63522938956625,-61.35535534717349,130.221096875444,-9.998901598226778,-7.585867485877678,141.88315429134542,-59.80738199911082
0.2846,71.35871132916996,-122.63227958618336,-61.359835015590704,130.2181303279403,-9.99887631357928,-7.585850741756901,141.88284490756328,-59.80522816772367
0.28465,71.36310367616662,-122.62925012050039,-61.364244985260726,130.21508870764282,-9.998858690905903,-7.585838587142424,141.88243566915375,-59.80307979897197
0.2847,71.36743102750076,-122.62614338800216,-61.36858247572423,130.2119746959663,-9.998848551776524,-7.585831307964116,141.88192715663243,-59.800938407667125
0.28475,71.37169050131463,-122.62296190557065,-61.3728447941836,130.20879108881462,-9.99884570713104,-7.58582918324398,141.8813200936278,-59.79880550648013
0.2848,71.37587935146556,-122.61970826734662,-61.37702939462048,130.20554075150437,-9.998849956845119,-7.585832484157707,141.88061533826303,-59.796682576514485
0.28485,71.37999489128836,-122.61638520101917,-61.3811337997443,130.2022266758182,-9.99886109154412,-7.585841474798984,141.87981389346783,-59.79457110536887
0.2849,71.3840345612032,-122.61299551548396,-61.38515566958402,130.1988519263196,-9.99887889161921,-7.585856410835621,141.8789168957641,-59.79247255292756
0.28495000000000004,71.38799591450876,-122.60954210952212,-61.38909278670655,130.1954196488389,-9.99890312780222,-7.585877539316798,141.8779256156383,-59.79038835810016
0.28500000000000003,71.39187658571375,-122.60602799880553,-61.39294302350874,130.19193309775173,-9.998933562205062,-7.5859050989461565,141.876841464961,-59.78831995537894
0.28505,71.39567436509951,-122.60245624879339,-61.39670441750653,130.18839556760784,-9.998969947592963,-7.5859393188144715,141.8756659765325,-59.786268735198746
0.2851,71.3993871303643,-122.59883003440461,-61.400375101820906,130.18481045319098,-9.999012028543442,-7.585980418786345,141.87440082127736,-59.78423607993405
0.28515,71.40301288195818,-122.59515260714491,-61.40395334043592,130.18118121608435,-9.999059541522268,-7.586028608939424,141.87304779763576,-59.782223344902604
0.2852,71.40654977274762,-122.59142726201596,-61.40743755770948,130.1775113510472,-9.99911221503818,-7.586084089031248,141.87160881792394,-59.78023184130106
0.28525,71.40999604021333,-122.58765740529215,-61.41082626958788,130.17380445412525,-9.999169770625485,-7.586147048833077,141.87008593280177,-59.77826287365492
0.2853,71.41335008037153,-122.58384647539307,-61.41411815788213,130.17006414246154,-9.999231922489415,-7.586217667068445,141.86848130012683,-59.77631769795009
0.28535,71.41661041835381,-122.5799979703881,-61.417312039854195,130.16629408217275,-9.999298378499628,-7.586296111784651,141.86679719394272,-59.77439753750016
0.2854,71.41977568914237,-122.57611546951097,-61.420406848660335,130.16249800951232,-9.999368840482077,-7.586382540001297,141.86503601339652,-59.77250359405259
0.28545000000000004,71.42284469689453,-122.57220255933686,-61.42340169268401,130.15867965628624,-9.999443004210535,-7.58647709694933,141.86320024884475,-59.770637012085366
0.28550000000000003,71.42581635556527,-122.56826290299972,-61.42629579493166,130.1548428198511,-9.999520560633602,-7.586579916851383,141.86129251179756,-59.76879891360665
0.28555,71.42868972532766,-122.56430019239772,-61.42908852977363,130.15099131416923,-9.999601195554042,-7.586691121771509,141.85931551198644,-59.76699037573307
0.2856,71.4314640208097,-122.56031813144708,-61.43177943041272,130.14712895328248,-9.99968459039697,-7.586810821835385,141.85727204707464,-59.76521242441269
0.28565,71.43413856820571,-122.55632049315902,-61.43436814521085,130.14325960873157,-9.999770422994889,-7.586939115572524,141.85516503040532,-59.763466061001324
0.2857,71.43671286375478,-122.55231103177582,-61.43685449656683,130.13938712029457,-9.999858367187963,-7.587076088518766,141.85299744456466,-59.761752223987806
0.28575,71.43918653466649,-122.54829353492862,-61.43923844047095,130.1355153493676,-9.999948094195558,-7.587221814438998,141.85077236680067,-59.76007181323599
0.2858,71.44155934054105,-122.54427181974398,-61.4415200678346,130.13164817442862,-10.000039272706475,-7.587376354684619,141.84849296640184,-59.75842568869651
0.28585,71.44383120992998,-122.54024966651323,-61.44369964100182,130.12778942387723,-10.000131568928197,-7.587539757363965,141.84616246583607,-59.756814644152186
0.2859,71.44600218980148,-122.53623089916603,-61.44577754181,130.123942958036,-10.000224647991534,-7.58771205886991,141.84378418485193,-59.75523944121825
0.28595000000000004,71.44807248247557,-122.53221931630644,-61.447754308836814,130.12011259877238,-10.000318173638782,-7.5878932824659655,141.84136149953054,-59.75370078241861
0.28600000000000003,71.45004243893098,-122.52821869480843,-61.44963063007137,130.1163021332938,-10.000411808859551,-7.588083438485378,141.8388978420512,-59.75219931424494
0.28605,71.45191253446646,-122.52423283297581,-61.45140731764157,130.11251535821143,-10.000505216824882,-7.588282525235606,141.83639672574282,-59.75073564442403
0.2861,71.45368340828284,-122.52026546263876,-61.4530853475749,130.10875599031033,-10.00059806070797,-7.588490527671564,141.83386168911355,-59.74931031020944
0.28615,71.45535582594373,-122.51632032048113,-61.4546658213236,130.1050277388333,-10.000690004620132,-7.588707418352219,141.83129633858306,-59.74792380598475
0.2862,71.45693069295301,-122.51240111321323,-61.45614997897176,130.1013342704914,-10.000780713981252,-7.588933157278173,141.8287043252611,-59.746576571427916
0.28625,71.45840906838423,-122.50851147341314,-61.45753921256215,130.09767916492777,-10.000869855822126,-7.589167691514599,141.8260893136941,-59.74526897775491
0.2863,71.45979212779753,-122.50465504457678,-61.458835028214466,130.094066000662,-10.000957099583044,-7.589410956085196,141.8234550366715,-59.74400135795777
0.28635,71.4610811966452,-122.5008353854771,-61.4600390794164,130.09049825861453,-10.001042117228836,-7.589662873137432,141.820805229463,-59.742773975667305
0.2864,71.46227773351738,-122.49705600201344,-61.46115314954614,130.08697935474868,-10.001124583971214,-7.589923352735248,141.8181436489097,-59.74158703746718
0.28645000000000004,71.4633833169422,-122.49332037972859,-61.46217913824939,130.0835126726525,-10.001204178692849,-7.59019229292385,141.81547409487808,-59.740440704105545
0.28650000000000003,71.4643996704608,-122.4896318907727,-61.463119086264996,130.08010146994536,-10.001280584195811,-7.590469579172664,141.81280034255144,-59.73933506278896
0.28655,71.46532863343133,-122.48599387746731,-61.46397514543014,130.07674896319114,-10.001353488001213,-7.590755085723871,141.81012619991316,-59.73827015436711
0.2866,71.46617217149593,-122.48240960482744,-61.46474958900402,130.07345827954498,-10.001422582491918,-7.591048674717524,141.80745547202594,-59.737245959998354
0.28665,71.46693237816157,-122.47888223354188,-61.465444812709855,130.07023243025026,-10.001487565451725,-7.5913501967083565,141.80479193850448,-59.73626239507942
0.2867,71.46761145490679,-122.47541489057144,-61.46606331427345,130.06707438211495,-10.001548140633327,-7.591659491543494,141.80213940447842,-59.7353193305466
0.28675,71.46821172776274,-122.47201057404409,-61.46660770987542,130.06398696124293,-10.001604017887328,-7.591976387198866,141.79950162681493,-59.73441656770688
0.2868,71.46873563128237,-122.46867220839033,-61.467080717424246,130.06097290980807,-10.00165491385814,-7.592300701417702,141.79688235366913,-59.73355385504279
0.28685,71.46918570551611,-122.46540264613174,-61.46748515324674,130.05803488758127,-10.001700552269366,-7.592632241449547,141.79428532451058,-59.73273088961668
0.2869,71.46956460245727,-122.46220459316385,-61.467823938241885,130.05517539667315,-10.001740664215388,-7.592970803509264,141.79171420884484,-59.73194729958792
0.28695000000000004,71.46987506896629,-122.4590807010935,-61.46810008019221,130.05239687588585,-10.001774988774082,-7.59331617479232,141.78917267736128,-59.731202668962254
0.28700000000000003,71.47011995191525,-122.45603349617798,-61.468316678733125,130.04970162846018,-10.00180327318213,-7.593668132282197,141.786664343154,-59.73049652130841
0.28705,71.47030219243767,-122.4530653785808,-61.46847691918636,130.04709182190467,-10.00182527325133,-7.594026443323844,141.78419275818214,-59.72982832159762
0.2871,71.47042481793605,-122.45017867891076,-61.46858406415645,130.0445695459254,-10.001840753779623,-7.594390867014671,141.78176145807126,-59.72919749049561
0.28715,71.47049094312969,-122.44737556484239,-61.468641454338744,130.04213671785115,-10.00184948879098,-7.5947611530087045,141.77937388199155,-59.72860338496201
0.2872,71.47050376173262,-122.44465811310795,-61.46865249981598,130.0397951560117,-10.001851261916658,-7.5951370429037555,141.77703343063618,-59.728045315806554
0.28725,71.47046654370956,-122.44202828460705,-61.468620677026315,130.03754655511614,-10.001845866683245,-7.5955182705090865,141.77474344333697,-59.72752254356473
0.2873,71.47038262958087,-122.43948787633984,-61.46854952276765,130.0353924379399,-10.001833106813258,-7.595904561600034,141.77250715367583,-59.7270342706815
0.28735,71.47025542749655,-122.43703861066041,-61.46844263100816,130.03333424589002,-10.001812796488405,-7.596295635229568,141.7703277650861,-59.7265796607053
0.2874,71.47008840604748,-122.43468204398675,-61.46830364540602,130.03137324722903,-10.001784760641483,-7.5966912032422504,141.76820836837987,-59.72615782218926
0.28745000000000004,71.46988508966416,-122.43241959863428,-61.46813625448148,130.02951056989835,-10.001748835182704,-7.597090971264012,141.76615196691293,-59.72576781677371
0.28750000000000003,71.46964905797401,-122.43025260247175,-61.46794419075579,130.02774724160497,-10.001704867218269,-7.597494639133159,141.76416151049958,-59.72540866748309
0.28755000000000003,71.46938393189112,-122.42818219473476,-61.46773121654254,130.02608409532436,-10.001652715348573,-7.597901900589594,141.76223980704884,-59.725079344384056
0.2876,71.46909337746136,-122.42620941281902,-61.46750112772505,130.02452185771074,-10.001592249736317,-7.5983124448917145,141.7603895994495,-59.724778780922264
0.28765,71.46878109730571,-122.42433515441861,-61.46725774489825,130.02306111069134,-10.00152335240749,-7.5987259562727525,141.75861352854727,-59.72450586919036
0.2877,71.46845081961614,-122.42256014559108,-61.467004902208295,130.02170226018276,-10.00144591740785,-7.599142114591671,141.75691410000695,-59.72425945725818
0.28775,71.46810630633978,-122.42088501732647,-61.46674645552612,130.0204456138567,-10.001359850813675,-7.599560596530239,141.7552937545535,-59.724038361916335
0.2878,71.46775133241277,-122.41931022016296,-61.466486261293916,130.01929129488423,-10.001265071118866,-7.599981074721306,141.75375478375196,-59.72384135852478
0.28785,71.46738968954536,-122.41783607316138,-61.46622818043653,130.01823929259922,-10.001161509108844,-7.600403219437855,141.75229937419974,-59.72366718967119
0.2879,71.46702518473987,-122.41646277488775,-61.46597607671624,130.0172894735639,-10.001049108023645,-7.600826698676072,141.7509296162523,-59.723514567927616
0.28795000000000004,71.46666161719311,-122.41519033471995,-61.46573379333984,130.01644151256536,-10.000927823853274,-7.601251177845428,141.74964743304338,-59.72338216991641
0.28800000000000003,71.4663027964079,-122.41401866183848,-61.46550517142759,130.01569498363915,-10.000797624980335,-7.601676321800624,141.74845466645766,-59.72326864812623
0.28805000000000003,71.46595252076077,-122.41294750549255,-61.46529402816569,130.01504929945975,-10.000658492595093,-7.602101793967181,141.74735301472865,-59.72317262622451
0.2881,71.46561457002379,-122.41197645325475,-61.4651041493473,130.01450371031873,-10.000510420676479,-7.6025272570639935,141.7463440271508,-59.723092701317015
0.28815,71.46529272078565,-122.41110499229177,-61.464939305129526,130.01405736686476,-10.000353415656145,-7.602952374572954,141.74542916475812,-59.72302745105723
0.2882,71.46499071174792,-122.41033242578466,-61.464803214825466,130.01370923552258,-10.000187496922468,-7.603376809737907,141.7446097106388,-59.722975428734124
0.28825,71.46471226088568,-122.40965793727993,-61.46469956443444,130.01345816430472,-10.00001269645125,-7.6038002270247596,141.74388683415262,-59.72293517040368
0.2883,71.46446105712937,-122.40908058062234,-61.46463199838595,130.01330287320798,-9.999829058743456,-7.604222292585557,141.743261578035,-59.72290519574907
0.28835,71.4642407350999,-122.40859923559684,-61.46460409403695,130.0132419096248,-9.99963664106297,-7.604642674027923,141.7427348073448,-59.72288400786877
0.2884,71.46405490501763,-122.40821268933165,-61.464619392048,130.01327373110988,-9.999435512969653,-7.605061041778196,141.74230729483708,-59.72287009943508
0.28845000000000004,71.46390711502912,-122.40791956537271,-61.464681358489536,130.01339663421078,-9.999225756539587,-7.605477068838061,141.74197964071288,-59.72286195140037
0.28850000000000003,71.46380085667236,-122.40771835067504,-61.46479339059398,130.01360878229792,-9.999007466078387,-7.605890431622886,141.74175229867984,-59.722858036600265
0.28855000000000003,71.46373958076573,-122.40760743613919,-61.46495883284292,130.01390824666183,-9.998780747922853,-7.606300810522586,141.74162561896722,-59.72285682247898
0.2886,71.46372664969101,-122.40758503885742,-61.46518092904946,130.01429292857233,-9.998545720641573,-7.606707889714893,141.7415997571174,-59.722856771911
0.28865,71.46376537295791,-122.40764927910487,-61.465462858627205,130.01476063768337,-9.99830251433073,-7.607111358578462,141.7416747584052,-59.72285634648779
0.2887,71.46385898849117,-122.40779815599079,-61.465807717626134,130.01530906734874,-9.998051270865055,-7.607510911357906,141.74185052737508,-59.72285400809891
0.28875,71.4640106376183,-122.40802951885256,-61.466218493962174,130.01593576655466,-9.997792143656142,-7.607906247702084,141.74212679052727,-59.72284822184434
0.2888,71.4642234040674,-122.40834113853857,-61.46669810707814,130.01663821230716,-9.997525296989263,-7.608297073768584,141.74250317754124,-59.72283745695938
0.28885,71.46450026577345,-122.40873064297504,-61.467249359259554,130.01741374451828,-9.997250906513914,-7.608683101543217,141.74297914133578,-59.72282019051735
0.2889,71.46484411252291,-122.40919555447545,-61.46787495413595,130.0182596046347,-9.996969158386994,-7.6090640501592075,141.74355399918903,-59.72279490888424
0.28895000000000004,71.46525775400372,-122.40973330829345,-61.46857750488011,130.01917295439128,-9.996680249123639,-7.609439646097792,141.74422695282414,-59.72276010869965
0.28900000000000003,71.46574387357906,-122.41034120044591,-61.4693594877504,130.02015082336465,-9.996384385828671,-7.609809622918699,141.74499702004863,-59.72271430238946
0.28905000000000003,71.46630507646144,-122.41101645935657,-61.470223291470816,130.02119018217135,-9.996081784990611,-7.610173722814797,141.7458631209205,-59.72265601595919
0.2891,71.4669438525021,-122.41175620628947,-61.471171179547,130.02228790226923,-9.995772672955104,-7.610531695979761,141.74682402482512,-59.72258379392825
0.28915,71.4676625670823,-122.41255745485918,-61.47220528159525,130.0234407560025,-9.995457285487028,-7.610883301143352,141.7478783454678,-59.72249620241753
0.2892,71.468463501489,-122.41341716454475,-61.473327634733764,130.02464547121582,-9.995135866755243,-7.611228306671053,141.74902460745375,-59.72239182596844
0.28925,71.46934879126589,-122.41433217982781,-61.47454012124577,130.02589866956714,-9.994808670020115,-7.6115664897393165,141.7502611626548,-59.72226927666559
0.2893,71.47032046398651,-122.41529927983935,-61.475844507405604,130.02719691726332,-9.994475956580951,-7.61189763742393,141.75158625213888,-59.72212719107461
0.28935,71.47138043523977,-122.41631518000074,-61.47724243988267,130.028536727021,-9.9941379953571,-7.612221547020256,141.75299800557326,-59.72196423198249
0.2894,71.47253046650452,-122.4173764987542,-61.47873540337022,130.02991452447398,-9.993795063134263,-7.612538025719805,141.7544943912649,-59.7217790963254
0.28945000000000004,71.4737722232109,-122.41847982020627,-61.48032477979174,130.03132671181558,-9.993447443419182,-7.612846891609271,141.75607329954397,-59.72157050769077
0.28950000000000004,71.47510722119956,-122.41962165083504,-61.482011794642304,130.03276962427148,-9.993095426557272,-7.613147973436413,141.75773247839277,-59.72133722618495
0.28955000000000003,71.47653683791398,-122.42079843797275,-61.48379752876932,130.0342395489944,-9.992739309144703,-7.613441111021605,141.75946955506157,-59.7210780482934
0.2896,71.47806234577662,-122.42200660356681,-61.48568295235747,130.03573275920007,-9.992379393419183,-7.613726155633198,141.7612820820639,-59.72079180211079
0.28965,71.47968484300172,-122.42324249428367,-61.487668855623944,130.03724546404325,-9.99201598737779,-7.6140029697595635,141.76316745921358,-59.72047736132018
0.2897,71.48140531357691,-122.42450243631822,-61.48975591000879,130.03877386423065,-9.991649403568141,-7.614271427912438,141.76512301121159,-59.72013363542389
0.28975,71.48322460652493,-122.42578272423357,-61.491944647261526,130.04031414055424,-9.991279959263405,-7.614531416320669,141.76714596756239,-59.719759574704156
0.2898,71.48514340054807,-122.4270796026371,-61.49423542456959,130.0418624357767,-9.990907975978477,-7.6147828331396035,141.76923342893323,-59.71935417882354
0.28985,71.4871622704504,-122.4283893185508,-61.49662849212497,130.04341490761058,-9.990533778325442,-7.615025589059794,141.77138244588136,-59.718916484308956
0.2899,71.4892816233362,-122.42970808346249,-61.499123928725304,130.04496769018346,-9.990157694610891,-7.615259606720954,141.77358995392095,-59.718445579078896
0.28995000000000004,71.49150172392316,-122.4310320968452,-61.50172166836533,130.04651691820905,-9.98978005555788,-7.615484821363818,141.77585280660614,-59.71794059839348
0.29000000000000004,71.49382271742107,-122.43235756477665,-61.50442152351303,130.04805874562945,-9.989401193908098,-7.615701180852777,141.77816780315422,-59.71740072065555
0.29005000000000003,71.49624456882438,-122.4336806698783,-61.507223124127634,130.04958931520184,-9.989021444696787,-7.61590864532353,141.78053163188125,-59.716825182460816
0.2901,71.49876713101159,-122.43499761590157,-61.51012598743284,130.0511048038206,-9.98864114357877,-7.616107187919015,141.78294094305016,-59.716213263907285
0.29015,71.50139010451744,-122.43630460991457,-61.513129477195534,130.05260140419762,-9.988260627321909,-7.616296794283052,141.78539231320755,-59.71556429899236
0.2902,71.50411302704651,-122.4375978634099,-61.51623279383364,130.05407532607657,-9.987880233212877,-7.616477462666618,141.78788224085554,-59.71487767948478
0.29025,71.50693533336545,-122.43887362630387,-61.519435035670895,130.0555228306532,-9.987500297694526,-7.616649204349299,141.790407206017,-59.71415284094036
0.2903,71.5098562801749,-122.44012815606722,-61.52273512294626,130.0569401990544,-9.987121157228662,-7.616812042987159,141.7929636056932,-59.713389282613214
0.29035,71.51287499709225,-122.44135774670133,-61.52613185019098,130.05832376171367,-9.986743146901308,-7.6169660150122755,141.79554780459588,-59.71258655555561
0.2904,71.51599049168621,-122.44255873426314,-61.52962389180677,130.05966990384943,-9.986366599879448,-7.617111169586237,141.79815614245635,-59.71174426197262
0.29045000000000004,71.51920159620373,-122.44372748072692,-61.5332097483842,130.06097504890823,-9.98599184781951,-7.617247568181271,141.80078489321895,-59.71086207050552
0.29050000000000004,71.52250704526031,-122.44486040842312,-61.53688782590453,130.06223569332266,-9.985619219355783,-7.6173752848995235,141.8034303339575,-59.709939696126824
0.29055000000000003,71.52590541975039,-122.44595398324405,-61.540656379487324,130.06344838936963,-9.985249040263076,-7.617494406125564,141.80608870207865,-59.70897691627187
0.2906,71.52939515815805,-122.4470047241223,-61.54451352523605,130.06460975456037,-9.984881632921976,-7.617605030438045,141.80875620920293,-59.70797356880703
0.29065,71.53297460486655,-122.44800922172831,-61.548457289372294,130.06571649030948,-9.984517315494218,-7.61770726858115,141.811429081668,-59.70692953896969
0.2907,71.5366419334996,-122.44896411983588,-61.5524855313583,130.0667653629451,-9.984156402141316,-7.6178012431092075,141.8141035057606,-59.70584478229826
0.29075,71.54039521863487,-122.4498661401834,-61.55659601688013,130.06775322862654,-9.983799201754765,-7.617887088443122,141.81677568534445,-59.704719304663485
0.2908,71.54423241938281,-122.45071208082244,-61.56078640123442,130.0686770313286,-9.98344601814842,-7.617964950506139,141.8194418321379,-59.70355316764508
0.29085,71.54815133943325,-122.45149881154889,-61.56505418980276,130.06953379808002,-9.983097149630476,-7.6180349865310815,141.8220981415985,-59.70234650152124
0.2909,71.55214971019689,-122.45222329566762,-61.56939682241475,130.07032066066668,-9.982752887782159,-7.618097364999044,141.82474085364117,-59.701099480686324
0.29095,71.55622512288183,-122.45288257937736,-61.57381160464079,130.07103484453657,-9.98241351824108,-7.618152265159152,141.8273662091887,-59.69981234516592
0.29100000000000004,71.56037505592758,-122.45347380149035,-61.57829573650278,130.07167367843704,-9.982079319424827,-7.618199876946613,141.82997047238396,-59.69848539301289
0.29105000000000003,71.56459691157767,-122.45399420181674,-61.5828463494526,130.0722346025096,-9.981750562125095,-7.618240400692817,141.8325499562606,-59.69711896924641
0.2911,71.56888794921744,-122.45444111547573,-61.58746043919004,130.0727151622015,-9.981427510027432,-7.618274046725789,141.8351009841751,-59.69571348792982
0.29115,71.57324536103066,-122.45481198587674,-61.592134942991585,130.07311302110824,-9.981110418039073,-7.618301035231514,141.83761993916394,-59.69426940841625
0.2912,71.57766623852427,-122.45510436351483,-61.5968667056378,130.07342595934023,-9.98079953288647,-7.618321595825338,141.84010324598924,-59.692787246767146
0.29125,71.5821475597158,-122.45531590911702,-61.601652467001315,130.07365187636913,-9.98049509271447,-7.618335967252111,141.84254736736287,-59.69126758085045
0.2913,71.58668625814427,-122.45544440055876,-61.60648893233623,130.07378879765048,-9.980197325808055,-7.618344397091743,141.84494884471675,-59.689711027673944
0.29135,71.59127914826453,-122.45548773214539,-61.61137269660931,130.0738348734869,-9.979906451655227,-7.618347141341471,141.847304259906,-59.688118269247774
0.2914,71.59592297940004,-122.45544391995648,-61.616300299725026,130.07378838405356,-9.979622679675018,-7.61834446409709,141.84961026702115,-59.68649003485098
0.29145,71.6006144486556,-122.45531110354197,-61.62126823980663,130.07364774069572,-9.979346208848982,-7.618336637153762,141.85186360034288,-59.684827096869014
0.29150000000000004,71.60535014456516,-122.45508754990617,-61.62627291615238,130.07341148954842,-9.979077228412802,-7.618323939642177,141.85406104930857,-59.6831302912502
0.29155000000000003,71.61012663134616,-122.45477165381543,-61.63131071492237,130.07307831141733,-9.978815916423802,-7.618306657601909,141.85619950127492,-59.681400488185986
0.2916,71.61494039892537,-122.45436194181362,-61.63637795875652,130.07264702540678,-9.978562440168874,-7.6182850835931335,141.85827591973026,-59.67963861035251
0.29165,71.61978787012403,-122.4538570753295,-61.641470914158795,130.07211659162354,-9.97831695596524,-7.618259516294039,141.86028735057175,-59.67784563103686
0.2917,71.62466545672035,-122.45325584736925,-61.64658584829737,130.07148610739566,-9.978079608423005,-7.618230260026412,141.8622309475231,-59.67602255391701
0.29175,71.629569486772,-122.45255719248033,-61.65171895582225,130.07075481687968,-9.97785053094974,-7.618197624399354,141.86410394401383,-59.67417044043331
0.2918,71.6344962734715,-122.45176018112157,-61.65686642862865,130.06992210490196,-9.977629844842856,-7.618161923780324,141.86590368305173,-59.67229038463777
0.29185,71.6394421062316,-122.45086402178437,-61.66202444662339,130.06898749869669,-9.977417659608223,-7.618123476912303,141.86762761452533,-59.670383516739456
0.2919,71.64440321149564,-122.44986807037442,-61.667189138631606,130.067950676857,-9.977214072864038,-7.618082606482563,141.86927328348258,-59.66845101868441
0.29195,71.64937583641787,-122.44877181667711,-61.672356666969314,130.0668114551912,-9.977019169448596,-7.618039638514085,141.87083836067552,-59.66649409223183
0.29200000000000004,71.65435618697765,-122.44757489787813,-61.67752316456092,130.0655698000071,-9.976833022416768,-7.617994902128906,141.87232062295215,-59.664513983292856
0.29205000000000003,71.65934045232052,-122.44627709612156,-61.682684760180386,130.06422582503765,-9.976655692140163,-7.617948728916045,141.87371796341196,-59.66251197295662
0.2921,71.66432484710946,-122.44487832892518,-61.687837620953786,130.0627797813505,-9.97648722615568,-7.617901452425341,141.87502840449872,-59.66048936078461
0.29215,71.66930554727601,-122.44337866773112,-61.69297788726828,130.06123207567458,-9.97632766000775,-7.617853407943412,141.8762500815348,-59.65844749100068
0.2922,71.674278760297,-122.44177832010577,-61.69810174430493,130.0595832517841,-9.976177015992086,-7.617804931678295,141.8773812628309,-59.65638772437858
0.29225,71.6792407024002,-122.44007763692133,-61.703205398474935,130.05783399743066,-9.97603530392527,-7.6177563605093335,141.87842034434956,-59.654311447666394
0.2923,71.68418758256087,-122.43827711979044,-61.708285061378234,130.05598515133383,-9.975902521182647,-7.617708031543363,141.8793658480132,-59.65222008069583
0.29235,71.689115668162,-122.436377399108,-61.71333701633935,130.05403768042845,-9.975778651822663,-7.61766028132041,141.88021643590736,-59.65011504903551
0.2924,71.69402122164684,-122.43437925791878,-61.718357553828085,130.05199270369368,-9.97566366781876,-7.617613445774897,141.88097089885534,-59.647997810955005
0.29245,71.69890054615882,-122.43228361625478,-61.72334301787878,130.04985147571148,-9.97555752828004,-7.617567859456719,141.8816281659434,-59.645869838341575
0.29250000000000004,71.70375000172113,-122.4300915241278,-61.728289822284765,130.04761537913294,-9.975460179436405,-7.617523855005053,141.88218730663704,-59.64373260965126
0.29255000000000003,71.70856595396279,-122.42780418506102,-61.7331943983658,130.04528594812638,-9.975371555596983,-7.6174817630653715,141.8826475251624,-59.641587632598075
0.2926,71.71334484932389,-122.42542292287494,-61.7380532711542,130.0428648342156,-9.975291578169703,-7.617441911340622,141.88300816983985,-59.639436411189436
0.29265,71.718083175325,-122.42294920008423,-61.74286301895015,130.04035382447546,-9.97522015637485,-7.617404624391225,141.88326872887174,-59.63728046334611
0.2927,71.72277746203865,-122.42038461883094,-61.74762027456341,130.0377548420726,-9.975157187475268,-7.617370223241612,141.88342883188162,-59.63512132060088
0.29275,71.72742433491383,-122.41773089275125,-61.752321778556556,130.03506991737274,-9.9751025563573,-7.61733902462146,141.88348825233632,-59.63296050397152
0.2928,71.73202045381738,-122.41498988048339,-61.756964317457815,130.03230122135977,-9.97505613635961,-7.617311340876346,141.88344690564057,-59.63079955206224
0.29285,71.73656256693435,-122.41216355579128,-61.76154477802205,130.0294510350126,-9.975017788912314,-7.6172874792213,141.8833048506042,-59.628639996206296
0.2929,71.74104750845623,-122.40925400759568,-61.76606014443231,130.02652174906146,-9.974987364023933,-7.6172677414657874,141.88306228830365,-59.62648336129951
0.29295,71.74547216405263,-122.40626346237543,-61.77050746344592,130.02351588604452,-9.974964700606733,-7.6172524236690435,141.88271956395297,-59.62433118242566
0.29300000000000004,71.74983353902067,-122.40319423943345,-61.774883912906056,130.02043605475615,-9.974949626114615,-7.617241815322685,141.882277162772,-59.62218497200059
0.29305000000000003,71.75412870978728,-122.40004878243434,-61.77918675214717,130.0172849819484,-9.974941957640098,-7.617236199514069,141.8817357126809,-59.620046243129714
0.2931,71.7583548406078,-122.39682964852369,-61.78341333904046,130.01406550063757,-9.974941501567322,-7.617235852113906,141.88109598336317,-59.6179165015893
0.29315,71.76250922041034,-122.39353947948281,-61.787561166636856,130.01078052078645,-9.9749480537735,-7.617241041303589,141.8803588800268,-59.61579722711994
0.2932,71.76658920928861,-122.39018104194223,-61.79162780862184,130.00743306972365,-9.974961400666784,-7.6172520277814035,141.8795254510466,-59.613689900300024
0.29325,71.77059229199975,-122.38675718477114,-61.79561097346239,130.00402624840967,-9.97498131853741,-7.6172690636384885,141.87859687827682,-59.61159597522473
0.2933,71.77451606411171,-122.38327084809143,-61.79950848965782,130.0005632405477,-9.975007574453903,-7.617292392456259,141.87757447783895,-59.60951688619108
0.29335,71.77835821431476,-122.37972507834866,-61.80331828761116,129.99704732742757,-9.97503992670358,-7.617322249078918,141.87645970419013,-59.607454056956335
0.2934,71.78211657493716,-122.37612298146124,-61.807038450498915,129.99348184010324,-9.975078124438285,-7.61735885864197,141.8752541352846,-59.60540887358594
0.29345,71.78578907579393,-122.37246776345008,-61.81066716688579,129.9898702005115,-9.975121908908159,-7.617402437061414,141.87395948429366,-59.603382708846596
0.29350000000000004,71.78937377333058,-122.36876270199498,-61.81420276005953,129.98621589220397,-9.975171013271085,-7.617453190209004,141.8725775898363,-59.601376906257585
0.29355000000000003,71.79286886408944,-122.3650111296296,-61.81764370119312,129.9825224431466,-9.975225162896322,-7.6175113135169665,141.87111040832352,-59.599392771979076
0.2936,71.79627264534163,-122.36121647326274,-61.8209885689448,129.97879346564505,-9.975284076396827,-7.617576992382326,141.86956002815012,-59.59743159661406
0.29365,71.79958356735038,-122.35738219606138,-61.82423610210363,129.9750325971261,-9.975347465246779,-7.617650401064681,141.86792864604027,-59.59549462513768
0.2937,71.8028002055807,-122.35351182460847,-61.827385170947004,129.97124352751956,-9.97541503463374,-7.6177317029110325,141.86621857643613,-59.59358307213709
0.29375,71.80592125727298,-122.34960895188769,-61.830434773298656,129.9674300021437,-9.975486483974356,-7.617821050256012,141.8644322523638,-59.5916981236242
0.2938,71.80894557914857,-122.34567718798142,-61.83338407226927,129.96359577162207,-9.97556150687931,-7.617918583640647,141.86257220202543,-59.58984091383113
0.29385,71.81187214382108,-122.34172021132483,-61.83623235172537,129.9597446435659,-9.9756397920957,-7.618024432241058,141.86064107097005,-59.5880125508762
0.2939,71.81470007178274,-122.33774172505788,-61.83897904816802,129.95588043831563,-9.9757210236147,-7.618138713257767,141.85864160066907,-59.58621409670436
0.29395,71.8174286315195,-122.33374545153764,-61.84162375029236,129.95200698342114,-9.975804881227171,-7.618261531883454,141.85657662387388,-59.584446565927486
0.29400000000000004,71.82005721315656,-122.32973516693836,-61.844166172044595,129.94812814828984,-9.975891041111943,-7.618392981351489,141.85444908114218,-59.582710942080794
0.29405000000000003,71.82258536992859,-122.3257146362446,-61.84660619400206,129.94424777849554,-9.975979175926541,-7.618533142250942,141.85226198580207,-59.58100814988612
0.29410000000000003,71.8250127870304,-122.32168765513694,-61.84894383126527,129.94036973829904,-9.976068955765172,-7.61868208316205,141.8500184443342,-59.579339074665306
0.29415,71.82733928817106,-122.3176580369551,-61.85117923988978,129.93649789698296,-9.976160048281317,-7.618839860027824,141.847721648476,-59.5777045573897
0.2942,71.82956485735981,-122.31362956983999,-61.85331273825147,129.93263608579696,-9.976252119108404,-7.619006515956923,141.84537484932562,-59.5761053783225
0.29425,71.8316896034428,-122.30960607310317,-61.855344770654405,129.92878815506805,-9.976344832788373,-7.619182081964885,141.84298138802296,-59.57454228089529
0.2943,71.8337137891345,-122.30559134029198,-61.85727593645453,129.92495791620544,-9.97643785268,-7.619366575913427,141.84054466138303,-59.573015949944775
0.29435,71.83563782232783,-122.30158914733721,-61.85910698056336,129.9211491504019,-9.97653084176446,-7.619560003064674,141.83806812455083,-59.57152701639823
0.2944,71.83746224113551,-122.2976032775944,-61.86083877792006,129.91736563388886,-9.976623463215502,-7.619762356294414,141.83555530504486,-59.57007606759834
0.29445,71.83918774051209,-122.2936374588631,-61.86247236004675,129.91361107408744,-9.976715380465327,-7.619973615224348,141.8330097619605,-59.568663625136104
0.29450000000000004,71.84081514547836,-122.28969541345161,-61.864008887322505,129.9098891607207,-9.976806258155861,-7.6201937472690675,141.83043511560402,-59.56729016440902
0.29455000000000003,71.84234542183066,-122.285780827784,-61.865449659485755,129.90620353488382,-9.976895762344922,-7.620422707099797,141.8278350267339,-59.56595610466151
0.29460000000000003,71.84377968168265,-122.28189732792094,-61.866796120757705,129.90255776444874,-9.976983560924925,-7.620660436527792,141.8252131782863,-59.56466180203244
0.29465,71.84511916065037,-122.27804853015198,-61.868049836233375,129.89895539558586,-9.977069324416988,-7.620906865433889,141.82257330746137,-59.563407567841864
0.2947,71.84636523988262,-122.274237972107,-61.869212513823754,129.8953998829587,-9.977152726058902,-7.621161910851639,141.81991915750788,-59.56219364680621
0.29475,71.84751943055855,-122.27046914386584,-61.870285988071856,129.89189462152564,-9.9772334424867,-7.6214254776598,141.81725449671325,-59.561020228789296
0.2948,71.84858336858714,-122.2667454960997,-61.87127221435014,129.8884429550013,-9.977311154236997,-7.621697458901579,141.81458312275515,-59.55988745230067
0.29485,71.84955882867618,-122.26307037948399,-61.87217328269614,129.88504811467052,-9.977385545980043,-7.621977735186493,141.81190881760975,-59.55879538717816
0.2949,71.85044770250457,-122.25944710690943,-61.87299139530079,129.8817132825845,-9.977456307203823,-7.6222661756750165,141.80923539014492,-59.55774405490866
0.29495,71.85125200788188,-122.25587890730496,-61.87372887536076,129.8784415450929,-9.97752313252114,-7.622562637787964,141.80656664096261,-59.5567334159696
0.29500000000000004,71.85197388625603,-122.25236891524247,-61.87438816413526,129.87523588268587,-9.977585722120795,-7.62286696744341,141.8039063521868,-59.555763368551915
0.29505000000000003,71.85261558922771,-122.24892021593865,-61.87497180696439,129.8720992155572,-9.97764378226336,-7.623178999618538,141.801258319439,-59.55483376245408
0.29510000000000003,71.8531794891143,-122.24553577383331,-61.87548246353874,129.86903433178446,-9.977697025575566,-7.623498557951144,141.7986262956254,-59.55394438076379
0.29515,71.85366806575118,-122.24221847747356,-61.87592289415335,129.86604393321562,-9.97774517159783,-7.623825455742055,141.79601402295316,-59.55309495362802
0.2952,71.85408390471638,-122.23897113116826,-61.87629595762637,129.86313062688708,-9.977787947090023,-7.624159495718784,141.79342522484112,-59.552285157147196
0.29525,71.8544296992728,-122.23579640714922,-61.87660461285737,129.86029687731423,-9.977825086415443,-7.62450047016497,141.79086356566762,-59.551514602886776
0.2953,71.85470823795855,-122.23269690996057,-61.87685190594367,129.857545072038,-9.977856332014856,-7.6248481620774,141.78833269999487,-59.55078285536915
0.29535,71.85492240717335,-122.22967511821705,-61.87704097252012,129.8548774625952,-9.977881434653243,-7.625202344378158,141.78583622367145,-59.55008941923157
0.2954,71.85507518509061,-122.22673339197395,-61.877175031246715,129.85229617282297,-9.977900153843903,-7.625562780848998,141.78337767710187,-59.549433742840726
0.29545,71.85516963558598,-122.22387400672667,-61.87725737739315,129.84980323348356,-9.977912258192822,-7.6259292267568375,141.78096057147812,-59.54881522735696
0.29550000000000004,71.85520890698814,-122.22109908638427,-61.877291381302506,129.84740051459133,-9.977917525685644,-7.6263014282070225,141.77858833036345,-59.54823321342903
0.29555000000000003,71.85519622528614,-122.21841065641512,-61.87728048124297,129.84508977999405,-9.977915744043203,-7.626679123578851,141.77626433206123,-59.54768699443193
0.29560000000000003,71.85513489068413,-122.2158106204854,-61.87722817968195,129.84287266384325,-9.977906711002204,-7.627062043357844,141.77399188772517,-59.54717581287095
0.29565,71.85502827196036,-122.21330073272667,-61.87713803734193,129.84075064298563,-9.977890234618481,-7.627449910258895,141.77177421458796,-59.546698856655276
0.2957,71.8548798034525,-122.21088265366939,-61.87701366994075,129.838725094179,-9.977866133511757,-7.6278424405096645,141.7696144826442,-59.54625527159484
0.29575,71.85469297779122,-122.20855788553797,-61.8768587406284,129.83679722878097,-9.977834237162854,-7.6282393432429245,141.7675157551811,-59.5458441506691
0.2958,71.85447134208252,-122.20632780268839,-61.876676955947126,129.8349681241518,-9.977794386135393,-7.628640321463429,141.76548101307415,-59.54546454158333
0.29585,71.85421849517381,-122.20419366615953,-61.87647206290227,129.8332387388384,-9.977746432271553,-7.629045072678881,141.76351316593562,-59.54511545069489
0.2959,71.85393807628742,-122.2021565644101,-61.87624783730033,129.83160985295035,-9.977690238987115,-7.6294532885402235,141.76161499525728,-59.54479583482712
0.29595,71.85363376744458,-122.20021747801461,-61.87600808607462,129.83008213415138,-9.977625681369966,-7.629864656136791,141.75978921139844,-59.54450461367276
0.29600000000000004,71.85330928389473,-122.19837724037014,-61.87575663748436,129.828656098346,-9.977552646410379,-7.630278857975875,141.75803841485265,-59.54424066507515
0.29605000000000004,71.85296836616574,-122.1966365259301,-61.87549733298535,129.82733209830667,-9.977471033180422,-7.6306955723764744,141.75636508206426,-59.54400282538443
0.29610000000000003,71.85261478445035,-122.19499590102218,-61.87523403155572,129.82611037539283,-9.977380752894668,-7.631114474370621,141.7547716114468,-59.543789898338375
0.29615,71.8522523208099,-122.1934557588908,-61.874970591649536,129.82499099442856,-9.977281729160378,-7.631535235537713,141.75326025835642,-59.543600647954406
0.2962,71.85188477221588,-122.19201636171746,-61.874710874260806,129.8239738868103,-9.97717389795507,-7.631957525092868,141.75183317284478,-59.54343380607881
0.29625,71.85151594635332,-122.19067784112522,-61.874458738559106,129.82305885112024,-9.977057207794221,-7.632381009995024,141.75049239795507,-59.543288073953974
0.2963,71.85114964433748,-122.18944015435562,-61.87421802447508,129.82224550960157,-9.976931619862414,-7.632805355245945,141.7492398231745,-59.543162119264004
0.29635,71.85078967273388,-122.1883031474168,-61.87399256488572,129.8215333725474,-9.976797107848173,-7.633230225130603,141.74807724495057,-59.54305458488812
0.2964,71.850439824588,-122.18726650716077,-61.873786166322276,129.82092178988523,-9.97665365826571,-7.633655282724449,141.74700631575493,-59.54296408569613
0.29645,71.85010387510852,-122.18632976848069,-61.87360260478865,129.82040995939244,-9.976501270319877,-7.634080190911728,141.74602854808947,-59.542889211532376
0.29650000000000004,71.84978558975511,-122.18549235238744,-61.87344563396453,129.81999696554044,-9.976339955790595,-7.634504613152982,141.74514535139858,-59.542828532205384
0.29655000000000004,71.84948869738994,-122.18475350731966,-61.87331895802999,129.8196817203499,-9.97616973935996,-7.634928213030214,141.74435796785997,-59.54278059482458
0.29660000000000003,71.84921690297674,-122.18411235911033,-61.87322624476145,129.81946301480585,-9.975990658215299,-7.635350655695507,141.74366752188507,-59.542743929620976
0.29665,71.84897387780617,-122.183567898601,-61.87317111565498,129.81933950652024,-9.975802762151224,-7.635771607919159,141.74307500448026,-59.542717050823626
0.2967,71.84876324203273,-122.1831189562492,-61.87315712838599,129.81930969450315,-9.975606113646776,-7.6361907382538625,141.74258124249968,-59.54269845755048
0.29675,71.84858858334053,-122.1827642563695,-61.87318779593676,129.8193719746942,-9.975400787403768,-7.636607718324714,141.7421869548572,-59.54268663842779
0.2968,71.84845342804728,-122.1825023674723,-61.873266557411476,129.81952458991532,-9.975186870635808,-7.637022222443035,141.74189269506616,-59.542680071493166
0.29685,71.8483612468542,-122.18233172804669,-61.87339678410606,129.81976565654423,-9.97496446274813,-7.6374339284975425,141.74169887637478,-59.5426772274852
0.2969,71.84831545979351,-122.1822506659123,-61.87358178472095,129.82009318453336,-9.974733675072587,-7.637842518621025,141.7416057909527,-59.54267657209531
0.29695,71.84831940404855,-122.1822573511081,-61.87382477295909,129.82050503006167,-9.974494631089469,-7.638247678953534,141.74161355296684,-59.54267656753832
0.29700000000000004,71.84837635987955,-122.18234985325239,-61.87412889404387,129.8209989540858,-9.974247465835731,-7.638649100833369,141.74172216116702,-59.542675675282794
0.29705000000000004,71.848489529642,-122.18252611498876,-61.87449720371172,129.8215725958349,-9.973992325930263,-7.639046480846199,141.7419314653606,-59.542672357931956
0.29710000000000003,71.84866202468514,-122.18278394283348,-61.87493265524334,129.8222234639856,-9.973729369441795,-7.6394395211521156,141.742241151883,-59.542665081924376
0.29715,71.84889689056267,-122.18312105553002,-61.87543812519324,129.8229489858895,-9.973458765369466,-7.639827930359429,141.7426507980608,-59.542652318668004
0.2972,71.8491970680271,-122.18353503511881,-61.87601637426008,129.82374645851206,-9.973180693767011,-7.640211423393259,141.7431598102649,-59.542632548116295
0.29725,71.849565409638,-122.18402336150622,-61.87667006445753,129.82461308385362,-9.972895345180474,-7.640589722347388,141.74376746213198,-59.542604260074455
0.2973,71.8500046803162,-122.18458342093119,-61.87740175980371,129.8255459776115,-9.972602920512497,-7.640962556680339,141.74447290214866,-59.54256595575109
0.29735,71.85051752495684,-122.18521247288353,-61.87821389407229,129.8265421363048,-9.97230363088454,-7.641329663421259,141.7452751087239,-59.54251615227402
0.2974,71.8511065028232,-122.18590770272483,-61.87910880594094,129.8275984908348,-9.971997696882285,-7.641690788109942,141.74617295298958,-59.542453381497026
0.29745,71.85177405638744,-122.18666619091503,-61.880088707579866,129.82871187537708,-9.971685348807611,-7.642045684462023,141.74716515648646,-59.54237619455962
0.2975,71.8525225087511,-122.18748491963949,-61.881155682709945,129.82987903474557,-9.971366826041164,-7.642394115106033,141.74825029557758,-59.54228316415131
0.29755000000000004,71.85335408793972,-122.18836080743635,-61.88231171145478,129.83109665957804,-9.971042376484952,-7.642735852141671,141.7494268436211,-59.542172883148304
0.29760000000000003,71.85427088210356,-122.18929066812167,-61.883558625234656,129.8323613448766,-9.97071225686891,-7.6430706767548955,141.75069311286433,-59.54204397181299
0.29765,71.85527486934039,-122.1902712507053,-61.88489813764114,129.83366963096725,-9.97037673169929,-7.643398380261904,141.75204730397863,-59.54189507558634
0.2977,71.85636790898607,-122.19129923679229,-61.886331835830944,129.83501800089851,-9.970036073155157,-7.643718764106175,141.75348749941526,-59.541724867594475
0.29775,71.85755171467773,-122.192371222549,-61.887861153679516,129.83640286242053,-9.969690560998227,-7.644031639871507,141.75501163421632,-59.541532054342106
0.2978,71.85882789375958,-122.19348376266124,-61.88948741225029,129.83782059283033,-9.969340481509315,-7.644336830169072,141.7566175538931,-59.54131537099184
0.29785,71.86019790710046,-122.19463334035316,-61.8912117793758,129.83926750865223,-9.968986127724655,-7.644634168299031,141.75830296822474,-59.541073589222684
0.2979,71.861663081187,-122.1958163858032,-61.89303528244435,129.84073988454867,-9.968627798742668,-7.644923498745448,141.7600654732741,-59.54080551678999
0.29795,71.863224624442,-122.19702929546622,-61.89495882537119,129.8422339730381,-9.968265799070794,-7.6452046775718845,141.76190257632703,-59.540509995798175
0.298,71.86488358255114,-122.19826840299478,-61.896983143756565,129.8437459751426,-9.967900438794553,-7.645477572147838,141.76381164819173,-59.54018591230493
0.29805000000000004,71.86664088263369,-122.19953002029038,-61.89910885013787,129.84527208213,-9.967532032495841,-7.6457420618396,141.7657899809869,-59.53983218934013
0.29810000000000003,71.8684973094334,-122.20081042488475,-61.901336410305206,129.84680846281233,-9.967160899128189,-7.645998037927602,141.76783476520566,-59.53944779261133
0.29815,71.87045348925876,-122.2021058556707,-61.90366612754728,129.84835125933785,-9.966787361711525,-7.646245403667105,141.7699430779044,-59.53903173521835
0.2982,71.87250993410412,-122.20341254871344,-61.90609818772226,129.8498966234726,-9.966411746381835,-7.646484074759142,141.77211193594792,-59.53858306961377
0.29825,71.87466699106669,-122.20472670928714,-61.90863260858324,129.85144068838704,-9.966034382483466,-7.646713979099876,141.7743382462718,-59.538100899487766
0.2983,71.87692486878245,-122.20604453534793,-61.9112692670688,129.85297959248282,-9.96565560171371,-7.646935057134852,141.7766188395253,-59.537584375359394
0.29835,71.87928364751993,-122.20736222820656,-61.91400790978022,129.85450949008901,-9.96527573773971,-7.64714726188243,141.77895048439564,-59.53703269323813
0.2984,71.88174323726244,-122.20867597415452,-61.916848111267846,129.85602653300518,-9.964895125994621,-7.647350558850639,141.78132985052588,-59.53644510545059
0.29845,71.88430342893085,-122.2099819785333,-61.919789326326395,129.85752690494675,-9.964514102604467,-7.647544926413429,141.78375356385524,-59.5358209097667
0.2985,71.88696386117334,-122.21127645249123,-61.92283085657774,129.85900680796422,-9.964133004595634,-7.647730355472951,141.7862181783719,-59.535159458242696
0.29855000000000004,71.88972401860708,-122.21255561820725,-61.92597184955342,129.86046246787672,-9.963752169053665,-7.647906849669482,141.7887201797269,-59.53446015889064
0.29860000000000003,71.89258327033754,-122.21381573193484,-61.92921133797624,129.86189015743247,-9.963371932361284,-7.648074425497627,141.7912560246285,-59.53372246696961
0.29865,71.89554081724637,-122.2150530645342,-61.93254818668989,129.86328617643696,-9.962992630556469,-7.648233111902762,141.793822097337,-59.53294589934274
0.2987,71.89859573330212,-122.21626392511017,-61.93598113532017,129.86464687574252,-9.962614597981949,-7.648382950632342,141.79641475098373,-59.532130024916704
0.29875,71.90174696250318,-122.21744466349341,-61.939508795365455,129.8659686595144,-9.962238167137746,-7.648523996020926,141.799030308158,-59.53127446619998
0.2988,71.90499328665214,-122.21859166278384,-61.94312961802385,129.86724797754587,-9.961863668628247,-7.648656314762001,141.80166503813624,-59.5303789089825
0.29885,71.90833338021014,-122.21970136427318,-61.9468419503896,129.86848135040933,-9.961491429820573,-7.6487799861361365,141.80431520617265,-59.529443088321784
0.2989,71.9117657680028,-122.22077025640966,-61.950643992840504,129.86966535802233,-9.96112177516231,-7.648895101612647,141.80697704253544,-59.52846680099525
0.29895,71.91528883985983,-122.22179488477668,-61.95453381441682,129.87079664960288,-9.960755025443055,-7.64900176482618,141.80964675852235,-59.52744990242943
0.299,71.91890087853305,-122.22277186424675,-61.95850938152569,129.87187195576635,-9.960391497007375,-7.649100091519603,141.81232057108426,-59.52639229945198
0.29905000000000004,71.92260001070656,-122.22369786914251,-61.96256850867264,129.87288807831433,-9.96003150203391,-7.649190209171831,141.81499466949012,-59.52529396531866
0.29910000000000003,71.92638426063806,-122.22456965206702,-61.96670891327861,129.87384190908725,-9.959675347359486,-7.6492722570201686,141.81766525874676,-59.524154924875916
0.29915,71.93025153037726,-122.22538404206851,-61.97092819598791,129.87473042783134,-9.95932333438936,-7.64934638576278,141.82032854797112,-59.522975261057354
0.2992,71.93419958295729,-122.22613794544684,-61.97522382408425,129.87555070275647,-9.958975758873049,-7.649412757309627,141.82298074254444,-59.52175512088504
0.29925,71.93822609799629,-122.22682836078783,-61.97959318811888,129.87629990546168,-9.95863290987743,-7.649471544673828,141.8256180852526,-59.520494699175124
0.2993,71.94232861920538,-122.22745237228408,-61.984033549167506,129.8769753038812,-9.958295070037874,-7.649522931597121,141.8282368238875,-59.51919425543076
0.29935,71.94650458550609,-122.22800715943099,-61.98854207075734,129.87757427179676,-9.957962514748749,-7.649567112365726,141.83083323536584,-59.51785410497985
0.2994,71.95075135018214,-122.22849000255081,-61.99311583839822,129.87809429407375,-9.957635511783954,-7.64960429152294,141.83340364018414,-59.51647461342591
0.29945,71.95506613562586,-122.22889828056677,-61.997751814338564,129.87853296410375,-9.957314321287303,-7.64963468353692,141.8359443775217,-59.51505621193331
0.2995,71.95944609255962,-122.22922948122165,-62.00244689779272,129.8788879937849,-9.956999194766906,-7.64965851256319,141.83845184406496,-59.51359937869187
0.29955000000000004,71.96388827171371,-122.22948120089299,-62.007197896323056,129.87915721295565,-9.956690375390664,-7.649676012062655,141.84092247945637,-59.51210464872761
0.29960000000000003,71.96838962115557,-122.22965114831487,-62.012001523826804,129.87933857281706,-9.956388097328793,-7.649687424502139,141.84335276811953,-59.51057261558412
0.29965,71.97294703298245,-122.22973714970261,-62.01685444787297,129.87943015071636,-9.956092585109513,-7.649693001013721,141.8457392673389,-59.50900391611013
0.2997,71.97755729194589,-122.22973714970075,-62.02175323779291,129.87943015071477,-9.955804054152997,-7.649693001013981,141.84807858198252,-59.50739924852864
0.29975,71.98221711944298,-122.22964921566371,-62.026694409868384,129.87933690751856,-9.955522709574593,-7.649687691854855,141.8503673904824,-59.50575935799429
0.2998,71.98692317688402,-122.22947153953719,-62.03167443066449,129.87914888796797,-9.955248746219542,-7.649677348430771,141.85260244813674,-59.50408503580145
0.29985,71.99167203285215,-122.22920244177583,-62.03668968400438,129.87886469458442,-9.954982348847805,-7.649662252808569,141.85478057379092,-59.50237713161223
0.2999,71.99646022344085,-122.22884037158389,-62.041736532497545,129.87848306537185,-9.954723690943323,-7.649642693787998,141.85689868063392,-59.500636532502355
0.29995,72.00128421412853,-122.22838391102958,-62.04681127886451,129.87800287755877,-9.954472935264045,-7.649618966529184,141.85895376036632,-59.498864177071596
0.3,72.00614041310604,-122.22783177724267,-62.051910179718746,129.87742314936992,-9.954230233387296,-7.649591372127247,141.86094289182586,-59.497061051254676
0.30005000000000004,72.01102520620879,-122.22718282075331,-62.057029481120686,129.87674303788987,-9.953995725088118,-7.649560217136556,141.86286325725663,-59.49522817582505
0.30010000000000003,72.01593491005909,-122.22643603323297,-62.06216537116201,129.87596184645653,-9.953769538897062,-7.649525813223585,141.86471212516471,-59.493366624289976
0.30015000000000003,72.02086582464486,-122.22559054301604,-62.06731403342157,129.8750790196513,-9.953551791223283,-7.649488476635234,141.86648687311782,-59.49147750367884
0.3002,72.02581422078065,-122.22464561827248,-62.07247163430229,129.87409414605688,-9.953342586478376,-7.649448527784388,141.86818498408547,-59.48956195956202
0.30025,72.03077632334663,-122.22360067261643,-62.07763430618283,129.8730069634597,-9.953142017163822,-7.649406290843227,141.86980404273206,-59.48762118303859
0.3003,72.03574836764695,-122.22245525584765,-62.08279820451728,129.87181734901003,-9.952950163129662,-7.649362093162387,141.87134175602424,-59.48565638923562
0.30035,72.04072655271466,-122.22120906525011,-62.08795946060565,129.8705253301874,-9.952767092109005,-7.649316264937317,141.87279593923066,-59.48366883588089
0.3004,72.04570707043023,-122.21986194136673,-62.09311421117277,129.86913108003148,-9.952592859257473,-7.649269138664685,141.87416452703778,-59.48165981231489
0.30045,72.0506861287083,-122.21841386293968,-62.09825862169403,129.86763491158374,-9.952427507014283,-7.649221048644028,141.87544558094064,-59.4796306303978
0.3005,72.05565990867035,-122.21686496036811,-62.10338884320741,129.86603729099002,-9.952271065462943,-7.649172330621895,141.87663727906303,-59.477582642181694
0.30055000000000004,72.06062462113017,-122.21521550093733,-62.10850106943858,129.86433882207834,-9.95212355169159,-7.649123321140984,141.87773793209413,-59.47551721724352
0.30060000000000003,72.06557648542164,-122.21346589597907,-62.11359151511908,129.8625402532004,-9.951984970302583,-7.649074357221295,141.87874597868347,-59.4734357515343
0.30065000000000003,72.07051172426021,-122.21161670458079,-62.11865641106148,129.8606424804041,-9.951855313198733,-7.6490257758232865,141.879659986004,-59.47133966994297
0.3007,72.07542660981206,-122.20966861794207,-62.12369205052143,129.85864653119137,-9.95173455929062,-7.648977913249328,141.8804786596578,-59.46923040707852
0.30075,72.08031741976292,-122.20762247674296,-62.128694744502,129.85655358168725,-9.95162267526092,-7.648931104944344,141.881200836305,-59.46710942613224
0.3008,72.08518047474632,-122.20547925784223,-62.133660859889176,129.85436494257127,-9.951519614857165,-7.648885684729026,141.88182549120114,-59.464978203147986
0.30085,72.09001214545866,-122.20324007124758,-62.13858682622818,129.85208205566755,-9.951425319230482,-7.648841984419977,141.8823517391904,-59.46283822394506
0.3009,72.09480882302319,-122.20090617448471,-62.14346910559027,129.84970650804183,-9.951339717432909,-7.64880033355713,141.88277883201147,-59.46069099739427
0.30095,72.09956697267914,-122.19847894829219,-62.148304246989,129.84724000683963,-9.95126272569014,-7.6487610585474375,141.88310616463136,-59.45853803177733
0.301,72.10428310312184,-122.19595991141767,-62.153088854900346,129.8446843939478,-9.951194248221494,-7.648724482530117,141.88333327240355,-59.45638084850769
0.30105000000000004,72.10895377545572,-122.19335071730823,-62.15781959824298,129.8420416421597,-9.951134177212738,-7.648690924851438,141.88345983275815,-59.45422097835869
0.30110000000000003,72.113575636662,-122.19065313581679,-62.16249324409372,129.8393138361995,-9.951082392568289,-7.648660700382706,141.8834856664512,-59.45205994609113
0.30115000000000003,72.11814537955212,-122.18786907584077,-62.167106616800304,129.83650319529127,-9.951038762751823,-7.648634119450505,141.8834107367067,-59.44989928904872
0.3012,72.12265978483477,-122.18500056128896,-62.171656640420395,129.83361204836336,-9.95100314441439,-7.648611487074357,141.88323514989784,-59.447740537617236
0.30125,72.12711571471189,-122.18204973403554,-62.176140331923285,129.8306428366729,-9.950975382788581,-7.648593102637337,141.88295915483923,-59.445585218079735
0.3013,72.13151009657264,-122.17901886487732,-62.18055478443144,129.82759812449711,-9.950955312141202,-7.648579259619761,141.88258314393633,-59.44343486055802
0.30135,72.13583996904013,-122.17591032238305,-62.18489721354217,129.82448056721992,-9.95094275549796,-7.648570244836878,141.88210764977362,-59.44129097662637
0.3014,72.14010244590683,-122.17272659691426,-62.18916492049256,129.8212929353018,-9.950937525414266,-7.648566338387555,141.88153334747372,-59.43915507680533
0.30145,72.14429473688257,-122.16947028607122,-62.1933553129093,129.81803809914138,-9.95093942397332,-7.648567813070088,141.88086105272063,-59.4370286603795
0.3015,72.14841416771007,-122.16614407797698,-62.197465924733585,129.8147190118945,-9.950948242976464,-7.648574933917548,141.8800917176066,-59.43491320499046
0.30155000000000004,72.15245814484827,-122.16275077825217,-62.201494380234344,129.81133873637017,-9.950963764613904,-7.648587958117995,141.87922643591426,-59.432810184476025
0.30160000000000003,72.15642419860801,-122.15929327455522,-62.20543843730466,129.80790040882147,-9.95098576130334,-7.64860713426625,141.87826643453272,-59.430721046608134
0.30165000000000003,72.16030996835681,-122.15577454689424,-62.20929597197858,129.80440724920658,-9.951013996378261,-7.648632702312314,141.877213074831,-59.42864722037299
0.3017,72.16411319478699,-122.15219767402375,-62.21306497045368,129.80086256717325,-9.951048224333311,-7.64866489314948,141.87606785425018,-59.4265901199908
0.30175,72.16783175575789,-122.14856579903672,-62.21674356484425,129.79726972707758,-9.95108819091368,-7.64870392804081,141.87483239492823,-59.42455112540213
0.3018,72.17146363319252,-122.14488215862829,-62.22032999919236,129.7936321774289,-9.951133634000152,-7.6487500188005955,141.87350845208002,-59.42253159980426
0.30185,72.17500693712277,-122.14115005865041,-62.22382265365387,129.78995342564943,-9.951184283468926,-7.648803366999015,141.8720979052029,-59.42053287628354
0.3019,72.17845991229264,-122.13737286440053,-62.22722005054007,129.78623702823816,-9.951239861752548,-7.648864163837621,141.87060275310046,-59.41855625353724
0.30195,72.18182091438231,-122.13355402420878,-62.230520829848025,129.78248661441813,-9.951300084534312,-7.648932590209344,141.8690251221185,-59.41660300899832
0.302,72.18508844667187,-122.12969702703893,-62.233723786111746,129.7787058428297,-9.951364660560122,-7.64900881579078,141.8673672483216,-59.414674377387165
0.30205000000000004,72.18826113831253,-122.12580542379226,-62.23682784576219,129.7748984231429,-9.951433292550337,-7.649092999350671,141.86563148480738,-59.412771562652864
0.30210000000000004,72.19133774720143,-122.12188282235375,-62.23983206967899,129.7710681107814,-9.951505677522455,-7.64918528842767,141.8638202989304,-59.41089573596428
0.30215000000000003,72.19431718315944,-122.11793285533203,-62.24273567624679,129.76721867405993,-9.951581506912664,-7.649285818727907,141.8619362563546,-59.4090480210285
0.3022,72.19719847842362,-122.11395921454123,-62.24553801092653,129.76335392908518,-9.951660467497078,-7.649394714543909,141.85998203575076,-59.40722951144188
0.30225,72.19998081289316,-122.10996561490113,-62.24823857142613,129.75947770300328,-9.951742241467029,-7.649512088102118,141.85796041059692,-59.4054412544974
0.3023,72.2026635103593,-122.1059557947267,-62.25083700338446,129.75559383424093,-9.951826506974841,-7.649638039514193,141.85587424754013,-59.40368425255709
0.30235,72.20524602411719,-122.10193353349416,-62.25333308534232,129.7517061904045,-9.951912938774889,-7.649772656910295,141.85372651439621,-59.40195947170803
0.3024,72.20772796459347,-122.0979026060225,-62.255726756245686,129.74781862182905,-9.952001208347824,-7.649916015806547,141.85152025480195,-59.40026782273775
0.30245,72.21010907579773,-122.09386681396983,-62.25801809111017,129.74393499345422,-9.952090984687564,-7.650068179484427,141.84925860337094,-59.398610175794914
0.3025,72.21238924445476,-122.08982996758871,-62.26020730983458,129.7400591662618,-9.952181934620176,-7.650229198673073,141.84694477466678,-59.39698735346089
0.30255000000000004,72.21456851095869,-122.08579586059787,-62.26229478775357,129.73619497193215,-9.952273723205147,-7.650399111334298,141.84458204718123,-59.39540012177005
0.30260000000000004,72.21664704563996,-122.0817683072935,-62.264281031187174,129.7323462503417,-9.952366014452815,-7.650577943048154,141.8421737832237,-59.393849206086955
0.30265000000000003,72.21862517138445,-122.07775109546249,-62.266166699863426,129.72851680191755,-9.952458471521009,-7.650765706455022,141.83972339993693,-59.39233527355302
0.3027,72.22050335352465,-122.07374799809918,-62.26795259613882,129.72471039969543,-9.952550757385863,-7.6509624015961695,141.83723437426394,-59.39085893900245
0.30275,72.22228219167586,-122.06976278490104,-62.269639656376356,129.72093080079347,-9.952642535299526,-7.651168015892393,141.83471024871193,-59.389420770156285
0.3028,72.22396243772374,-122.06579917599869,-62.27122896861196,129.71718169980034,-9.952733469111797,-7.651382523801635,141.83215460071446,-59.38802127184193
0.30285,72.2255449755523,-122.06186087916308,-62.27272175153614,129.71346676663364,-9.95282322401614,-7.651605887470562,141.8295710643577,-59.386660900683054
0.3029,72.22703082971685,-122.05795156264328,-62.274119362934805,129.7097896188634,-9.95291146678206,-7.651838056220086,141.82696331144317,-59.385340056485525
0.30295,72.22842116718786,-122.05407484016577,-62.27542330088102,129.70615380694574,-9.952997866306823,-7.6520789667799916,141.82433503948982,-59.384059078532
0.303,72.22971728222619,-122.0502343023977,-62.276635187996476,129.70256284619074,-9.953082094229728,-7.652328543793038,141.82168999113114,-59.38281825730001
0.30305000000000004,72.23092061068424,-122.04643346701425,-62.27775678556065,129.69902016615237,-9.953163825123625,-7.652586699138073,141.81903191844637,-59.38161781920264
0.30310000000000004,72.23203271751686,-122.042675802985,-62.27878998032965,129.6955291356992,-9.953242737187232,-7.6528533327141774,141.81636459752073,-59.380457935912254
0.30315000000000003,72.23305529444939,-122.03896472839017,-62.279736781793275,129.69209306087146,-9.953318512656121,-7.653128332481297,141.81369182539547,-59.379338724707296
0.3032,72.23399016712074,-122.03530357146019,-62.280599329003074,129.6887151455772,-9.953390838117658,-7.653411574116952,141.81101739019482,-59.3782602379555
0.30325,72.23483927954183,-122.0316956128676,-62.28137987437751,129.6853985348202,-9.953459405164358,-7.653702921952582,141.8083450996196,-59.37722247720435
0.3033,72.23560470055763,-122.02814404690558,-62.282080789873845,129.68214627551723,-9.953523910683781,-7.654002228611618,141.80567875084398,-59.37622538292903
0.30335,72.23628861950047,-122.02465197982961,-62.28270456218246,129.67896131512705,-9.953584057317975,-7.6543093352974445,141.80302212688667,-59.37526883568544
0.3034,72.2368933372573,-122.02122245501661,-62.28325378329739,129.6758465274111,-9.953639553959905,-7.654624072394493,141.80037901372103,-59.37435266437789
0.30345,72.23742127194188,-122.0178584023765,-62.2837311558886,129.6728046614894,-9.953690116053282,-7.654946259112895,141.79775315964073,-59.37347663385796
0.3035,72.23787494824282,-122.0145626729398,-62.284139482150465,129.6698383772085,-9.953735466092386,-7.655275704268668,141.7951482996041,-59.37264045573075
0.30355000000000004,72.2382569961794,-122.01133802418968,-62.2844816622022,129.66695023053427,-9.953775333977177,-7.6556122063445775,141.79256814198385,-59.371843785752425
0.30360000000000004,72.2385701500547,-122.00818709204594,-62.28476069267775,129.66414264562817,-9.953809457376973,-7.655955553582259,141.79001634393043,-59.37108621841064
0.30365000000000003,72.23881723923564,-122.00511243382671,-62.2849796570746,129.66141795861378,-9.95383758216104,-7.6563055247870295,141.78749654364586,-59.37036729895919
0.3037,72.23900118883424,-122.00211648082318,-62.28514172613326,129.65877836990126,-9.953859462700988,-7.656661889078036,141.78501231992308,-59.36968651340278
0.30375,72.2391250135415,-121.9992015508826,-62.28525015128681,129.65622595744907,-9.953874862254684,-7.657024406566415,141.78256719983227,-59.36904329321671
0.3038,72.2391918127201,-121.99636986583609,-62.28530825942148,129.6537626945677,-9.953883553298608,-7.657392828731603,141.780164671215,-59.368437020627766
0.30385,72.23920476770198,-121.99362350310312,-62.28531944986428,129.65139040146016,-9.95388531783771,-7.65776689835707,141.77780813966214,-59.36786701957627
0.3039,72.23916713589837,-121.99096443696227,-62.28528718816747,129.6491107874829,-9.95387994773092,-7.65814635052056,141.77550096102095,-59.36733256624923
0.30395,72.23908224691479,-121.988394516029,-62.28521500193647,129.64692542847445,-9.95386724497831,-7.658530912445448,141.7732464200311,-59.366832885782394
0.304,72.23895349697908,-121.98591544659926,-62.285106474967414,129.64483575059907,-9.953847022011674,-7.658920303999803,141.7710477131476,-59.366367150756936
0.30405,72.23878434572403,-121.98352882971434,-62.284965243786225,129.64284306824246,-9.953819101937807,-7.659314238528096,141.76890797878698,-59.365934489940976
0.30410000000000004,72.23857830911895,-121.98123611448725,-62.28479499028719,129.64094853697534,-9.95378331883176,-7.65971242248808,141.76683025355754,-59.36553398112735
0.30415000000000003,72.23833895578252,-121.97903862247614,-62.284599437846325,129.63915317898343,-9.953739517936201,-7.660114556507237,141.7648174913439,-59.36516465742699
0.3042,72.2380699031175,-121.97693755149459,-62.28438234724252,129.6374578872164,-9.953687555875,-7.6605203357218405,141.76287256460662,-59.3648255093911
0.30425,72.23777480783721,-121.97493393849561,-62.284147506912916,129.63586338818737,-9.953627300924325,-7.660929449691791,141.760998227609,-59.36451548065593
0.3043,72.23745736664975,-121.97302870434876,-62.283898733548654,129.634370287963,-9.95355863310111,-7.661341583614205,141.75919715528312,-59.36423347692179
0.30435,72.2371213068718,-121.97122262087815,-62.28363986246771,129.6329790391086,-9.953481444404085,-7.661756418230448,141.7574719100744,-59.36397836242507
0.3044,72.23677038036169,-121.96951630954081,-62.28337474138763,129.63168993985107,-9.953395638974072,-7.662173630310254,141.7558249377021,-59.36374896177327
0.30445,72.23640836453679,-121.9679102718833,-62.28310723139299,129.63050316541901,-9.953301133143823,-7.662592893535658,141.75425859387187,-59.363544065862634
0.3045,72.2360390477141,-121.9664048439161,-62.28284119203285,129.62941872228154,-9.953197855681264,-7.663013878365399,141.75277509753704,-59.36336242757864
0.30455,72.23566623106518,-121.96500023016974,-62.28258048327564,129.6284364831456,-9.953085747789563,-7.663436252975861,141.751376561186,-59.36320276813118
0.30460000000000004,72.23529372236487,-121.96369649709472,-62.28232895914676,129.62755618068158,-9.95296476321811,-7.6638596835868675,141.75006498196663,-59.36306377787109
0.30465000000000003,72.23492532330891,-121.9624935478823,-62.28209045491258,129.62677738259325,-9.952834868396351,-7.664283834710934,141.74884221354773,-59.36294411551716
0.3047,72.23456483667978,-121.96139116594938,-62.281868794340845,129.62609953606426,-9.952696042338967,-7.664708370114789,141.7477100071751,-59.36284241462464
0.30475,72.23421604953683,-121.96038897688301,-62.28166777270663,129.6255219296707,-9.952548276830198,-7.665132952787699,141.7466699703516,-59.36275728159747
0.3048,72.2338827311077,-121.95948646116133,-62.28149115475876,129.62504370686736,-9.952391576348948,-7.665557245706008,141.74572357669777,-59.3626872990474
0.30485,72.2335686353494,-121.95868297572713,-62.28134267732437,129.62466388812263,-9.952225958025052,-7.6659809123955105,141.74487218581012,-59.3626310293536
0.3049,72.23327747991709,-121.95797771308003,-62.28122602814181,129.6243813300729,-9.952051451775306,-7.666403616992869,141.74411699733722,-59.36258701355767
0.30495,72.23301295580353,-121.95736974143621,-62.281144855760985,129.62419476671607,-9.95186810004256,-7.666825025279849,141.743459090438,-59.36255377629157
0.305,72.23277871656386,-121.95685799101847,-62.28110275866051,129.62410279575647,-9.951675957903351,-7.667244804738019,141.7428994064871,-59.36252982670954
0.30505,72.23257836568952,-121.95644123996678,-62.28110327271082,129.62410386503635,-9.951475092978713,-7.667662625069553,141.742438730512,-59.36251365998623
0.30510000000000004,72.23241546836455,-121.95611815239359,-62.28114988321476,129.624196311452,-9.95126558514981,-7.668078159058407,141.7420777299212,-59.36250376107658
0.30515000000000003,72.2322935286084,-121.95588724282563,-62.28124600185319,129.62437832521908,-9.951047526755234,-7.6684910823934205,141.7418169122572,-59.36249860535084
0.3052,72.2322159936399,-121.95574689801833,-62.281394971433116,129.62464797266463,-9.950821022206783,-7.6689010746462944,141.74165664618624,-59.36249666158077
0.30525,72.23218625371196,-121.95569538695278,-62.28160006585448,129.62500320662343,-9.950586187857482,-7.669307819670655,141.7415971700127,-59.36249639406718
0.3053,72.23220761972551,-121.95573083225571,-62.281864467632126,129.62544183786017,-9.950343152093394,-7.669711005604434,141.74163855567895,-59.36249626454916
0.30535,72.232283340383,-121.95585125090336,-62.28219128561162,129.62596157687483,-9.950092054771373,-7.67011032597148,141.74178075252846,-59.36249473463392
0.3054,72.23241658341239,-121.956054532579,-62.28258353613006,129.62656001224454,-9.949833047282366,-7.6705054796654695,141.74202355911606,-59.36249026787977
0.30545,72.23261042878657,-121.95633844028224,-62.283044136439734,129.62723461166362,-9.949566292346875,-7.670896171381335,141.74236662027874,-59.362481332290685
0.3055,72.23286788281885,-121.95670064092778,-62.28357591929403,129.6279827533465,-9.949291963524843,-7.671282112418665,141.74280946064826,-59.362466401727886
0.30555,72.23319184882077,-121.95713867188299,-62.284181603507584,129.62880169246955,-9.949010245313197,-7.671663020586539,141.74335144091043,-59.3624439592323
0.30560000000000004,72.2335851409543,-121.95764997057077,-62.28486380832019,129.6296885915365,-9.94872133263413,-7.6720386209657185,141.74399179033924,-59.36241249831495
0.30565000000000003,72.23405047942526,-121.95823187596834,-62.285625048823285,129.63064052219576,-9.948425430601983,-7.672408646227414,141.7447296056422,-59.36237052494712
0.3057,72.23459046915252,-121.95888161046369,-62.2864677147484,129.63165444726278,-9.948122754404132,-7.672772836799079,141.74556382448543,-59.362316561250864
0.30575,72.23520762320358,-121.95959631763678,-62.2873940945204,129.63272725925646,-9.947813528683207,-7.673130941619606,141.74649326995097,-59.36224914513952
0.3058,72.23590433660809,-121.9603730385106,-62.28840634908076,129.63385575663045,-9.94749798752735,-7.673482718119823,141.74751661676567,-59.362166834541114
0.30585,72.23668288824544,-121.96120872290913,-62.28950651426337,129.6350366556662,-9.947176373982067,-7.673827932757051,141.7486324020445,-59.3620682090888
0.3059,72.23754545378402,-121.96210025093878,-62.29069651417172,129.63626661237782,-9.946848939612325,-7.674166361439031,141.74983905037618,-59.361951870052195
0.30595,72.23849407284663,-121.96304440578317,-62.291978128388074,129.63754219529565,-9.946515944458554,-7.674497789512493,141.75113483369273,-59.361816446158606
0.306,72.23953067297768,-121.96403790653828,-62.29335301670105,129.63885991901105,-9.946177656276692,-7.674822012472695,141.75251791174503,-59.36166059202599
0.30605,72.2406570583081,-121.96507740338362,-62.29482270788584,129.64021623936588,-9.945834350422238,-7.675138835982249,141.75398632218227,-59.36148299111438
0.30610000000000004,72.24187489231556,-121.96615946912306,-62.29638858283686,129.6416075452632,-9.94548630947871,-7.675448076140143,141.75553796449904,-59.36128235998185
0.30615000000000003,72.2431857252635,-121.96728063126857,-62.29805190274085,129.6430301913098,-9.945133822522655,-7.675749560041215,141.7571706416347,-59.36105744535277
0.3062,72.24459096310441,-121.96843735096823,-62.29981377789541,129.6444804765505,-9.944777185209022,-7.676043125582291,141.75888202600686,-59.360807030592554
0.30625,72.24609187837937,-121.96962603982342,-62.3016751794088,129.64595466184986,-9.944416698970553,-7.676328622026442,141.76066967954688,-59.36052993538103
0.3063,72.2476896182987,-121.97084307236815,-62.30363694770076,129.64744898256401,-9.944052670597959,-7.676605910195859,141.7625310685665,-59.36022501547177
0.30635,72.24938517495167,-121.97208476934199,-62.30569976274551,129.64895963170338,-9.943685412206174,-7.676874862361358,141.7644635341949,-59.359891169603685
0.3064,72.25117941626617,-121.97334742771419,-62.307864176053315,129.65048279057882,-9.943315240212893,-7.677135362864603,141.76646433400023,-59.35952733491603
0.30645,72.25307306544158,-121.97462731116691,-62.31013059016563,129.652014619155,-9.942942475275988,-7.677387307988067,141.76853062333018,-59.35913249213562
0.3065,72.2550666948003,-121.97592065260218,-62.312499252926486,129.65355125869195,-9.942567441873859,-7.67763060608974,141.77065945434532,-59.35870566822547
0.30655,72.25716075291,-121.97722367786417,-62.314970285477436,129.65508885586894,-9.942190467432571,-7.677865178004747,141.77284781026157,-59.358245931833444
0.30660000000000004,72.25935552806101,-121.97853258778393,-62.31754364568102,129.65662354460227,-9.941811882380032,-7.678090956818312,141.77509257129685,-59.35775240228573
0.30665000000000003,72.26165117175985,-121.97984357900711,-62.32021915242662,129.65815146719,-9.941432019333195,-7.678307888182924,141.77739054457217,-59.357224245699086
0.30670000000000003,72.26404769993013,-121.98115284952799,-62.322996487285906,129.65966877990252,-9.94105121264426,-7.678515930374521,141.7797384694925,-59.3566606756936
0.30675,72.26654496688167,-121.98245658974605,-62.32587516867922,129.66117164394558,-9.940669798202451,-7.678715054199504,141.78213299679058,-59.35606096059071
0.3068,72.26914270224064,-121.98375100791272,-62.32885458971372,129.66265625118265,-9.940288112526959,-7.678905243269912,141.78457072924851,-59.35542441580284
0.30685,72.27184048328306,-121.98503232044936,-62.331933990606785,129.6641188142693,-9.939906492676242,-7.679086493819961,141.78704819927026,-59.35475041144616
0.3069,72.27463773979011,-121.9862967601126,-62.335112464188384,129.66555557491526,-9.939525275601726,-7.679258814802647,141.7895618783842,-59.35403837232096
0.30695,72.27753377747709,-121.98754059155362,-62.33838897995936,129.66696281949334,-9.939144797517772,-7.679422227939645,141.7921082025734,-59.35328777295755
0.307,72.28052774093378,-121.98876009955194,-62.34176234709339,129.66833686705922,-9.93876539384042,-7.679576767507248,141.7946835432624,-59.35249814806216
0.30705,72.28361864757072,-121.98995160873729,-62.34523124934586,129.6696740892348,-9.938387398224899,-7.679722480497515,141.79728424158728,-59.35166908476274
0.30710000000000004,72.28680538016056,-121.99111148454483,-62.34879423776949,129.67097091096636,-9.938011142391074,-7.679859426421481,141.79990660541304,-59.35080022538347
0.30715000000000003,72.29008666824217,-121.99223613117309,-62.35244971252819,129.6722238083836,-9.937636955713964,-7.679987677210522,141.80254689809297,-59.34989127347244
0.30720000000000003,72.29346112772235,-121.99332201030242,-62.35619596339054,129.673429327563,-9.93726516433187,-7.680107317260597,141.8052013747551,-59.348941983874816
0.30725,72.29692722840926,-121.99436563399402,-62.36003113714622,129.67458407710848,-9.93689609126306,-7.6802184431144545,141.807866259635,-59.34795217253974
0.3073,72.3004833090058,-121.99536357438454,-62.36395325347247,129.67568473784797,-9.936530055533348,-7.680321163463423,141.810537762051,-59.346921713288545
0.30735,72.30412759436652,-121.99631247249066,-62.367960222666866,129.67672807147946,-9.936167371699675,-7.680415598988818,141.81321209276666,-59.34585053361386
0.3074,72.3078581635495,-121.99720903355087,-62.372049813666116,129.6777109156148,-9.935808349883402,-7.68050188206393,141.81588544368327,-59.344738624807924
0.30745,72.31167298895386,-121.99805004137482,-62.37621969428825,129.6786301981128,-9.93545329466561,-7.68058015673796,141.81855402012528,-59.3435860312988
0.3075,72.31556991967585,-121.99883235770135,-62.380467414586555,129.67948293612042,-9.9351025050893,-7.680650578419057,141.82121403178738,-59.342392856287105
0.30755,72.31954667629674,-121.99955292544908,-62.38479040200431,129.68026623909944,-9.934756274292422,-7.680713313650324,141.82386169285658,-59.341159264210845
0.30760000000000004,72.32360088682242,-122.00020877926367,-62.38918599822374,129.68097731922924,-9.934414888598713,-7.680768539965522,141.82649324939368,-59.33988547041256
0.30765000000000003,72.3277300501984,-122.00079704241492,-62.39365142248559,129.68161348794172,-9.934078627712827,-7.680816445526802,141.82910495804057,-59.338571753164814
0.30770000000000003,72.33193156472717,-122.00131493542652,-62.39818380077071,129.68217216434843,-9.933747763956465,-7.680857228921906,141.831693107914,-59.33721844555777
0.30775,72.33620273592838,-122.00175977998383,-62.40278017407638,129.68265087886326,-9.933422561852014,-7.680891098879389,141.8342540279541,-59.33582593355965
0.3078,72.34054074965782,-122.00212899936582,-62.407437471555916,129.68304727329723,-9.933103278101907,-7.680918273931406,141.83678407356396,-59.33439466543348
0.30785,72.34494271631412,-122.00242012632441,-62.41215255557405,129.68335910847816,-9.932790160740105,-7.680938982153714,141.83927965590823,-59.33292513798733
0.3079,72.34940564688495,-122.00263080377637,-62.416922197713866,129.68358426458076,-9.932483449171091,-7.68095346080437,141.84173723026686,-59.331417905029284
0.30795,72.35392645843622,-122.00275878883818,-62.42174308473744,129.68372074483798,-9.932183373698823,-7.680961955999817,141.8441533022783,-59.32987357628084
0.308,72.35850200466754,-122.00280195679196,-62.42661184966616,129.6837666791614,-9.931890155001375,-7.6809647223694135,141.84652444690943,-59.32829280756893
0.30805,72.36312904053453,-122.0027583030599,-62.431525036269335,129.6837203257423,-9.9316040042652,-7.680962022682394,141.84884729208025,-59.32667631351619
0.30810000000000004,72.36780425909188,-122.00262594670583,-62.43647913669441,129.68358007418777,-9.931325122397501,-7.680954127482002,141.85111854044032,-59.32502485545515
0.30815000000000003,72.37252428936503,-122.00240313258334,-62.44147058935283,129.68334444727893,-9.931053700012212,-7.680941314695577,141.85333497010254,-59.32333924260514
0.30820000000000003,72.37728567855785,-122.00208823498147,-62.44649576129215,129.68301210423158,-9.9307899172657,-7.680923869250136,141.85549342867122,-59.32162033899995
0.30825,72.38208493635344,-122.00167975794248,-62.451550993208556,129.68258184058445,-9.930533943144873,-7.680902082641945,141.8575908560872,-59.319869048160626
0.3083,72.38691850574263,-122.00117633934028,-62.45663256993965,129.68205259189673,-9.930285935802988,-7.680876252556465,141.8596242732224,-59.31808632406809
0.30835,72.39178277854805,-122.00057675248331,-62.46173673659032,129.68142343490618,-9.930046041957727,-7.68084668242284,141.86159079114776,-59.316273166100125
0.3084,72.39667411834984,-121.99987990551665,-62.466859721723644,129.68069358648137,-9.929814396626206,-7.680813680964681,141.8634876222879,-59.31443061094615
0.30845,72.4015888300983,-121.9990848475352,-62.471997706682444,129.67986240936247,-9.92959112341586,-7.680777561827259,141.86531207014175,-59.31255974442422
0.3085,72.40652319991932,-121.99819076522262,-62.47714686620735,129.6789294082656,-9.929376333711971,-7.680738643043028,141.86706154667513,-59.31066168696629
0.30855,72.41147348434738,-121.99719698611695,-62.48230335742458,129.67789423275104,-9.929170126922813,-7.680697246634065,141.8687335696057,-59.30873759803623
0.30860000000000004,72.41643590498721,-121.99610298203271,-62.487463314571954,129.67675668021275,-9.928972590415267,-7.680653698180028,141.87032576259156,-59.30678867869557
0.30865000000000004,72.42140668611219,-121.99490836303904,-62.49262288721609,129.675516689289,-9.928783798896122,-7.680608326249913,141.87183586921523,-59.30481615731217
0.30870000000000003,72.426382023054,-121.99361288605726,-62.49777820815819,129.67417434811844,-9.928603814895826,-7.680561462061146,141.87326174421506,-59.30282130231977
0.30875,72.43135810917188,-121.9922164505163,-62.50292542083232,129.67272988945268,-9.928432688339578,-7.680513438936407,141.87460136348832,-59.30080541196668
0.3088,72.43633114726363,-121.99071909633098,-62.50806069084788,129.6711836881349,-9.928270456415756,-7.680464591803967,141.87585282815385,-59.298769809948205
0.30885,72.44129732481727,-121.98912101267288,-62.513180180923385,129.66953626950394,-9.928117143893893,-7.680415256831076,141.8770143594343,-59.29671585582176
0.3089,72.44625285671383,-121.98742252655855,-62.518280094084005,129.66778829736506,-9.92797276262984,-7.680365770806491,141.87808431062228,-59.29464492783955
0.30895,72.4511939666903,-121.98562410960294,-62.52335665480987,129.66594058036839,-9.927837311880438,-7.6803164707654705,141.87906116340184,-59.292558430792965
0.309,72.45611689091719,-121.98372637857058,-62.528406112682795,129.66399407206166,-9.927710778234415,-7.680267693491063,141.87994353012772,-59.29045779490011
0.30905,72.4610179090451,-121.9817300847339,-62.53342477362765,129.6619498596853,-9.927593135417458,-7.6802197749514045,141.88073016051132,-59.28834446284842
0.30910000000000004,72.46589331399554,-121.97963612649859,-62.53840896926042,129.65980917648116,-9.927484344735124,-7.680173049982562,141.8814199370319,-59.286219902905266
0.30915000000000004,72.47073944378874,-121.9774455377143,-62.5433550890709,129.6575733893593,-9.927384354717871,-7.680127851644954,141.88201188112455,-59.28408559547516
0.30920000000000003,72.4755526831468,-121.97515948713304,-62.548259581748056,129.65524399796556,-9.92729310139876,-7.680084510832503,141.88250515352178,-59.28194303245111
0.30925,72.48032944739732,-121.97277928685179,-62.55311893886897,129.65282264271795,-9.92721050852834,-7.680043355866222,141.88289905327673,-59.27979372456417
0.3093,72.48506622192724,-121.97030637403282,-62.557929734648894,129.6503110858602,-9.927136487278378,-7.680004711827361,141.88319302219207,-59.277639183936316
0.30935,72.48975953882187,-121.96774232261075,-62.56268860197766,129.6477112229456,-9.927070936844233,-7.679968900334793,141.88338664294346,-59.27548093462653
0.3094,72.49440598877561,-121.96508883805213,-62.56739224447,129.64502507699606,-9.927013744305642,-7.679936238943906,141.8834796406522,-59.273320507436104
0.30945,72.49900224319052,-121.9623477449687,-62.57203745848518,129.64225478561093,-9.926964784705337,-7.679907040642255,141.88347188352424,-59.2711594297034
0.3095,72.5035450279012,-121.95952100237808,-62.57662110625903,129.63940261602625,-9.926923921642182,-7.679881613648116,141.8833633825418,-59.26899923759526
0.30955,72.50803115572816,-121.95661068458232,-62.581140148778076,129.63647094524677,-9.926891006950106,-7.679860260664443,141.88315429165937,-59.26684146088313
0.30960000000000004,72.51245752026388,-121.95361898432098,-62.585591639046775,129.63346226295414,-9.926865881217115,-7.679843278633126,141.8828449073425,-59.264687625772375
0.30965000000000004,72.51682108915088,-121.95054821745576,-62.58997271505493,129.63037917583225,-9.926848374095979,-7.679830958376478,141.8824356691621,-59.26253925822393
0.30970000000000003,72.52111893526748,-121.94740080123339,-62.5942806311346,129.62722438513333,-9.926838304132884,-7.679823583899937,141.881927157055,-59.26039786866472
0.30975,72.52534821226462,-121.94417927081297,-62.5985127327611,129.62400070313277,-9.92683547950354,-7.6798214323197564,141.88132009303553,-59.258264963910854
0.3098,72.52950617389807,-121.94088626504846,-62.602666475872766,129.62071103833605,-9.926839698025278,-7.679824773287633,141.8806153388651,-59.256142037543576
0.30985,72.53359018428452,-121.93752451720896,-62.60673943691433,129.6173583857507,-9.92685074737019,-7.679833868541725,141.8798138933325,-59.2540305644539
0.3099,72.53759769721633,-121.93409687084657,-62.61072929152735,129.61394584263869,-9.926868405689007,-7.679848971792092,141.87891689533086,-59.251932011317024
0.30995,72.54152628853707,-121.93060625222023,-62.614633846981015,129.61047658027962,-9.926892441556106,-7.679870328059349,141.87792561672333,-59.249847819681314
0.31,72.54537364245749,-121.92705568017023,-62.618451027919576,129.6069538536911,-9.926922614537903,-7.679898173520904,141.87684146385237,-59.24777941277392
0.31005,72.5491375515938,-121.92344826546304,-62.622178876078955,129.60338100063058,-9.926958675514859,-7.679932735167536,141.87566597701354,-59.24572819536933
0.31010000000000004,72.5528159408805,-121.9197871867336,-62.62581557403238,129.5997614170346,-9.927000366848157,-7.679974230300982,141.87440082202883,-59.24369554053843
0.31015000000000004,72.55640684413653,-121.91607571118804,-62.62935942108451,129.59609857770596,-9.927047423052032,-7.680022866517932,141.87304779607717,-59.24168280207134
0.31020000000000003,72.55990842490228,-121.91231717255876,-62.63280885401566,129.59239601369634,-9.927099570886622,-7.68007884113758,141.8716088194279,-59.2396913027074
0.31025,72.5633189782993,-121.9085149663631,-62.63616244842894,129.58865730740106,-9.927156529870398,-7.680142341037931,141.87008593234302,-59.23772233252287
0.3103,72.56663691713653,-121.90467256318706,-62.63941890434861,129.58488610570518,-9.927218012787904,-7.680213542518124,141.86848129941117,-59.23577715650812
0.31035,72.5698607984429,-121.90079347661201,-62.64257707263824,129.58108608732715,-9.927283725804724,-7.680292610715092,141.86679719558413,-59.23385699874497
0.3104,72.5729893065212,-121.89688127968631,-62.64563593731114,129.57726097942577,-9.927353369210078,-7.6803796997394285,141.865036011691,-59.23196305169888
0.31045,72.5760212584885,-121.8929395962963,-62.64859462082189,129.57341454855356,-9.927426637666587,-7.680474952257263,141.8632002498848,-59.230096472521694
0.3105,72.57895561882982,-121.88897207919698,-62.651452398258435,129.5695505783769,-9.927503220571394,-7.6805784991798935,141.86129251224003,-59.22825837346811
0.31055,72.58179147941048,-121.88498243288062,-62.65420867662815,129.56567289273897,-9.927582802782343,-7.680690459858345,141.85931551020624,-59.22644983356202
0.3106,72.58452807885392,-121.88097438433249,-62.6568630141205,129.56178532579636,-9.927665064733477,-7.680810941463859,141.85727204942384,-59.224671885832905
0.31065000000000004,72.58716479797992,-121.8769516848073,-62.65941511490312,129.5578917238929,-9.9277496830768,-7.680940039085621,141.85516502894757,-59.222925519267825
0.31070000000000003,72.58970115205506,-121.87291811793445,-62.66186482084847,129.55399595364318,-9.927836331206569,-7.681077835708753,141.85299744427473,-59.2212116831768
0.31075,72.59213680901483,-121.86887746725321,-62.66421212955647,129.5501018689314,-9.92792467945833,-7.681224401678179,141.85077236880701,-59.21953127415918
0.3108,72.59447157277688,-121.86483353779337,-62.66645717690246,129.54621333286244,-9.92801439587443,-7.681379795069085,141.84849296388313,-59.217885146352614
0.31085,72.59670539167163,-121.86079013801537,-62.668600245149364,129.54233419937788,-9.928105146522242,-7.681544061362505,141.8461624676064,-59.216274104771635
0.3109,72.59883836325963,-121.85675106516196,-62.670641767346766,129.53846829842809,-9.928196595912896,-7.681717233266066,141.8437841847557,-59.214698900603096
0.31095,72.6008707194745,-121.85272012708731,-62.67258231179278,129.53461945813382,-9.928288407681785,-7.681899331046467,141.84136149796404,-59.21316024086886
0.311,72.60280284268674,-121.8487011060332,-62.67442259783941,129.53079146811717,-9.928380244847345,-7.682090362083948,141.83889784484882,-59.21165877535572
0.31105,72.60463525605883,-121.84469777029963,-62.67616348564194,129.5269880914045,-9.92847177041687,-7.682290321104872,141.83639672312955,-59.210195102366676
0.3111,72.6063686201943,-121.840713875515,-62.67780597232109,129.5232130657294,-9.928562647873258,-7.682499190214386,141.83386169003032,-59.20876977013765
0.31115000000000004,72.6080037441244,-121.83675313254123,-62.679351202587654,129.51947007120222,-9.928652541536698,-7.682716938660946,141.83129634035845,-59.20738326637788
0.31120000000000003,72.60954157009162,-121.83281923428092,-62.68080045288522,129.5157627575366,-9.928741117206362,-7.682943523255704,141.8287043217692,-59.206036029082426
0.31125,72.61098318093293,-121.8289158303737,-62.682155138433984,129.5120947184845,-9.928828042498981,-7.683178888110741,141.82608931683197,-59.20472843872537
0.3113,72.61232979900525,-121.82504651943118,-62.683416811635425,129.50846948425962,-9.928912987369834,-7.683422964828449,141.82345503583346,-59.203460817013415
0.31135,72.61358277599723,-121.82121486776408,-62.68458715135275,129.50489054054512,-9.92899562464452,-7.683675672780968,141.82080522766944,-59.20223343428115
0.3114,72.61474360239147,-121.81742437162775,-62.6856679720474,129.50136129044566,-9.929075630344117,-7.683936918817903,141.8181436522785,-59.201046498384024
0.31145,72.61581389707334,-121.81367847638367,-62.6866612127836,129.49788507421073,-9.929152684289758,-7.684206597827049,141.81547409180058,-59.19990016225262
0.3115,72.61679540625946,-121.80998056935623,-62.68756893577214,129.49446516203176,-9.929226470487334,-7.684484592675503,141.81280034390932,-59.19879452277175
0.31155,72.6176900066962,-121.80633395369651,-62.68839332915576,129.49110472792256,-9.929296677540444,-7.684770774226027,141.81012620101592,-59.19772961424752
0.3116,72.61849969419093,-121.80274187699854,-62.68913669498081,129.48780687896746,-9.929362999210104,-7.685065001968898,141.80745546899126,-59.196705418291266
0.31165000000000004,72.61922658771194,-121.79920749976779,-62.689801452987965,129.48457462348904,-9.929425134723967,-7.685367123721196,141.80479194219404,-59.195721855857045
0.31170000000000003,72.61987292451818,-121.79573389688278,-62.690390135248464,129.48141087298313,-9.929482789269692,-7.685676976100369,141.80213940224402,-59.194778789217246
0.31175,72.62044105374461,-121.79232407091703,-62.690905379306585,129.47831845582456,-9.929535674438048,-7.685994384907576,141.79950162618934,-59.19387602692893
0.3118,72.62093343882333,-121.78898091634225,-62.69134993027641,129.4753000812396,-9.929583508546957,-7.686319164897318,141.79688235700806,-59.19301331556985
0.31185,72.62135264893051,-121.78570724427921,-62.69172663179794,129.47235836483947,-9.92962601713258,-7.686651120560263,141.79428532049383,-59.192190347812
0.3119,72.6217013574664,-121.78250576714804,-62.69203842417215,129.46949581329852,-9.929662933294276,-7.686990046150484,141.79171421129826,-59.19140675975675
0.31195,72.62198233937836,-121.77937908245089,-62.692288341315695,129.46671480827925,-9.929693998062685,-7.6873357258283255,141.7891726776352,-59.19066212849172
0.312,72.62219846413325,-121.77632969927801,-62.692479503319966,129.46401763367922,-9.92971896081329,-7.687687934401214,141.78666434044922,-59.1899559800001
0.31205,72.62235269469767,-121.77336000249788,-62.692615115119274,129.46140643968903,-9.929737579578413,-7.68804643719109,141.78419276213765,-59.189287782088336
0.3121,72.62244808168649,-121.77047226583409,-62.692698460271345,129.45888325643799,-9.929749621415137,-7.6884109906039,141.78176145478486,-59.18865694910894
0.31215000000000004,72.6224877590902,-121.767668657511,-62.69273289635709,129.4564500000583,-9.929754862733146,-7.688781342547313,141.77937388282044,-59.18806284459853
0.31220000000000003,72.62247494049593,-121.76495120772691,-62.69272185088859,129.45410844020176,-9.929753089607347,-7.689157232474861,141.77703343314488,-59.187504775843614
0.31225,72.62241291394314,-121.76232183922691,-62.6926688158564,129.45186023138527,-9.92974409808673,-7.689538392158332,141.7747434387477,-59.18698200198226
0.3123,72.62230503757637,-121.75978234553041,-62.6925773430934,129.44970689129048,-9.929727694482969,-7.689924545760022,141.77250715777626,-59.186493730994705
0.31235,72.62215473424651,-121.75733438312668,-62.69245103859635,129.44764979342432,-9.929703695650172,-7.690315410297618,141.77032776406128,-59.18603911995104
0.3124,72.6219654880663,-121.7549794952064,-62.69229355883646,129.44569019146755,-9.929671929229855,-7.690710696261139,141.7682083657264,-59.18561728111002
0.31245,72.62174083745832,-121.75271907667172,-62.69210860353304,129.44382918428167,-9.929632233925279,-7.691110107609939,141.76615197156866,-59.185227277079875
0.3125,72.62148437156898,-121.75055439439154,-62.691899911869456,129.4420677369941,-9.92958445969955,-7.691513342602573,141.76416150660836,-59.1848681262487
0.31255,72.6211997256615,-121.74848658546634,-62.691671257661746,129.4404066795194,-9.929528467999774,-7.69192009405305,141.76223980822925,-59.184538804017976
0.3126,72.62089057290342,-121.74651663315812,-62.691426440920104,129.43884668274598,-9.929464131983321,-7.69233004958782,141.76038960128977,-59.1842382406642
0.31265000000000004,72.62056062370051,-121.74464539823327,-62.69116928706885,129.4373882907751,-9.929391336631669,-7.692742892541799,141.75861352468894,-59.18396532805502
0.31270000000000003,72.62021361678887,-121.74287359265156,-62.69090363780186,129.4360318945849,-9.929309978987018,-7.69315830193328,141.75691410419594,-59.183718917290484
0.31275000000000003,72.6198533141106,-121.74120178236652,-62.6906333458449,129.43477773551052,-9.929219968265699,-7.69357595314405,141.7552937522187,-59.18349782105929
0.3128,72.6194834995605,-121.73963040552825,-62.690362273613,129.43362592407587,-9.929121225947506,-7.693995518547653,141.75375478278366,-59.18330081784183
0.31285,72.61910796685986,-121.73815974092334,-62.69009428086896,129.4325764084353,-9.929013685990903,-7.69441666751198,141.75229937820765,-59.18312664958458
0.3129,72.61873052008029,-121.73678993380378,-62.68983322526467,129.43162900115698,-9.928897294815636,-7.6948390673531595,141.75092961153769,-59.182974026867484
0.31295,72.61835496660086,-121.7355209875584,-62.68958295517376,129.4307833711509,-9.928772011427098,-7.6952623835925245,141.74964743577854,-59.18284162962635
0.313,72.61798510749281,-121.73435274993071,-62.68934729996608,129.4300390301988,-9.928637807526773,-7.695686280268026,141.74845466712014,-59.182728107639726
0.31305,72.61762474068875,-121.733284941682,-62.68913007326385,129.42939536251725,-9.928494667424935,-7.69611042083522,141.74735301116644,-59.18263208536814
0.3131,72.6172776467924,-121.7323171286676,-62.6889350585982,129.4288515968899,-9.928342588194214,-7.696534468222272,141.74634403167454,-59.182552161102805
0.31315000000000004,72.61694758765108,-121.73144873546165,-62.68876600803953,129.42840682097238,-9.92818157961158,-7.696958085510712,141.74542916151475,-59.182486910288226
0.31320000000000003,72.61663830495038,-121.73067905586349,-62.688626640844625,129.42805999237135,-9.928011664105767,-7.697380936507842,141.74460971096443,-59.18243488819249
0.31325000000000003,72.61635350432384,-121.73000722669515,-62.688520627479946,129.42780991261458,-9.927832876843887,-7.697802685919442,141.74388683705615,-59.1823946300048
0.3133,72.61609686175737,-121.72943225851026,-62.68845159621755,129.42765525869245,-9.927645265539837,-7.69822300018217,141.7432615732239,-59.18236465497956
0.31335,72.6158720123264,-121.72895302162799,-62.68842312184088,129.42759456932205,-9.927448890485524,-7.698641547694087,141.742734811532,-59.182343467462815
0.3134,72.61568254153568,-121.72856824107892,-62.68843871707658,129.42762624039148,-9.927243824459108,-7.699057999312526,141.74230729389194,-59.182329558861326
0.31345,72.61553199182164,-121.72827652258987,-62.68850183930315,129.4277485516216,-9.927030152518496,-7.699472029031718,141.74197963770428,-59.18232141077612
0.3135,72.6154238437846,-121.72807632644181,-62.68861587172759,129.42795964053232,-9.926807972057036,-7.699883314090463,141.74175230378845,-59.182317496114166
0.31355,72.61536151970832,-121.72796598692356,-62.688784127208805,129.4282575226822,-9.926577392499507,-7.700291535758652,141.7416256148897,-59.18231628190565
0.3136,72.61534838042017,-121.72794371688721,-62.68900984521746,129.42864009656006,-9.926338535202747,-7.700696379672787,141.7415997579802,-59.18231623134813
0.31365000000000004,72.61538770880993,-121.72800759024771,-62.68929617542323,129.42910512636064,-9.926091533386701,-7.7010975361129415,141.74167476078512,-59.1823158059147
0.31370000000000003,72.61548272112093,-121.7281555717812,-62.6896461894006,129.4296502725998,-9.925836531720359,-7.7014947008185475,141.7418505231577,-59.182313467616034
0.31375000000000003,72.61563655075562,-121.72838550048647,-62.6900628644138,129.43027307553518,-9.925573686341814,-7.701887575048747,141.74212679449425,-59.18230768118761
0.3138,72.61585224424022,-121.7286950942622,-62.69054907969396,129.43097096042302,-9.925303164546262,-7.702275866160822,141.7425031756854,-59.18229691646999
0.31385,72.6161327685657,-121.72908196988651,-62.69110762413381,129.4317412580731,-9.925025144431924,-7.702659288186559,141.74297914003822,-59.18227965000853
0.3139,72.61648098919133,-121.72954362101744,-62.69174117427426,129.43258118287397,-9.924739814917093,-7.703037561856502,141.74355400311782,-59.18225436814393
0.31395,72.6168996802235,-121.73007744189471,-62.69245230502289,129.43348785727062,-9.924447375200621,-7.703410415375916,141.7442269483217,-59.18221956839697
0.314,72.61739151757085,-121.7306807264325,-62.693243482985174,129.43445831108966,-9.924148034585668,-7.703777584657164,141.74499702259976,-59.18217376166641
0.31405,72.61795906482345,-121.7313506595669,-62.694117052517214,129.43548947311518,-9.92384201230625,-7.704138813548252,141.7458631217956,-59.182115475348105
0.3141,72.61860478813318,-121.73208434376976,-62.695075251199086,129.43657819830813,-9.923529536934161,-7.704493854538294,141.7468240210473,-59.1820432536685
0.31415000000000004,72.61933103541864,-121.73287878245746,-62.696120189093484,129.437721251242,-9.923210846325127,-7.70484246878457,141.74787834989348,-59.18195566147543
0.31420000000000003,72.6201400396745,-121.73373089247299,-62.69725385250454,129.4389153190601,-9.922886187169954,-7.705184426587125,141.7490246046969,-59.1818512856812
0.31425000000000003,72.6210339241922,-121.73463751698917,-62.698478109646835,129.4401570248041,-9.922555814545404,-7.705519507814908,141.7502611624099,-59.18172873612859
0.3143,72.62201467972781,-121.73559540944477,-62.699794687934755,129.4414429114122,-9.922219991793053,-7.705847501967437,141.75158625509147,-59.18158665019556
0.31435,72.62308418237122,-121.7366012593596,-62.70120519248723,129.44276946810052,-9.921878989883998,-7.706168208740887,141.7529980012419,-59.1814236919426
0.3144,72.62424418106683,-121.73765168688696,-62.70271109387256,129.44413312503696,-9.921533087194263,-7.706481438149994,141.75449439474232,-59.181238555320206
0.31445,72.62549628808189,-121.73874324159033,-62.70431371896223,129.44553025238562,-9.921182569119667,-7.70678701079528,141.75607329893154,-59.18102996722672
0.3145,72.62684199698353,-121.73987242543126,-62.706014269499796,129.44695718371247,-9.920827727483736,-7.707084758281159,141.75773247556936,-59.180796686030114
0.31455,72.62828265812081,-121.74103567806195,-62.707813797712184,129.44841020126927,-9.920468860408647,-7.707374523207312,141.75946955965603,-59.18053750703342
0.3146,72.62981948906423,-121.74222939273622,-62.70971321742053,129.44988555234087,-9.920106271643737,-7.707656159604631,141.76128207845633,-59.18025126214533
0.31465000000000004,72.63145357719121,-121.74344992440189,-62.71171330699043,129.45137945748212,-9.919740270200762,-7.707929533080219,141.76316745978494,-59.179936820656906
0.31470000000000004,72.63318585924628,-121.74469358052151,-62.71381468915882,129.45288810140337,-9.919371170087445,-7.708194520881841,141.76512301366262,-59.179593094432704
0.31475000000000003,72.6350171437685,-121.74595664411873,-62.71601785424822,129.45440765644304,-9.91899928952026,-7.708451012324308,141.76714596360887,-59.17921903489478
0.3148,72.63694809390687,-121.74723536718255,-62.7183231431095,129.45593427589114,-9.918624950797408,-7.708698908708564,141.76923343218397,-59.1788136376167
0.31485,72.63897922577262,-121.74852597600933,-62.7207307460499,129.45746409956212,-9.91824847972272,-7.708938123552768,141.77138244474182,-59.178375943995455
0.3149,72.64111092534372,-121.7498246879065,-62.72324072037624,129.45899327072829,-9.91787020496749,-7.709168582821754,141.77358995244515,-59.17790503883631
0.31495,72.64334342265467,-121.75112770051726,-62.72585296467265,129.4605179253125,-9.917490457982057,-7.709390224795243,141.77585280988228,-59.17740005709209
0.315,72.64567681052911,-121.75243120918874,-62.72856723836975,129.4620342095705,-9.917109572159378,-7.70960300038174,141.77816779958783,-59.17686018094908
0.31505,72.64811104205218,-121.75373141049653,-62.73138315956006,129.46353828359938,-9.916727882492095,-7.7098068731028455,141.78053163378135,-59.1762846414242
0.3151,72.65064591506405,-121.75502449932434,-62.73430018978426,129.46502631837524,-9.916345725279776,-7.710001819050906,141.7829409439199,-59.17567272313073
0.31515000000000004,72.6532810977108,-121.75630668770937,-62.7373176604474,129.46649451483597,-9.915963437263386,-7.710187827126608,141.78539230997853,-59.175023759301695
0.31520000000000004,72.6560161072223,-121.75757419888727,-62.74043475171718,129.46793909775616,-9.915581355505111,-7.71036489886888,141.78788224446575,-59.174337137908964
0.31525000000000003,72.65885031724439,-121.7588232763706,-62.743650500465684,129.46935632489294,-9.915199816778724,-7.710533048522308,141.79040720397896,-59.17361230098517
0.3153,72.66178297109249,-121.76005019459562,-62.74696381415176,129.470742497676,-9.914819156940732,-7.710692303080392,141.79296360514013,-59.172848742215294
0.31535,72.66481315738675,-121.76125125316788,-62.75037344660895,129.47209395527437,-9.914439710777776,-7.7108427021064845,141.79554780716848,-59.172046014185156
0.3154,72.66793983644423,-121.7624227928276,-62.753878025237896,129.47340709064184,-9.914061811206386,-7.710984297814271,141.7981561391134,-59.17120372251406
0.31545,72.67116183105351,-121.76356119594313,-62.75747604208266,129.47467835086525,-9.913685788970872,-7.711117154922096,141.8007848955476,-59.17032152914277
0.3155,72.67447781798222,-121.76466288832837,-62.76116584575739,129.47590423887348,-9.913311972224825,-7.711241350545086,141.803430333771,-59.169399155640235
0.31555,72.67788635549931,-121.76572435316537,-62.76494566968696,129.47708132733737,-9.912940685812394,-7.7113569741719825,141.8060886998648,-59.16843637652113
0.3156,72.68138585863136,-121.7667421269491,-62.76881360748249,129.47820625437348,-9.912572251148886,-7.711464127424369,141.80875621252088,-59.16743302697476
0.31565000000000004,72.68497461461801,-121.76771280895018,-62.77276762912512,129.47927573294893,-9.912206985492881,-7.71156292399874,141.81142907907895,-59.16638899944553
0.31570000000000004,72.68865079260192,-121.76863306771368,-62.77680559105735,129.4802865571995,-9.91184520154461,-7.711653489485816,141.8141035060629,-59.16530424160053
0.31575000000000003,72.69241242275852,-121.76949963969062,-62.78092521553614,129.48123560082686,-9.911487207222386,-7.711735961136259,141.8167756872967,-59.16417876327004
0.3158,72.69625742627565,-121.7703093407553,-62.785124121443566,129.4821198285181,-9.911133304832118,-7.7118104877627855,141.81944182914617,-59.16301262841566
0.31585,72.7001836016919,-121.77105906656323,-62.789399810704076,129.48293629600772,-9.910783790987868,-7.711877229444513,141.8220981438088,-59.16180595992794
0.3159,72.70418862521383,-121.77174579681352,-62.79374966912476,129.48368215413953,-9.910438956089079,-7.71193635732601,141.8247408531193,-59.160558940383076
0.31595,72.70827007505389,-121.77236660325943,-62.79817099136847,129.4843546566709,-9.910099083685397,-7.711988053411482,141.82736620788523,-59.15927180524421
0.316,72.71242540671666,-121.77291864904768,-62.8026609562135,129.48495115928063,-9.909764450503168,-7.712032510232923,141.82997047463175,-59.157944851282544
0.31605,72.71665197662414,-121.77339919608896,-62.807216650965586,129.48546912672984,-9.909435325658563,-7.712069930640863,141.83254995401975,-59.156578429894616
0.3161,72.7209470449996,-121.77380560841648,-62.81183507459992,129.48590613590767,-9.909111970399717,-7.712100527491176,141.83510098518647,-59.155172946784596
0.31615000000000004,72.72530776112026,-121.77413535413245,-62.816513123166644,129.48625987745615,-9.908794637953648,-7.7121245233236575,141.837619939832,-59.1537288674695
0.31620000000000004,72.72973119525955,-121.77438601160122,-62.821247622522435,129.48652816168683,-9.908483572737138,-7.71214215008561,141.84010324388927,-59.15224670747167
0.31625000000000003,72.73421432069286,-121.77455527098091,-62.82603531030167,129.48670891974845,-9.908179010391212,-7.7121536487675755,141.8425473695875,-59.15072703886608
0.3163,72.7387540228705,-121.77464093817474,-62.83087284554479,129.48680020725,-9.907881177325699,-7.712159269075211,141.84494884352083,-59.14917048790749
0.31635,72.74334711873428,-121.77464093817385,-62.8357568285239,129.48680020724922,-9.907590290210372,-7.712159269075328,141.8473042593966,-59.147577729015396
0.3164,72.74799033429217,-121.77455331761517,-62.8406837782609,129.48670723243808,-9.90730655603127,-7.712153914822854,141.84961026870312,-59.145949493073005
0.31645,72.75268033414866,-121.77437624773818,-62.84565016269198,129.4865197277245,-9.907030171456675,-7.71214347998632,141.8518635983628,-59.14428655779279
0.3165,72.75741371700275,-121.77410802677421,-62.850652394290066,129.48623627222923,-9.906761322712704,-7.712128245454986,141.8540610504457,-59.14258974976774
0.31655,72.76218700866536,-121.7737470831975,-62.85568682326343,129.48585558214612,-9.906500185401924,-7.712108498948625,141.85619950134904,-59.1408599475618
0.3166,72.76699669357632,-121.77329197630071,-62.86074976959499,129.4853765108894,-9.90624692398133,-7.712084534588704,141.85827591842616,-59.13909807089854
0.31665000000000004,72.77183919330832,-121.77274140007276,-62.86583750144394,129.48479805257952,-9.906001691864386,-7.7120566525068135,141.86028735225977,-59.1373050889166
0.31670000000000004,72.77671088338131,-121.77209418435073,-62.87094625242098,129.4841193427475,-9.905764630960356,-7.712025158396748,141.86223094624467,-59.13548201457837
0.31675000000000003,72.78160810751885,-121.77134929505027,-62.87607223602722,129.48333965812705,-9.90553587149163,-7.711990363076787,141.86410394406892,-59.133629899776814
0.3168,72.78652715849327,-121.77050583905306,-62.88121162644993,129.4824584211373,-9.905315532043325,-7.71195258208422,141.86590368405277,-59.13174984299158
0.31685,72.79146430958937,-121.76956306161594,-62.886360590575194,129.48147519678218,-9.905103719014184,-7.7119121351661555,141.86762761303612,-59.1298429778485
0.3169,72.79641580562713,-121.76852034953849,-62.891515278842256,129.4803896954163,-9.904900526784887,-7.711869345877811,141.86927328446328,-59.12791047689392
0.31695,72.80137786352779,-121.76737723335047,-62.89667182601539,129.47920177446397,-9.904706037512414,-7.711824541113454,141.87083836052156,-59.1259535518585
0.317,72.80634669879385,-121.76613338329173,-62.901826378008735,129.47791143387957,-9.904520320785128,-7.711778050587829,141.87232062225021,-59.12397344365323
0.31705,72.81131850463142,-121.7647886157851,-62.90697507070342,129.4765188222485,-9.904343433927997,-7.711730206463421,141.87371796435627,-59.12197143095752
0.3171,72.81628947477842,-121.76334288966036,-62.912114053207034,129.47502423245214,-9.90417542157139,-7.7116813427917075,141.8750284036614,-59.11994882153445
0.31715,72.82125580976502,-121.76179630555517,-62.917239494086246,129.47342810061272,-9.904016315678776,-7.711631795057545,141.87625008177633,-59.11790694994892
0.31720000000000004,72.82621370378915,-121.76014911145865,-62.922347568067586,129.47173101123064,-9.903866135721573,-7.711581899771984,141.87738126309847,-59.115847183278795
0.31725000000000003,72.83115937601812,-121.75840169429524,-62.92743448776548,129.46993368816163,-9.903724888252667,-7.7115319938663385,141.87842034363192,-59.11377090853588
0.3173,72.83608905680556,-121.75655458545,-62.93249648956792,129.46803699977414,-9.903592567237634,-7.711482414324168,141.87936584863417,-59.11167953860372
0.31735,72.84099899551777,-121.75460845956403,-62.93752984154534,129.4660419572389,-9.903469153972457,-7.711433497674843,141.88021643557906,-59.10957450929186
0.3174,72.84588548092437,-121.75256412760069,-62.94253086400477,129.46394970703986,-9.903354616919607,-7.711385579439189,141.8809708986567,-59.107457270849146
0.31745,72.85074482214266,-121.7504225454101,-62.94749591004898,129.4617615391988,-9.90324891209369,-7.71133899378865,141.8816281663234,-59.105329296361326
0.3175,72.85557337466193,-121.74818480390907,-62.95242139183397,129.45947887685654,-9.903151982827959,-7.7112940729474895,141.88218730622089,-59.10319207071537
0.31755,72.86036753926669,-121.74585212986479,-62.95730377930162,129.45710327663042,-9.90306375996506,-7.7112511467656475,141.88264752528383,-59.101047091154854
0.3176,72.86512375551993,-121.74342588993946,-62.96213959345866,129.4546364322408,-9.902984162061282,-7.7112105423013135,141.88300816985245,-59.098895870397
0.31765,72.8698385300878,-121.74090757728118,-62.96692543484021,129.45208016051293,-9.902913095247591,-7.711172583231769,141.88326872870243,-59.09673992405784
0.31770000000000004,72.87450841962853,-121.73829882046631,-62.971657965981365,129.44943641000054,-9.90285045364718,-7.711137589534232,141.88342883192405,-59.09458077845699
0.31775000000000003,72.8791300444281,-121.73560137695526,-62.97633392508648,129.44670725389335,-9.902796119341652,-7.711105876938049,141.88348825230372,-59.092419964556996
0.3178,72.8837001022818,-121.7328171250916,-62.980950139751606,129.4438948815571,-9.902749962530214,-7.711077756465477,141.88344690558637,-59.090259011515904
0.31785,72.88821535192167,-121.72994807402367,-62.985503509996796,129.44100160813747,-9.902711841924868,-7.711053534113823,141.88330485047425,-59.0880994545089
0.3179,72.89267263910067,-121.72699634793133,-62.98999103446263,129.43802985816427,-9.902681604638062,-7.711033510232918,141.88306228849302,-59.08594282244079
0.31795,72.89706889072454,-121.72396418917,-62.99440980407673,129.4349821684172,-9.902659086647859,-7.711017979247142,141.8827195636783,-59.08379064065292
0.318,72.90140111366976,-121.72085395919888,-62.99875700067735,129.43186118841916,-9.902644112992412,-7.711007229220277,141.88227716276896,-59.08164443154687
0.31805,72.90566641694004,-121.71766812263525,-63.00302991911921,129.4286696639384,-9.902636497820803,-7.7110015413031885,141.8817357129173,-59.07950570362114
0.3181,72.90986199515811,-121.71440925846682,-63.00722595017588,129.4254104480332,-9.902636044982264,-7.711001189566344,141.8810959828354,-59.07737595953748
0.31815,72.91398514512436,-121.7110800473785,-63.01134259708485,129.42208648779703,-9.902642548039498,-7.7110064404185374,141.8803588804412,-59.07525668777515
0.31820000000000004,72.91803327161122,-121.70768326593591,-63.015377480993806,129.41870081819647,-9.902655790617438,-7.711017552260531,141.8795254508598,-59.07314935943614
0.31825000000000003,72.92200387590513,-121.70422179520024,-63.019328329011735,129.4152565704742,-9.902675546893427,-7.711034775273948,141.87859687793934,-59.07105543402156
0.3183,72.92589457926563,-121.70069859994676,-63.023192997655464,129.41175695075012,-9.902701581610197,-7.7110583508033175,141.87757447849626,-59.06897634701024
0.31835,72.92970311248305,-121.69711673612939,-63.026969461819434,129.40820524735813,-9.902733650663622,-7.711088511228711,141.8764597033702,-59.0669135150428
0.3184,72.93342731971094,-121.69347934650993,-63.030655818318664,129.40460482610263,-9.902771501392289,-7.711125479592693,141.87525413566314,-59.06486833370366
0.31845,72.93706517386582,-121.68978964419708,-63.034250301083844,129.40095911332568,-9.902814872782011,-7.711169469128571,141.87395948455688,-59.062842168784854
0.3185,72.94061476132575,-121.68605092588753,-63.03775126522789,129.39727160910317,-9.902863496097883,-7.711220683215621,141.8725775888273,-59.06083636434997
0.31855,72.94407429897059,-121.68226655297521,-63.0411572039186,129.39354586784975,-9.902917095052056,-7.7112793148745045,141.87111040942426,-59.058852232922995
0.3186,72.9474421335235,-121.67843994959728,-63.0444667472617,129.3897854961514,-9.90297538626182,-7.7113455465541145,141.8695600274827,-59.05689105532292
0.31865,72.95071673468361,-121.67457460832925,-63.047678654936654,129.38599415831285,-9.903038079746958,-7.711419549983625,141.86792864570177,-59.05495408423623
0.31870000000000004,72.95389671375179,-121.67067406636944,-63.05079183459855,129.382175552077,-9.903104879153252,-7.711501485707541,141.86621857752277,-59.05304253282957
0.31875000000000003,72.95698081088238,-121.66674191760754,-63.05380532851784,129.37833342069104,-9.903175482364578,-7.711591503083464,141.86443225095283,-59.05115758168024
0.31880000000000003,72.95996790196548,-121.66278180185425,-63.05671832014099,129.3744715417944,-9.90324958182454,-7.71168973994012,141.8625722028944,-59.04930037416294
0.31885,72.9628570071799,-121.65879739023377,-63.0595301422289,129.37059371258027,-9.903326864951,-7.7117963223465,141.86064107104596,-59.047472010458804
0.3189,72.96564727777164,-121.65479239955096,-63.0622402630449,129.36670376418297,-9.903407014726756,-7.711911364631959,141.8586415994529,-59.045673555123905
0.31895,72.968338011184,-121.65077056806932,-63.06484830123239,129.3628055370157,-9.903489709951637,-7.712034968946355,141.85657662554613,-59.04390602682021
0.319,72.97092864615495,-121.64673565806322,-63.06735402030895,129.35890288338553,-9.903574625846,-7.7121672253222915,141.8544490798401,-59.04217040054548
0.31905,72.97341875896575,-121.64269145787331,-63.069757324463914,129.35499966941106,-9.903661434501817,-7.712308211537743,141.8522619857954,-59.040467609360164
0.3191,72.97580807586925,-121.63864175782018,-63.07205827065347,129.35109975061317,-9.9037498052158,-7.712457992792975,141.85001844558715,-59.03879853507724
0.31915,72.97809646093926,-121.63459036497251,-63.0742570557783,129.34720698691515,-9.903839405160946,-7.712616621942619,141.8477216465489,-59.037164015536895
0.31920000000000004,72.98028392311801,-121.63054108671697,-63.07635402341132,129.34332522588517,-9.903929899706693,-7.712784139168192,141.84537485073832,-59.035564838748
0.31925000000000003,72.98237061816764,-121.62649772116322,-63.07834966525144,129.33945829311344,-9.904020952916241,-7.712960571950192,141.84298138774332,-59.034001740213164
0.31930000000000003,72.98435683917675,-121.62246406932431,-63.08024461103692,129.33561000457027,-9.90411222813983,-7.713145935245956,141.84054466027112,-59.03247540874211
0.31935,72.98624302750194,-121.61844390783699,-63.08203963918775,129.33178413896383,-9.904203388314212,-7.7133402311268,141.83806812641402,-59.030986476985085
0.3194,72.98802976476769,-121.61444099788511,-63.083735668186414,129.32798444692912,-9.904294096581275,-7.713543449043998,141.83555530321263,-59.02953552604976
0.31945,72.98971777182489,-121.61045908118463,-63.08533375508297,129.32421464698893,-9.904384016741925,-7.7137555658042825,141.83300976270345,-59.02812308501801
0.3195,72.99130791480891,-121.60650185819495,-63.08683510116529,129.32047840358734,-9.904472813643624,-7.713976545392363,141.8304351163798,-59.02674962430768
0.31955,72.99280119425927,-121.60257300557387,-63.08824104045926,129.31677934492888,-9.90456015380002,-7.71420633935501,141.8278350245839,-59.02541556305812
0.3196,72.99419875069266,-121.59867615423238,-63.089553044938626,129.31312104083872,-9.904645705754056,-7.714444886606335,141.8252131805819,-59.02412126262532
0.31965,72.99550186193197,-121.594814885917,-63.09077272135499,129.3095069994902,-9.90472914057702,-7.7146921135731255,141.82257330628204,-59.02286702678299
0.31970000000000004,72.99671193645841,-121.59099274239024,-63.09190180406782,129.30594067684788,-9.904810132390562,-7.714947934457659,141.8199191567048,-59.02165310592016
0.31975000000000003,72.99783051909799,-121.58721319746306,-63.09294216036212,129.3024254485451,-9.904888358735866,-7.715212251082025,141.81725449895117,-59.02047968924161
0.31980000000000003,72.99885928245234,-121.58347967147346,-63.09389578133491,129.29896462475978,-9.904963501117448,-7.715484953286291,141.81458312022383,-59.01934691073144
0.31985,72.99980002644959,-121.5797955212089,-63.09476478103456,129.29556144017178,-9.90503524541503,-7.715765918962894,141.8119088189726,-59.018254847197504
0.3199,73.0006546788028,-121.5761640229108,-63.095551396486684,129.2922190370695,-9.905103282316105,-7.716055014158675,141.80923539057505,-59.017203514562006
0.31995,73.00142528647675,-121.57258839077036,-63.09625797866287,129.28894048427998,-9.905167307813914,-7.716352093509598,141.80656663881516,-59.016192874647665
0.32,73.00211401795461,-121.56907175106831,-63.096886994386665,129.28572875120574,-9.905227023567988,-7.716657000137449,141.8039063548915,-59.01522282899764
0.32005,73.00272315814132,-121.56561714539171,-63.097441020762744,129.28258671148026,-9.905282137378567,-7.716969566088527,141.80125831756283,-59.0142932212933
0.3201,73.00325510351237,-121.56222753626608,-63.097922739914594,129.27951714885018,-9.90533236359779,-7.717289612584055,141.7986262954879,-59.013403840189675
0.32015,73.00371236240811,-121.55890578107407,-63.0983349389106,129.27652273109663,-9.905377423497507,-7.717616950022542,141.7960140250256,-59.012554413771745
0.32020000000000004,73.00409754791103,-121.55565464991591,-63.098680502190355,129.27360602852485,-9.905417045720682,-7.717951378608912,141.79342522188585,-59.01174461572064
0.32025000000000003,73.00441337588738,-121.55247681117305,-63.09896240925971,129.27076949955256,-9.905450966627663,-7.718292688379454,141.7908635677497,-59.01097406297301
0.32030000000000003,73.00466266151464,-121.54937482141807,-63.099183730835485,129.2680154809226,-9.90547893067917,-7.718640659504501,141.7883326998351,-59.01024231480887
0.32035,73.0048483135261,-121.54635114158681,-63.099347622707434,129.26534620444593,-9.905500690818645,-7.718995062859135,141.78583622179923,-59.00954887819475
0.3204,73.00497333195233,-121.54340811049202,-63.09945732315619,129.26276377046682,-9.90551600879614,-7.719355659974828,141.78337767987009,-59.0088932030407
0.32045,73.00504080273717,-121.54054795537566,-63.09951614721038,129.26027015903188,-9.90552465552681,-7.719722203656247,141.78096056911977,-59.00827468624672
0.3205,73.00505389357744,-121.53777279164353,-63.09952748216737,129.257867229952,-9.905526411410085,-7.72009443830848,141.7785883310922,-59.00769267307537
0.32055,73.00501584960462,-121.535084601594,-63.09949478296303,129.25555670165795,-9.905521066641619,-7.720472100063987,141.77626433334189,-59.007146454208815
0.3206,73.00492998865235,-121.53248525526652,-63.0994215671404,129.25334017277837,-9.905508421511929,-7.7208549175118,141.77399188486444,-59.00663527171458
0.32065,73.0047996965495,-121.52997649160436,-63.0993114098577,129.2512191034207,-9.905488286691796,-7.721242611816319,141.77177421751912,-59.00615831674539
0.32070000000000004,73.00462842197507,-121.52755991603037,-63.09916793847103,129.24919481318545,-9.905460483504093,-7.721634897155059,141.76961448129498,-59.00571473080664
0.32075000000000004,73.00441967261617,-121.52523701407047,-63.09899482845068,129.24726849538317,-9.905424844165504,-7.722031481312694,141.76751575400294,-59.00530360991358
0.32080000000000003,73.00417700850625,-121.52300912598251,-63.098795796459385,129.2454411917801,-9.905381212046898,-7.722432065797521,141.76548101608847,-59.00492400161081
0.32085,73.00390403839377,-121.52087746307532,-63.09857459651899,129.24371380959712,-9.905329441874798,-7.72283634652177,141.76351316274145,-59.00457490961938
0.3209,73.00360441456277,-121.51884310253094,-63.09833501461685,129.24208711666643,-9.905269399945919,-7.723244014135537,141.7616149967808,-59.00425529454758
0.32095,73.00328182566763,-121.51690697260747,-63.098080861335774,129.24056172698053,-9.905200964331874,-7.723654754373051,141.7597892122699,-59.00396407328841
0.321,73.0029399949051,-121.5150698741895,-63.097815969889176,129.23913812293233,-9.905124025015946,-7.7240682487428085,141.75803841203813,-59.0037001241343
0.32105,73.00258267160125,-121.51333245969674,-63.09754418750577,129.23781663439348,-9.905038484095497,-7.72448417469673,141.75636508525733,-59.00346228529909
0.3211,73.00221362665707,-121.51169523822723,-63.097269370766305,129.23659744449827,-9.904944255890785,-7.724902206271027,141.7547716094943,-59.003249357564655
0.32115,73.00183664972663,-121.51015858574839,-63.09699538267027,129.23548060032888,-9.904841267056335,-7.725322014580531,141.7532602579817,-59.00306010737904
0.32120000000000004,73.0014555388925,-121.50872272304291,-63.09672608214897,129.23446599108323,-9.904729456743564,-7.725743268040263,141.75183317538514,-59.00289326584347
0.32125000000000004,73.00107410005182,-121.50738773562661,-63.09646532344541,129.233553368797,-9.904608776606436,-7.726165633170343,141.75049239454924,-59.0027475330723
0.32130000000000003,73.00069613963814,-121.50615356530335,-63.096216948712346,129.232742340146,-9.904479190925803,-7.726588774842655,141.74923982549907,-59.0026215789594
0.32135,73.00032545672369,-121.50502000273919,-63.0959847800533,129.23203235948327,-9.904340676670408,-7.727012356744082,141.74807724499698,-59.00251404437197
0.3214,72.99996584359943,-121.5039867067919,-63.095772620149454,129.2314227488938,-9.904193223449992,-7.72743604210187,141.7470063133996,-59.00242354497782
0.32145,72.99962107378491,-121.50305318450614,-63.09558424014554,129.23091267833303,-9.904036833639365,-7.7278594938268945,141.74602855132525,-59.00234867124058
0.3215,72.99929490024635,-121.50221880302581,-63.09542337794726,129.23050117825053,-9.903871522299092,-7.7282823752247225,141.74514534893774,-59.002287991523026
0.32155,72.99899105190613,-121.50148279448543,-63.09529373475886,129.2301871449613,-9.903697317147264,-7.72870435047586,141.74435796833296,-59.00224005432165
0.3216,72.99871322144494,-121.5008442400646,-63.095198962831866,129.2299693249516,-9.903514258613095,-7.72912508488697,141.74366752358003,-59.002203389181325
0.32165,72.9984650685956,-121.5003020921112,-63.09514266894692,129.22984633779473,-9.903322399648701,-7.729544245683494,141.74307500137442,-59.00217651016783
0.32170000000000004,72.99825020947529,-121.49985516236568,-63.09512840372713,129.22981666462175,-9.903121805748174,-7.729961502256068,141.74258124544295,-59.00215791712164
0.32175000000000004,72.99807221043243,-121.49950212232632,-63.09515965558081,129.22987864897644,-9.902912554851602,-7.73037652665013,141.7421869536825,-59.00214609787551
0.32180000000000003,72.99793459038519,-121.49924151998258,-63.09523985324227,129.23003051419605,-9.90269473714291,-7.730788994213484,141.74189269370297,-59.002139530937505
0.32185,72.99784080569835,-121.49907176182056,-63.09537235064196,129.23027034561215,-9.902468455056393,-7.731198583791594,141.74169887961023,-59.00213668699539
0.3219,72.99779425265953,-121.49899112959675,-63.095560429635526,129.23059610798958,-9.902233823023995,-7.73160497839284,141.74160578765657,-59.002136031561136
0.32195,72.99779826225145,-121.49899778133492,-63.095807294912326,129.2310056469178,-9.901990967339113,-7.732007865582873,141.7416135544011,-59.00213602700056
0.322,72.99785608809263,-121.4990897418389,-63.09611606204925,129.2314966796601,-9.901740026043383,-7.732406937821163,141.7417221623658,-59.002135134747775
0.32205,72.99797091334939,-121.4992649245093,-63.09648976475141,129.23206681762395,-9.901481148598007,-7.732801893114586,141.7419314622963,-59.00213181746288
0.3221,72.99814583660317,-121.49952111870923,-63.09693134079024,129.23271355392927,-9.901214495812962,-7.7331924352200065,141.7422411550546,-59.0021245413096
0.32215,72.99838386956381,-121.49985599671155,-63.09744363002753,129.23343427090805,-9.90094023953633,-7.733578274196447,141.74265079639875,-59.00211177820466
0.32220000000000004,72.99868793979537,-121.50026712680264,-63.09802937741736,129.23422625365916,-9.90065856237804,-7.733959126856491,141.74315980962194,-59.00209200761172
0.32225000000000004,72.99906087392164,-121.50075195910833,-63.09869121632512,129.2350866760768,-9.900369657596512,-7.734334716968493,141.74376746475764,-59.00206371942018
0.32230000000000003,72.99950540499837,-121.50130784486915,-63.09943167636564,129.23601262077733,-9.900073728632753,-7.734704775908167,141.7444728989037,-59.00202541541311
0.32235,73.00002416479491,-121.50193203477667,-63.10025317584918,129.23700107764887,-9.899770988945775,-7.735069042872142,141.74527511082735,-59.00197561160482
0.3224,73.00061967406408,-121.50262167579193,-63.101158012330544,129.23804894101858,-9.89946166173359,-7.735427265226598,141.74617295323347,-59.00191284095864
0.32245,73.00129435176504,-121.50337383047989,-63.102148372319974,129.2391530295464,-9.899145979445096,-7.735779199066484,141.74716515409537,-59.0018356542246
0.3225,73.00205049863861,-121.50418546597713,-63.1032263149669,129.24031007528149,-9.898824183671703,-7.736124609304343,141.74825029874742,-59.00174262334116
0.32255,73.00289030016943,-121.50505346564574,-63.10439377551086,129.24151673581838,-9.898496524658569,-7.736463270172619,141.74942684140916,-59.001632342841795
0.3226,73.00381582764818,-121.50597463757835,-63.10565256671694,129.24276960313406,-9.898163260931229,-7.73679496555571,141.75069311303213,-59.0015034312634
0.32265,73.00482902236794,-121.5069457060638,-63.10700436326803,129.2440651951884,-9.897824659099905,-7.737119489124577,141.75204730585557,-59.00135453485045
0.32270000000000004,73.00593170781436,-121.50796333121563,-63.108450714564626,129.2453999760757,-9.897480993249717,-7.737436644860066,141.75348749652017,-59.00118432742175
0.32275000000000004,73.00712557821902,-121.50902410489603,-63.10999303350958,129.24677035207048,-9.897132544709457,-7.737746247174425,141.75501163668974,-59.000991513491044
0.32280000000000003,73.00841219368733,-121.51012455370198,-63.111632592033075,129.24817267488154,-9.896779601654249,-7.738048121179545,141.75661755311293,-59.00077483057897
0.32285,73.00979299079103,-121.51126115504306,-63.1133705322557,129.2496032581166,-9.896422458535353,-7.738342103073508,141.75830296687116,-59.00053304889125
0.3229,73.01126926417491,-121.5124303281147,-63.11520784828852,129.25105836829607,-9.896061415886452,-7.738628040181309,141.7600654761798,-59.000264975812364
0.32295,73.01284217570772,-121.51362844834827,-63.11714539597999,129.25253423966265,-9.895696779727729,-7.738905791314375,141.76190257349836,-58.999969455742175
0.323,73.01451275328705,-121.51485185254488,-63.119183892126316,129.25402707948697,-9.895328861160754,-7.739175226942063,141.76381164932695,-58.999645371576825
0.32305,73.01628187746213,-121.51609683527104,-63.12132390142131,129.25553306456388,-9.894957976040796,-7.73943622929285,141.76578998223786,-58.99929164858972
0.3231,73.01815029738991,-121.51735966673299,-63.12356585306306,129.25704835940002,-9.894584444326863,-7.739688692666998,141.76783476242545,-58.998907252620334
0.32315,73.02011861648776,-121.51863658845949,-63.125910026668194,129.25856911190968,-9.894208589819584,-7.739932523450161,141.76994308062635,-58.99849119414076
0.32320000000000004,73.02218729351691,-121.51992382037527,-63.12835655390873,129.2600914606873,-9.893830739608214,-7.740167640312025,141.77211193474994,-58.99804252934629
0.32325000000000004,73.02435665275003,-121.52121757286672,-63.130905429210245,129.2616115472273,-9.893451223539806,-7.74039397436055,141.77433824546685,-58.99756035913757
0.32330000000000003,73.02662686559044,-121.52251404108641,-63.13355649163112,129.26312551019922,-9.893070373959343,-7.7406114691128085,141.77661884186764,-58.99704383429396
0.32335,73.02899796554982,-121.52380941967901,-63.13630944056657,129.26462950040525,-9.89268852498325,-7.740820080726237,141.77895048180721,-58.99649215334098
0.3234,73.03146984409815,-121.5250999054522,-63.13916383192046,129.26611968342277,-9.892306012177698,-7.741019777970569,141.7813298520632,-58.995904564533745
0.32345,73.03404224153326,-121.52638169805867,-63.142119069403094,129.26759224030832,-9.891923172130172,-7.741210542249653,141.783753564223,-58.99528036915026
0.3235,73.03671476497841,-121.52765101448608,-63.14517442324325,129.26904338223449,-9.89154034173515,-7.741392367748362,141.78621817637827,-58.9946189182616
0.32355,73.03948687239007,-121.52890408604148,-63.14832901438708,129.27046934733787,-9.891157858002991,-7.741565261296398,141.78872018230615,-58.99391961763064
0.3236,73.04235788007044,-121.5301371672394,-63.151581822661115,129.2718664096831,-9.89077605740932,-7.741729242443674,141.791256022959,-58.99318192694642
0.32365,73.04532697032991,-121.53134654382704,-63.154931694958584,129.27323088727553,-9.890395275371349,-7.741884343448448,141.79382209729093,-58.992405358826616
0.32370000000000004,73.04839317582766,-121.5325285310089,-63.15837732982257,129.27455914014197,-9.890015846005053,-7.742030609133058,141.79641475266854,-58.99158948385672
0.32375000000000004,73.05155539918215,-121.53367948618431,-63.16191729782292,129.27584758312466,-9.88963810135925,-7.742168096940267,141.79903030588875,-58.990733926434196
0.32380000000000003,73.05481240470971,-121.53479581007713,-63.16555003358082,129.2770926868523,-9.889262371128849,-7.742296876775209,141.80166503988755,-58.989838367849295
0.32385,73.05816281597333,-121.53587395064508,-63.169273833768486,129.2782909815491,-9.88888898220485,-7.742417030903991,141.80431520582283,-58.988902547931346
0.3239,73.0616051339963,-121.53691041350694,-63.17308687599363,129.27943906741206,-9.88851825800265,-7.74252865390506,141.80697704138822,-58.987926260895605
0.32395,73.06513771985499,-121.5379017605888,-63.17698720157828,129.28053361303387,-9.88815051827672,-7.7426318524450695,141.8096467606767,-58.98690936107307
0.324,73.06875880913243,-121.5388446189046,-63.18097273065944,129.28157136409405,-9.887786078473011,-7.742726745189499,141.81232056914308,-58.985851759716404
0.32405,73.07246651636189,-121.53973568559205,-63.18504126706655,129.28254914821665,-9.887425249295356,-7.742813462624561,141.81499467019842,-58.98475342449317
0.3241,73.07625882276781,-121.54057172892836,-63.189190486345396,129.28346387576144,-9.887068336422422,-7.742892146833061,141.8176652597515,-58.98361438392567
0.32415,73.08013359903521,-121.54134959770424,-63.19341795920791,129.2843125490562,-9.886715639827315,-7.7429629513519656,141.82032854596056,-58.98243472144188
0.3242,73.08408859415356,-121.54206622238151,-63.19772114058877,129.28509226328487,-9.886367453564782,-7.743026040903382,141.82298074446135,-58.981214579463526
0.32425000000000004,73.08812143944313,-121.54271861991722,-63.20209737417421,129.2858002110991,-9.886024065268916,-7.743081591181839,141.8256180845589,-58.97995415900045
0.32430000000000003,73.0922296650159,-121.54330390015599,-63.20654390936232,129.28643368877218,-9.885685755653608,-7.743129788616171,141.82823682316968,-58.97865371526722
0.32435,73.09641068326285,-121.54381926672723,-63.21105788491599,129.28699009679656,-9.885352798346895,-7.743170830069305,141.83083323706126,-58.97731356357239
0.3244,73.10066180860873,-121.54426202349896,-63.21563634937396,129.28746694609615,-9.885025459234784,-7.743204922597175,141.8334036385419,-58.97593407380883
0.32445,73.10498025801671,-121.54462957771177,-63.22027626178202,129.2878618608425,-9.884703996234697,-7.743232283130694,141.8359443783845,-58.974515670918635
0.3245,73.10936314375854,-121.5449194427393,-63.22497448476482,129.28817258090572,-9.884388658993755,-7.743253138166441,141.8384518444415,-58.97305883795815
0.32455,73.11380749696714,-121.54512924322903,-63.229727808692196,129.2883969666915,-9.884079688274952,-7.743267723462427,141.840922478165,-58.97156410900369
0.3246,73.11831025474055,-121.54525671718483,-63.234532938821104,129.28853300086797,-9.883777315919462,-7.7432762836830875,141.84335276971868,-58.97003207403887
0.32465,73.12286827025612,-121.54529971974526,-63.23938650590936,129.28857879180737,-9.883481764346728,-7.743279072062176,141.8457392664014,-58.968463376230666
0.3247,73.12747832568661,-121.54525622621497,-63.24428507951141,129.28853257625462,-9.883193246175233,-7.743276350039609,141.8480785818758,-58.96685870808167
0.32475000000000004,73.13213711870806,-121.54512433486904,-63.24922515453437,129.28839272176032,-9.882911964173713,-7.743268386891247,141.85036739158727,-58.96521881667681
0.32480000000000003,73.1368412853896,-121.54490226960641,-63.25420317471141,129.2881577289478,-9.88263811067819,-7.743255459341348,141.852602446809,-58.96354449630715
0.32485,73.14158739628958,-121.54458838244359,-63.25921552880053,129.28782623361664,-9.882371867489033,-7.743237851173063,141.85478057473674,-58.961836590335956
0.3249,73.14637195576445,-121.54418115641693,-63.26425855011113,129.28739700924595,-9.882113405653344,-7.743215852828984,141.85689868058915,-58.96009599203848
0.32495,73.15119142394025,-121.54367920646297,-63.269328538940385,129.28686896744387,-9.881862884999864,-7.743189760980879,141.8589537596606,-58.958323637179404
0.325,73.1560422024737,-121.54308128295517,-63.274421748285846,129.2862411610874,-9.88162045418786,-7.743159878132234,141.8609428929794,-58.95652050967626
0.32505,73.16092065067517,-121.54238627259703,-63.27953440036081,129.2855127847671,-9.881386250314373,-7.743126512170066,141.86286325635604,-58.95468763620637
0.3251,73.16582309393984,-121.54159319930086,-63.284662695223965,129.284683175225,-9.881160398715867,-7.743089975924134,141.86471212545436,-58.95282608347447
0.32515,73.17074581339844,-121.54070122797376,-63.28980280043508,129.28375181472302,-9.88094301296337,-7.743050586749309,141.86648687366775,-58.950936962585594
0.3252,73.17568507049893,-121.53970966262527,-63.294950876042314,129.28271832865826,-9.880734194456622,-7.743008666033027,141.86818498314582,-58.949021420149805
0.32525000000000004,73.18063709971216,-121.53861794941027,-63.30010306723956,129.28158248818295,-9.880534032472594,-7.742964538772684,141.86980404361063,-58.94708064144611
0.32530000000000003,73.18559811321163,-121.53742567785328,-63.30525550922642,129.28034421095785,-9.880342603985218,-7.742918533104512,141.87134175579024,-58.945115849065544
0.32535000000000003,73.19056431969773,-121.5361325782567,-63.31040434625181,129.27900355806747,-9.880159973445922,-7.742870979810755,141.87279593888113,-58.94312829586707
0.3254,73.1955319108859,-121.53473852664291,-63.315545717967474,129.27756073854658,-9.87998619291845,-7.742822211903597,141.8741645277849,-58.941119270692006
0.32545,73.20049708111684,-121.53324354142687,-63.32067577934943,129.2760161055195,-9.879821301767423,-7.742772564092598,141.8754455803483,-58.93909009089748
0.3255,73.20545603089448,-121.53164778362004,-63.325790704170224,129.2743701559577,-9.879665326724272,-7.742722372337663,141.87663727933892,-58.93704210118749
0.32555,73.21040496099239,-121.52995156024237,-63.330886679069835,129.27262353363997,-9.87951828192257,-7.74267197339761,141.87773793230338,-58.934976676376245
0.3256,73.21534009598453,-121.52815531800276,-63.3359599273475,129.27077702227564,-9.879380168637033,-7.74262170427287,141.8787459782729,-58.932895211946004
0.32565,73.22025767457629,-121.52625964765207,-63.34100669902101,129.26883154946825,-9.879250975555287,-7.742571901816199,141.87965998648255,-58.93079912831474
0.3257,73.22515395897224,-121.52426528196986,-63.34602328032162,129.26678818417741,-9.879130678650638,-7.742522902207514,141.880478659461,-58.928689867192745
0.32575000000000004,73.23002524896697,-121.52217309108418,-63.35100600782225,129.26464813152748,-9.87901924114473,-7.742475040443251,141.88120083627626,-58.92656888575092
0.32580000000000003,73.23486787064759,-121.51998408806683,-63.35595125684922,129.26241273802455,-9.87891661379837,-7.742428649957722,141.88182549148155,-58.924437661713114
0.32585000000000003,73.23967819712362,-121.51769942095996,-63.36085546240391,129.26008348299976,-9.878822734719725,-7.742384062039774,141.88235173897067,-58.9222976845432
0.3259,73.24445264728436,-121.51532037376025,-63.36571511769286,129.25766197917886,-9.878737529591513,-7.742341605418592,141.8827788321679,-58.92015045609993
0.32595,73.24918768496775,-121.51284836769132,-63.37052677314067,129.25514997351698,-9.87866091182708,-7.742301605825677,141.8831061646776,-58.91799749121006
0.326,73.25387983902384,-121.51028495155073,-63.37528705653118,129.2525493369798,-9.878592782492648,-7.742264385429107,141.88333327236572,-58.915840308737714
0.32605,73.2585256921925,-121.50763180780288,-63.37999266150812,129.249862070299,-9.87853303068441,-7.742230262496065,141.8834598328298,-58.91368043672261
0.3261,73.26312189436888,-121.50489074587314,-63.384640360828115,129.2470902967396,-9.878481533540802,-7.742199550866412,141.88348566649933,-58.91151940641564
0.32615,73.26766517108459,-121.50206369713293,-63.38922701468252,129.2442362566242,-9.878438156402092,-7.74217255949122,141.88341073671828,-58.90935874832196
0.3262,73.2721523145958,-121.49915272042507,-63.39374956143798,129.24130231251638,-9.87840275315784,-7.742149592091289,141.88323514987422,-58.90719999645681
0.32625000000000004,73.27658020426358,-121.49615998935435,-63.39820503801535,129.23829093594935,-9.878375166248281,-7.742130946594951,141.8829591550397,-58.90504467866912
0.32630000000000003,73.28094580149207,-121.49308779508802,-63.402590574452674,129.23520470989766,-9.87835522703943,-7.742116914809596,141.88258314376077,-58.90289431899759
0.32635000000000003,73.28524615239952,-121.48993854454724,-63.406903396363205,129.23204632654117,-9.878342756036337,-7.742107781993857,141.8821076498924,-58.9007504363913
0.3264,73.28947840353646,-121.48671474866055,-63.411140840501766,129.2288185750342,-9.878337563034739,-7.742103826373609,141.881533347666,-58.89861453684551
0.32645,73.29363979099902,-121.483419029722,-63.415300343425734,129.22552434860506,-9.878339447573286,-7.7421053188830715,141.88086105237642,-58.89648811872163
0.3265,73.29772765473207,-121.48005411000491,-63.41937945568623,129.2221666326512,-9.878348199045861,-7.742112522646307,141.88009171803137,-58.894372665446525
0.32655,73.30173944185933,-121.47662280790121,-63.423375844781674,129.2187485005628,-9.878363597077662,-7.742125692661598,141.87922643578003,-58.89226964357514
0.3266,73.3056727009101,-121.47312804191934,-63.427287289004624,129.21527311741792,-9.878385411905487,-7.742145075498576,141.8782664343679,-58.8901805056397
0.32665,73.3095250992443,-121.46957281457759,-63.43111169472206,129.21174372336435,-9.878413404522236,-7.742170908786738,141.8772130753656,-58.88810668078244
0.3267,73.31329441549981,-121.46596021756766,-63.434847088284926,129.20816363862207,-9.878447327214909,-7.742203421054375,141.87606785370636,-58.886049578461474
0.32675000000000004,73.31697854488999,-121.4622934257465,-63.438491621069346,129.20453625706406,-9.878486923820633,-7.74224283131757,141.87483239529837,-58.88401058538191
0.32680000000000003,73.32057550951951,-121.45857568530373,-63.4420435794919,129.20086503400836,-9.878531930027632,-7.7422893487045945,141.87350845224702,-58.88199105947516
0.32685000000000003,73.32408344874379,-121.45481032161065,-63.445501374810895,129.19715349395045,-9.878582073932911,-7.742343172339806,141.87209790461534,-58.87999233488438
0.3269,73.32750063265311,-121.45100072348416,-63.44886355641316,129.19340521435154,-9.878637076239967,-7.7424044908673775,141.87060275394438,-58.87801571403135
0.32695,73.33082546082863,-121.44715034197868,-63.452128810082236,129.18962382425443,-9.878696650746383,-7.742473482275769,141.86902512160182,-58.87606246780629
0.327,73.33405645960285,-121.44326269141575,-63.45529595480321,129.1858130051181,-9.878760504799644,-7.74255031370232,141.86736724827327,-58.87413383674064
0.32705,73.3371922949609,-121.43934133173228,-63.45836395539641,129.18197647275554,-9.878828339564558,-7.742635141023192,141.86563148554708,-58.87223102287129
0.3271,73.3402317636769,-121.43538987620742,-63.461331913066616,129.1781179850299,-9.878899850610274,-7.742728108822461,141.86382029797568,-58.87035519442608
0.32715,73.34317380007532,-121.4314119803938,-63.46419907182204,129.17424133047277,-9.878974728253288,-7.742829350078941,141.86193625712355,-58.86850748118231
0.3272,73.34601748069682,-121.42741133241068,-63.46696482272067,129.17035031835624,-9.879052657976127,-7.742938985945546,141.85998203570006,-58.86668897083213
0.32725000000000004,73.34876201626261,-121.42339166054377,-63.469628695274814,129.16644878627315,-9.879133320987789,-7.743057125729395,141.85796040994012,-58.86490071335156
0.32730000000000004,73.35140676305946,-121.41935671363765,-63.47219036852146,129.16254058018185,-9.879216394537945,-7.743183866544222,141.85587424873665,-58.86314371297291
0.32735000000000003,73.35395121820918,-121.41531026361628,-63.474649665739356,129.1586295569202,-9.879301552469832,-7.743319293303906,141.85372651338284,-58.861418930347575
0.3274,73.35639501869952,-121.41125610316439,-63.477006553022214,129.15471958176047,-9.879388465677351,-7.743463478596022,141.85152025511624,-58.85972728239691
0.32745,73.35873794953322,-121.40719802792346,-63.47926114703529,129.1508145103812,-9.87947680249793,-7.743616482457718,141.84925860412423,-58.858069635774996
0.3275,73.36097993486224,-121.40313984621166,-63.481413705562495,129.14691819869003,-9.879566229299755,-7.743778352478392,141.8469447733087,-58.856446811960964
0.32755,73.3631210439423,-121.39908536391083,-63.48346463308521,129.14303448747796,-9.879656410857052,-7.743949123567137,141.84458204845978,-58.85485958203971
0.3276,73.36516149128346,-121.39503837803971,-63.4854144804201,129.13916719599894,-9.879747010863401,-7.744128817959196,141.84217378286274,-58.853308665301626
0.32765,73.36710163057441,-121.39100268269227,-63.48726393812015,129.13532012797123,-9.879837692454297,-7.744317445278911,141.83972339926652,-58.85179473257731
0.3277,73.3689419620834,-121.38698204793603,-63.489013843500096,129.13149705025086,-9.879928118583317,-7.744515002314821,141.8372343756797,-58.850318399262484
0.32775000000000004,73.37068312617347,-121.3829802260479,-63.490665173565276,129.12770169929104,-9.880017952608206,-7.744721473243118,141.83471024738088,-58.84888022885371
0.32780000000000004,73.37232590319822,-121.37900094507215,-63.49221904447875,129.12393777462574,-9.880106858719477,-7.744936829553574,141.83215460137717,-58.84748073162871
0.32785000000000003,73.37387121654012,-121.37504789342164,-63.493676714155065,129.12020892341826,-9.88019450238509,-7.7451610299966225,141.82957106482348,-58.84612036036699
0.3279,73.37532012480764,-121.37112473050527,-63.495039573889485,129.11651875138304,-9.880280550918194,-7.745394020877749,141.82696331010501,-58.84479951525653
0.32795,73.37667382559245,-121.3672350684197,-63.49630915173487,129.1128708043148,-9.88036467385759,-7.745635735895105,141.8243350411361,-58.84351853875599
0.328,73.37793365227958,-121.3633824701226,-63.49748710880048,129.10926856645744,-9.880446543479117,-7.74588609633484,141.821689990169,-58.84227771630197
0.32805,73.37910106951533,-121.35957045263359,-63.49857523422759,129.10571546390725,-9.880525835287786,-7.746145011273647,141.81903191820862,-58.8410772785309
0.3281,73.38017767610808,-121.35580246649921,-63.499575447698035,129.10221484398383,-9.880602228410083,-7.746412377484637,141.81636459896004,-58.839917395969
0.32815,73.38116519817628,-121.35208190550266,-63.50048979205579,129.09876998531615,-9.88067540612048,-7.746688079813523,141.81369182361013,-58.838798183415335
0.3282,73.38206548861429,-121.34841209597117,-63.50132043235844,129.095384087199,-9.88074505625588,-7.74697199122783,141.8110173914175,-58.837719697875734
0.32825000000000004,73.38288052585509,-121.34479628579793,-63.50206965420497,129.0920602587415,-9.880810871650135,-7.747263972943567,141.80834509969335,-58.83668193667921
0.32830000000000004,73.38361240744958,-121.34123765505254,-63.5027398568359,129.08880152986347,-9.880872550613699,-7.747563874810911,141.80567874957168,-58.83568484189974
0.32835000000000003,73.38426335076501,-121.33773929543264,-63.50333355345144,129.0856108307391,-9.880929797313547,-7.747871535306423,141.80302212879954,-58.83472829580221
0.3284,73.38483568796175,-121.33430421385427,-63.50385336573727,129.08249099575642,-9.880982322224487,-7.748186781902111,141.80037901222013,-58.83381212331298
0.32845,73.38533186209501,-121.33093533267721,-63.50430201955515,129.0794447640008,-9.881029842539943,-7.748509431323604,141.79775315995707,-58.8329360933985
0.3285,73.3857544259092,-121.32763547103367,-63.50468234335737,129.07647476068945,-9.881072082551848,-7.748839289655759,141.79514830082118,-58.83209991556125
0.32855,73.38610603572798,-121.32440735738665,-63.5049972616547,129.07358351022285,-9.881108774073272,-7.749176152836186,141.79256813990006,-58.83130324456208
0.3286,73.38638944910787,-121.32125361598722,-63.50524979231085,129.07077342275895,-9.881139656797046,-7.749519806771717,141.79001634575977,-58.830545678383636
0.32865,73.38660752094282,-121.31817676077328,-63.505443042270294,129.06804678846123,-9.881164478672542,-7.749870027687885,141.7874965432112,-58.82982675828545
0.3287,73.38676319836443,-121.31517920484556,-63.5055802020914,129.06540578740444,-9.881182996273035,-7.750226582558884,141.78501231878005,-58.82914597253408
0.32875000000000004,73.38685951776917,-121.31226324031194,-63.505664542642776,129.0628524695306,-9.881194975126373,-7.750589229218632,141.78256720192198,-58.828502753200866
0.32880000000000004,73.38689959972437,-121.30943104646724,-63.50569940966333,129.06038876338928,-9.881200190061053,-7.7509577169220725,141.78016466938388,-58.82789647962008
0.32885000000000003,73.3868866447558,-121.30668468667614,-63.505688219234145,129.05801647329017,-9.881198425521672,-7.751331786613984,141.77780814035356,-58.82732647918035
0.3289,73.38682392881003,-121.30402609403396,-63.505634452934544,129.05573726522806,-9.881189475875468,-7.751711171194041,141.7755009618384,-58.826792025881694
0.32895,73.38671479865607,-121.3014570852526,-63.50554165295186,129.05355268139255,-9.881173145704206,-7.752095596139955,141.77324641816122,-58.82629234481846
0.329,73.3865626669981,-121.2989793452085,-63.505413416913164,129.05146412486627,-9.88114925008495,-7.752484779657737,141.77104771520365,-58.82582661062624
0.32905,73.38637100747206,-121.29659442678017,-63.50525339261912,129.0494728599572,-9.88111761485298,-7.752878433176996,141.76890797767027,-58.8253939491679
0.3291,73.38614335046654,-121.29430375808619,-63.50506527362598,129.0475800199492,-9.881078076840591,-7.753276261862972,141.76683025311002,-58.82499344048408
0.32915,73.38588327678974,-121.29210862449798,-63.50485279266191,129.04578658930467,-9.88103048412781,-7.753677964806703,141.76481749323992,-58.82462411721208
0.3292,73.38559441382131,-121.29001018077996,-63.5046197175823,129.04409341645453,-9.880974696239017,-7.754083235674543,141.7628725623306,-58.824284968449525
0.32925000000000004,73.38528043005817,-121.28800944482417,-63.50436984570851,129.04250120787313,-9.880910584349673,-7.754491763048945,141.76099822901233,-58.82397494032376
0.32930000000000004,73.38494502867202,-121.28610728903148,-63.504106997188366,129.04101051983002,-9.880838031483659,-7.754903230798521,141.75919715555557,-58.82369293641173
0.32935000000000003,73.38459194471429,-121.28430445424748,-63.503835012066716,129.0396217729692,-9.880756932647575,-7.755317318721759,141.75747190833653,-58.823437821618576
0.3294,73.3842249372586,-121.28260153367715,-63.503557742242485,129.0383352364679,-9.880667195016136,-7.755733702790692,141.75582493999627,-58.823208421526765
0.32945,73.38384778512,-121.28099897875147,-63.503279047076354,129.03715103448562,-9.880568738043666,-7.7561520557341135,141.75425859223267,-58.823003525102415
0.3295,73.38346428287507,-121.27949710374412,-63.50300278930607,129.03606915127352,-9.880461493569008,-7.756572047529328,141.75277509767872,-58.822821887037264
0.32955,73.383078231974,-121.27809607106515,-63.50273282602201,129.03508941678035,-9.880345405951996,-7.756993345715183,141.75137656270758,-58.8226622277457
0.3296,73.3826934391848,-121.27679590639643,-63.50247300708393,129.03421152246437,-9.880220432100888,-7.7574156160679335,141.75006497956576,-58.82252323707158
0.32965,73.3823137091767,-121.27559649051997,-63.502227167605675,129.03343501345066,-9.880086541571046,-7.7578385229306654,141.74884221553077,-58.82240357514585
0.3297,73.38194283786031,-121.27449755620047,-63.5019991212529,129.0327592859078,-9.879943716607416,-7.7582617297073195,141.7477100067859,-58.82230187404105
0.32975000000000004,73.3815846111582,-121.27349870121573,-63.501792659030706,129.03218360068004,-9.87979195212749,-7.758684899464327,141.74666996892145,-58.822216740927864
0.32980000000000004,73.3812427945568,-121.27259937386712,-63.50161153875759,129.03170706907164,-9.8796312557992,-7.759107695204545,141.74572357911956,-58.82214675866182
0.32985000000000003,73.38092113095675,-121.27179888322144,-63.501459482992004,129.03132866375364,-9.879461647964751,-7.759529780532179,141.74487218379437,-58.82209048867636
0.3299,73.38062333599582,-121.27109640112614,-63.501340174363605,129.031047221194,-9.87928316163222,-7.75995082006783,141.74411699788647,-58.82204647302912
0.32995,73.3803530882334,-121.27049095259287,-63.50125724575967,129.03086143241623,-9.879095842473752,-7.760370479823324,141.7434590915458,-58.82201323579205
0.33,73.3801140301511,-121.26998143183606,-63.501214281484046,129.03076985972893,-9.878899748667056,-7.760788427892888,141.74289940436466,-58.82198928607018
0.33005,73.37990975839323,-121.26956659323703,-63.50121480749062,129.03077092795752,-9.87869495090262,-7.761204334720427,141.74243873258808,-58.82197311949501
0.3301,73.37974381886953,-121.26924505408665,-63.50126228661647,129.03086292772707,-9.87848153225307,-7.761617873640371,141.74207772891944,-58.82196322050178
0.33015,73.37961970629874,-121.2690153055011,-63.501360118296574,129.03104402694365,-9.878259588002175,-7.762028721442505,141.74181691161886,-58.8219580647816
0.3302,73.37954085206252,-121.26887570072827,-63.50151162644519,129.03131225935306,-9.878029225617341,-7.762436558624752,141.74165664820697,-58.82195612104542
0.33025000000000004,73.37951062528667,-121.2688244687701,-63.501720060791556,129.03166553880888,-9.87779056449512,-7.762841070038773,141.7415971676767,-58.821955853511405
0.33030000000000004,73.37953232666274,-121.26885971404506,-63.501988590833115,129.03210165930966,-9.877543735829619,-7.763241945264607,141.74163855700442,-58.821955723981915
0.33035000000000003,73.37960917949978,-121.26897941222188,-63.50232029702891,129.03261829120322,-9.877288882470886,-7.763638878981308,141.7417807529524,-58.8219541940772
0.3304,73.37974433306967,-121.2691814258705,-63.50271817445124,129.03321299743735,-9.87702615861842,-7.764031571566842,141.7420235571913,-58.821949727364625
0.33045,73.37994085065239,-121.26946349568188,-63.50318512094296,129.03388322503687,-9.876755729709439,-7.764419729354989,141.74236662260074,-58.82194079166656
0.3305,73.38020170800542,-121.26982324826369,-63.50372393587825,129.03462631340543,-9.876477772127194,-7.764803065141694,141.7428094591492,-58.82192586123179
0.33055,73.38052979284898,-121.27025820452138,-63.50433731992463,129.03543950314713,-9.876192472924387,-7.7651812986256825,141.7433514408012,-58.82190341867782
0.3306,73.38092789217738,-121.27076577147763,-63.50502786252245,129.0363199281527,-9.87590002965495,-7.765554156675039,141.74399179195402,-58.821871957677395
0.33065,73.38139869717287,-121.27134325786731,-63.50579804720212,129.0372646317457,-9.87560064997076,-7.765921373878374,141.74472960332926,-58.8218299845322
0.3307,73.381944795179,-121.2719878722977,-63.506650243768924,129.03827056510963,-9.875294551410061,-7.766282692811926,141.74556382624968,-58.82177602057302
0.33075,73.38256866301226,-121.27269672384949,-63.50758670192413,129.0393345882599,-9.87498196108817,-7.766637864410348,141.74649326969782,-58.82170860460719
0.33080000000000004,73.38327267221314,-121.27346683639787,-63.50860955692665,129.04045348481907,-9.87466311528649,-7.766986648421155,141.7475166152948,-58.82162629410753
0.33085000000000003,73.38405907579175,-121.27429514151298,-63.50972081654066,129.0416239551072,-9.874338259251099,-7.7673288135942204,141.74863240437313,-58.82152766831774
0.3309,73.38493001065305,-121.27517848929064,-63.51092236392208,129.04284262742723,-9.87400764673102,-7.76766413813656,141.7498390485074,-58.82141132968667
0.33095,73.38588749636361,-121.2761136543804,-63.51221595672058,129.0441060643768,-9.873671539643054,-7.767992409996349,141.7511348340433,-58.82127590556194
0.331,73.38693342377059,-121.27709733216713,-63.51360321598458,129.0454107592477,-9.873330207786033,-7.768313427080539,141.7525179129488,-58.82112005133154
0.33105,73.3880695631327,-121.27812615406626,-63.515085634837355,129.04675315176496,-9.872983928295342,-7.768626997698721,141.75398632012016,-58.82094245081657
0.3311,73.38929755428421,-121.27919668517723,-63.51666456888809,129.04812962587246,-9.872632985396127,-7.76893294069524,141.7555379662931,-58.820741819184605
0.33115,73.39061890399374,-121.28030542923156,-63.51834123403782,129.04953651498164,-9.872277669955961,-7.769231085750018,141.7571706409201,-58.820516904900295
0.3312,73.39203499183643,-121.28144884031256,-63.52011671285771,129.0509701140102,-9.871918278978717,-7.769521273697622,141.7588820252484,-58.820266490148136
0.33125,73.39354705667208,-121.28262331821493,-63.521991941315115,129.05242667482293,-9.871555115356996,-7.769803356607951,141.760669681361,-58.819989394537046
0.33130000000000004,73.39515620376696,-121.2838252209469,-63.52396771647956,129.05390241906986,-9.871188487287418,-7.77007719812293,141.7625310665711,-58.81968447525263
0.33135000000000003,73.39686340190353,-121.28505086858083,-63.52604469402617,129.05539354219255,-9.87081870787739,-7.770342673611719,141.7644635352313,-58.819350628859986
0.33140000000000003,73.39866947486864,-121.28629654340446,-63.52822338008453,129.0568962136924,-9.870446094784128,-7.770599670287953,141.76646433446683,-58.81898679427514
0.33145,73.40057511221977,-121.28755850371287,-63.530504142620316,129.05840659119966,-9.870070969599402,-7.770848087486766,141.76853062155996,-58.818591951923764
0.3315,73.40258085788304,-121.28883298180115,-63.53288720033607,129.0599208185008,-9.869693657546954,-7.771087836699681,141.77065945633925,-58.818165127258105
0.33155,73.40468711258725,-121.2901161917243,-63.53537262563623,129.061435033473,-9.869314486951017,-7.771318841748669,141.77284780908795,-58.817705391532336
0.3316,73.4068941392842,-121.29140433822965,-63.537960350564674,129.06294537715334,-9.868933788719541,-7.771541038923683,141.77509257100132,-58.81721186178995
0.33165,73.40920205056722,-121.29269361482733,-63.54065015455039,129.06444799181426,-9.86855189601686,-7.77175437698694,141.7773905460295,-58.81668370480126
0.3317,73.41161082039116,-121.29398021622309,-63.54344167676683,129.06593903356688,-9.868169143624328,-7.771958817343765,141.77973846758954,-58.81612013560315
0.33175,73.41412027914167,-121.29526034073383,-63.546334411575316,129.06741467477096,-9.867785867566365,-7.772154334037105,141.78213299808505,-58.81552041969864
0.33180000000000004,73.41673010905792,-121.29653019335855,-63.54932770440924,129.06887110713762,-9.867402404648685,-7.772340913779072,141.78457072916854,-58.81488387527047
0.33185000000000003,73.41943985673912,-121.29778599720706,-63.55242076488962,129.07030455324136,-9.867019091849476,-7.77251855603431,141.78704819799856,-58.81420987123637
0.33190000000000003,73.42224892105335,-121.29902399261562,-63.555612655033485,129.0717112655483,-9.866636266019816,-7.772687272932638,141.78956188022536,-58.81349783123105
0.33195,73.42515656051432,-121.30024044570763,-63.55890229724851,129.07308753502684,-9.866254263265844,-7.772847089319175,141.7921082011355,-58.81274723283341
0.332,73.42816189753286,-121.30143165490843,-63.56228847903994,129.07442969761308,-9.865873418492928,-7.772998042704643,141.7946835434274,-58.81195760744575
0.33205,73.4312639084433,-121.30259395162633,-63.56576984339995,129.0757341347944,-9.86549406504336,-7.773140183168038,141.7972842426278,-58.81112854386886
0.3321,73.43446143825811,-121.3037237107801,-63.56934490423286,129.07699728414278,-9.865116534025267,-7.773273573362661,141.79990660373613,-58.81025968538911
0.33215,73.4377531940278,-121.30481735268626,-63.57301204001415,129.07821564104606,-9.86474115401369,-7.773398288359751,141.8025468993964,-58.809350732452884
0.3322,73.44113774543577,-121.30587134792026,-63.576769494895906,129.079385763482,-9.864368250539856,-7.773514415561727,141.80520137435812,-58.80840144346174
0.33225,73.4446135370639,-121.3068822256003,-63.58061539155363,129.08050428021312,-9.863998145510257,-7.7736220546128045,141.80786625890798,-58.807411632250044
0.33230000000000004,73.44817887681809,-121.30784657400966,-63.58454771985705,129.08156789120272,-9.863631156961063,-7.773721317193065,141.81053776339942,-58.80638117219913
0.33235000000000003,73.45183194823333,-121.3087610484987,-63.588564349808586,129.082573375412,-9.863267598424773,-7.7738123269132995,141.81321209137482,-58.80530999362121
0.33240000000000003,73.45557081243895,-121.3096223758518,-63.59266303390878,129.0835175949752,-9.862907778530182,-7.773895219123396,141.81588544430767,-58.80419808397749
0.33245,73.45939340188002,-121.3104273568397,-63.596841401208756,129.08439749753595,-9.862552000671283,-7.7739701406962,141.81855402052037,-58.803045490565786
0.3325,73.46329753711525,-121.31117287395081,-63.601096974732364,129.08521012381226,-9.862200562382883,-7.774037249861387,141.82121403048382,-58.80185231631686
0.33255,73.46728091866338,-121.31185589331201,-63.60542716357598,129.0859526092563,-9.861853755087393,-7.774096715944265,141.8238616942209,-58.800618722998394
0.3326,73.47134113287558,-121.31247346972563,-63.60982926925739,129.08662218886417,-9.861511863618167,-7.774148719138472,141.82649324863905,-58.799344930224166
0.33265,73.4754756628887,-121.3130227519648,-63.6143004971454,129.08721620222414,-9.861175165743319,-7.774193450259289,141.8291049577148,-58.79803121276228
0.3327,73.4796818785088,-121.31350098478963,-63.61883794657319,129.08773209523912,-9.860843931935618,-7.774231110449494,141.83169310895718,-58.79667790443868
0.33275,73.48395705247006,-121.31390551464884,-63.62343862765857,129.0881674255645,-9.860518424811485,-7.774261910915662,141.8342540266857,-58.795285393698286
0.33280000000000004,73.48829835982103,-121.3142337927231,-63.62809946096488,129.08851986533887,-9.860198898856144,-7.774286072615725,141.83678407429278,-58.79385412444142
0.33285000000000003,73.4927028758833,-121.31448337818489,-63.632817275790806,129.08878720412824,-9.859885600092504,-7.774303825943295,141.8392796559499,-58.79238459739914
0.33290000000000003,73.4971675937324,-121.31465194259151,-63.63758882814829,129.08896735300164,-9.859578765584102,-7.774315410410107,141.841737229397,-58.790877365001705
0.33295,73.50168941520724,-121.31473727236356,-63.642410791921016,129.0890583466582,-9.859278623286242,-7.774321074294625,141.84415330337794,-58.789333034993575
0.333,73.50626516132138,-121.31473727236371,-63.64727976973083,129.08905834665836,-9.85898539159056,-7.7743210742946,141.84652444606854,-58.78775226757618
0.33305,73.51089158116868,-121.31464996874926,-63.652192302151335,129.08896564390977,-9.858699279017337,-7.7743156751605325,141.84884729210347,-58.7861357729205
0.3331,73.51556534429174,-121.31447351188828,-63.65714486024067,129.08877866120827,-9.858420484051077,-7.774305149319922,141.85111854108686,-58.78448431440702
0.33315,73.52028305892902,-121.31420617877657,-63.662133864273855,129.0884959552637,-9.858149194655201,-7.774289776487076,141.85333496908615,-58.782798702822475
0.3332,73.52504126923056,-121.3138463756121,-63.66715568106079,129.08811621888046,-9.85788558816978,-7.774269843268318,141.85549342936164,-58.781079797856414
0.33325,73.52983645790131,-121.31339264039336,-63.672206626873,129.08763828314915,-9.85762983102833,-7.774245642755761,141.85759085592832,-58.779328507728785
0.33330000000000004,73.53466506211608,-121.31284364403803,-63.677282983722286,129.08706111813774,-9.857382078393817,-7.77421747409965,141.859624272731,-58.77754578392521
0.33335000000000004,73.5395234648697,-121.31219819356998,-63.682380990716766,129.0863838356709,-9.857142474152948,-7.774185642100872,141.86159079185643,-58.77573262485162
0.33340000000000003,73.54440800929112,-121.31145523291,-63.687496858756525,129.08560568967252,-9.856911150534613,-7.77415045676249,141.86348762159844,-58.77389007105658
0.33345,73.54931500414033,-121.31061384414312,-63.69262677618196,129.08472607699127,-9.856688227958378,-7.77411223284816,141.86531207036157,-58.77201920360065
0.3335,73.55424071951849,-121.30967325042221,-63.697766904537055,129.08374453987733,-9.85647381498145,-7.77407128945509,141.86706154689,-58.77012114614962
0.33355,73.55918140574262,-121.30863281473148,-63.70291339779544,129.08266076425895,-9.856268007947179,-7.774027949527525,141.86873356896615,-58.76819705820209
0.3336,73.5641332884034,-121.30749204262825,-63.708062397391735,129.08147458205292,-9.856070891011681,-7.773982539424613,141.8703257631641,-58.766248137376984
0.33365,73.5690925752681,-121.30625058282375,-63.7132100392924,129.08018597127412,-9.855882535975713,-7.773935388450366,141.8718358688968,-58.76427561715901
0.3337,73.57405546959652,-121.30490822569035,-63.71835246749569,129.07879505405447,-9.855703002100837,-7.773886828364078,141.8732617440172,-58.762280761996976
0.33375,73.57901816248479,-121.30346490687234,-63.7234858262966,129.0773020998209,-9.85553233618818,-7.773837192948582,141.87460136390897,-58.76026487071412
0.33380000000000004,73.58397684945601,-121.30192070446185,-63.72860627710553,129.07570752195647,-9.855370572350486,-7.773786817494605,141.8758528276494,-58.75822927019947
0.33385000000000004,73.58892773256666,-121.30027583964814,-63.733710000522294,129.07401187799167,-9.855217732044393,-7.773736038343463,141.87701435963348,-58.756175314829456
0.33390000000000003,73.5938670195193,-121.298530678546,-63.73879319544,129.07221587097092,-9.8550738240793,-7.773685192424897,141.87808431065332,-58.75410438717111
0.33395,73.59879094144239,-121.29668572749831,-63.743852096977236,129.0703203442265,-9.854938844465142,-7.773634616728214,141.87906116308224,-58.75201789087442
0.334,73.60369574658557,-121.29474163637737,-63.74888296999976,129.06832628426116,-9.854812776585804,-7.773584647883814,141.879943530407,-58.74991725355667
0.33405,73.60857771028932,-121.29269919613326,-63.753882119174264,129.06623481777783,-9.854695591115082,-7.773535621644548,141.88073016028417,-58.74780392286391
0.3341,73.61343314499894,-121.29055933559832,-63.75884589895028,129.06404720799972,-9.854587246048682,-7.773487872401336,141.88141993698653,-58.74567936236212
0.33415,73.61825839425653,-121.28832312495862,-63.76377070736901,129.06176485772184,-9.854487686887524,-7.773441732763199,141.88201188123847,-58.74354505435744
0.3342,73.62304984950332,-121.285991769194,-63.76865300296175,129.05938930219884,-9.85439684654159,-7.773397533004795,141.88250515331143,-58.741402492740505
0.33425,73.62780394938999,-121.28356660886918,-63.77348930383373,129.05692220952633,-9.854314645556277,-7.7733556006571165,141.88289905333136,-58.73925318341042
0.33430000000000004,73.63251718201113,-121.28104911981409,-63.77827618980042,129.05436537985204,-9.854240992210709,-7.773316260037949,141.8831930221544,-58.73709864345696
0.33435000000000004,73.63718609966894,-121.27844090592575,-63.78301031713322,129.05172073765337,-9.854175782535695,-7.773279831727664,141.8833866428674,-58.73494039457675
0.33440000000000003,73.64180731235896,-121.27574370294522,-63.78768841172028,129.04899033515764,-9.854118900638701,-7.773246632212383,141.88347964063,-58.73277996613486
0.33445,73.6463774996023,-121.27295937225236,-63.792307280872386,129.04617634560717,-9.854070218729959,-7.7732169733547405,141.88347188350693,-58.73061888980162
0.3345,73.65089341621707,-121.2700898973795,-63.79686381889295,129.04328105934005,-9.854029597324166,-7.773191161960451,141.88336338248214,-58.7284586968515
0.33455,73.65535188852901,-121.26713738646282,-63.80135500298391,129.0403068858722,-9.85399688554509,-7.7731694994094065,141.883154291587,-58.72630092000666
0.3346,73.65974983000349,-121.26410406218702,-63.805777908828176,129.03725634330704,-9.853971921175305,-7.773152281120011,141.88284490742217,-58.72414708595543
0.33465,73.66408423781408,-121.26099226363726,-63.81012970679867,129.03413205985146,-9.853954531015448,-7.77313979621416,141.88243566896384,-58.72199871694642
0.3347,73.66835219755923,-121.25780444290122,-63.81440766645603,129.0309367699895,-9.853944531103226,-7.773132327088267,141.88192715711367,-58.7198573284696
0.33475,73.67255089435828,-121.25454315641313,-63.81860916746095,129.02767330536867,-9.85394172689733,-7.773130148955532,141.8813200930703,-58.71772442363275
0.33480000000000004,73.6766776064189,-121.25121106913443,-63.822731692730585,129.02434459868783,-9.853945913688337,-7.773133529553363,141.8806153385725,-58.71560149627866
0.33485000000000004,73.68072971720777,-121.24781094446591,-63.82677284043878,129.0209536731362,-9.853956876769018,-7.773142728670281,141.87981389360917,-58.71349002468942
0.33490000000000003,73.68470471733477,-121.24434564155646,-63.83073032554458,129.01750363937208,-9.853974391790207,-7.7731579978156224,141.87891689511176,-58.71139147039114
0.33495,73.6886002027061,-121.24081811599042,-63.834601977584086,129.0139976958884,-9.853998225122005,-7.77317957989799,141.87792561659805,-58.70930727895404
0.335,73.69241388753318,-121.23723140716808,-63.83838575346002,129.01043911595056,-9.854028134073177,-7.773207708782439,141.87684146416115,-58.707238872874285
0.33505,73.69614359906788,-121.23358864155593,-63.842079731704814,129.0068312506245,-9.854063867363113,-7.77324260906854,141.87566597653185,-58.705187654089315
0.3351,73.69978728361085,-121.22989302575805,-63.84568211820676,129.00317752146353,-9.854105165404109,-7.773284495705493,141.87440082229855,-58.703155000467255
0.33515,73.70334301345802,-121.22614783778025,-63.849191252802896,128.99948141144787,-9.854151760655139,-7.773333573667618,141.87304779607297,-58.701142261592
0.3352,73.70680898113828,-121.22235643107987,-63.85260560303892,128.9957464688412,-9.854203378099388,-7.77339003776131,141.87160881898032,-58.69915076161523
0.33525,73.7101835102265,-121.21852222123408,-63.85592377471676,128.99197629345255,-9.854259735509718,-7.773454072218477,141.87008593290935,-58.697181792740814
0.33530000000000004,73.71346505406808,-121.21464868481937,-63.85914451013099,128.98817453534377,-9.854320543937112,-7.773525850524373,141.86848129891817,-58.69523661544123
0.33535000000000004,73.71665219541472,-121.2107393576538,-63.862266687294635,128.98434489282863,-9.854385508120068,-7.773605535174818,141.86679719556943,-58.693316458224785
0.33540000000000003,73.71974365555015,-121.20679782123983,-63.8652893287301,128.9804910985821,-9.854454326820077,-7.773693277342259,141.8650360121159,-58.69142251165073
0.33545,73.72273828836826,-121.20282770708258,-63.86821159499463,128.97661692389264,-9.854526693373657,-7.773789216810023,141.86320024914136,-58.689555931286435
0.3355,73.72563508633853,-121.19883268626099,-63.8710327903026,128.97272616792273,-9.854602296035944,-7.773893481661731,141.86129251277896,-58.68771783346676
0.33555,73.72843318310072,-121.19481646234948,-63.87375236466577,128.96882265045497,-9.854680818434938,-7.774006188105479,141.85931551004157,-58.68590929291786
0.3356,73.73113184890228,-121.19078277434859,-63.876369908808755,128.9649102147635,-9.854761940093544,-7.774127440414895,141.85727204898436,-58.68413134495038
0.33565,73.73373049880423,-121.18673538109961,-63.87888516202652,128.96099271172287,-9.854845336777693,-7.774257330623249,141.85516502968426,-58.68238497935859
0.3357,73.73622868881395,-121.18267806270515,-63.88129800777585,128.95707400121458,-9.854930681038105,-7.774395938509432,141.85299744347427,-58.68067114205377
0.33575,73.7386261164062,-121.1786146156885,-63.88360847374315,128.95315794716092,-9.855017642663055,-7.774543331472369,141.8507723691087,-58.67899073386776
0.33580000000000004,73.7409226255298,-121.17454883988682,-63.88581673643461,128.94924840422783,-9.8551058890952,-7.774699564341011,141.8484929641993,-58.677344606071635
0.33585000000000004,73.74311820047268,-121.17048454384728,-63.88792311448435,128.94534922328972,-9.855195085988331,-7.774864679442418,141.84616246666533,-58.675733563622344
0.33590000000000003,73.74521297058207,-121.16642553133855,-63.88992807296921,128.94146423775732,-9.855284897612867,-7.775038706418733,141.84378418569463,-58.674158360697334
0.33595,73.74720720937029,-121.16237559685574,-63.89183222201174,128.93759725908137,-9.855374987358564,-7.775221662225579,141.8413614974678,-58.672619700053254
0.336,73.74910133076372,-121.15833852708317,-63.893636312523384,128.93375207825179,-9.855465018240317,-7.77541355116859,141.83889784448604,-58.67111823462061
0.33605,73.75089589390895,-121.15431808444946,-63.895341240593574,128.9299324492133,-9.855554653315382,-7.7756143647638485,141.8363967240502,-58.66965456238347
0.3361,73.75259159790666,-121.15031801109156,-63.896948041679195,128.92614209298253,-9.855643556227452,-7.775824081890942,141.833861688936,-58.66822922901989
0.33615,73.75418928209314,-121.14634202109144,-63.89845789044224,128.92238468983908,-9.85573139165093,-7.776042668747633,141.83129634093487,-58.66684272616395
0.3362,73.75568992718661,-121.14239378929356,-63.89987210143228,128.9186638681577,-9.855817825754372,-7.77627007886409,141.82870432192337,-58.66549548864989
0.33625,73.75709464947147,-121.13847695718665,-63.90119212274377,128.91498321048638,-9.855902526727757,-7.776506253299706,141.82608931588695,-58.664187897742316
0.33630000000000004,73.75840470320729,-121.13459511745252,-63.90241953801458,128.91134623801838,-9.855985165192736,-7.776751120565835,141.82345503699753,-58.66292027704609
0.33635000000000004,73.7596214772913,-121.13075181269582,-63.90355606258159,128.90775640952742,-9.856065414709702,-7.777004596831595,141.82080522681503,-58.6616928933772
0.33640000000000003,73.76074649187647,-121.12695053505325,-63.9046035396315,128.90421712110899,-9.856142952245012,-7.777266586055746,141.81814365221436,-58.66050595783333
0.33645,73.76178139951087,-121.12319471061262,-63.905563940920125,128.90073169060972,-9.856217458590761,-7.777536979997073,141.8154740926892,-58.65935962211189
0.3365,73.76272797948324,-121.11948770544868,-63.906439360611884,128.89730336398975,-9.856288618871371,-7.777815658541079,141.81280034258393,-58.65825398171389
0.33655,73.76358813694553,-121.11583281542393,-63.907232013989784,128.89393530517262,-9.856356122955779,-7.778102489748672,141.81012620194178,-58.657189074087775
0.3366,73.76436390080458,-121.11223325850804,-63.90794423490482,128.89063058855078,-9.856419665899784,-7.778397330042761,141.80745546886308,-58.65616487772648
0.33665,73.76505741858836,-121.1086921800816,-63.90857847017874,128.88739220462102,-9.856478948409608,-7.778700024539373,141.80479194137763,-58.6551813150373
0.3367,73.76567095592877,-121.105212636907,-63.90913727870138,128.88422304399487,-9.856533677227407,-7.779010407087872,141.80213940349705,-58.6542382491349
0.33675,73.76620689181995,-121.10179759978784,-63.90962332624406,128.881125900425,-9.856583565575871,-7.779328300637118,141.7995016250296,-58.653335486019984
0.33680000000000004,73.76666771515434,-121.09844995074732,-63.910039381591304,128.8781034682257,-9.856628333563053,-7.7796535174783585,141.79688235737643,-58.65247277516502
0.33685000000000004,73.76705602251482,-121.09517246979692,-63.91038831395113,128.87515832919948,-9.856667708563709,-7.779985859402527,141.7942853210901,-58.651649807478606
0.33690000000000003,73.76737451281443,-121.09196784291309,-63.91067308718408,128.8722929610566,-9.856701425630348,-7.780325118143488,141.7917142099034,-58.65086621881569
0.33695,73.76762598457628,-121.08883864995691,-63.91089675672326,128.86950972550576,-9.856729227853018,-7.780671075548825,141.78917267900124,-58.6501215883612
0.337,73.7678133317622,-121.08578736113346,-63.911062465032494,128.86681086505283,-9.856750866729731,-7.781023503919384,141.78666433982903,-58.64941543930961
0.33705,73.76793953912598,-121.082816341524,-63.911173436600606,128.8641985079343,-9.856766102525373,-7.781382166410266,141.7841927615465,-58.64874724140649
0.3371,73.76800767870132,-121.07992783584338,-63.911232974098105,128.8616746530665,-9.856774704603225,-7.781746817223004,141.78176145618298,-58.64811640894162
0.33715,73.76802090490845,-121.07712397457824,-63.91124445314741,128.85924117667537,-9.856776451761057,-7.782117202097104,141.77937388133157,-58.64752230371446
0.3372,73.7679824503047,-121.07440676919163,-63.91121131776391,128.85689982779684,-9.85677113254082,-7.78249305860521,141.77703343383982,-58.64696423547947
0.33725,73.76789562084781,-121.07177810250083,-63.91113707531476,128.85465221898016,-9.85675854553303,-7.782874116479312,141.77474343912422,-58.64644146154541
0.3373,73.76776379141182,-121.06923973761609,-63.911025291752914,128.85249983575133,-9.85673849965894,-7.7832600981351865,141.77250715646488,-58.645953190190944
0.33735000000000004,73.76759040074614,-121.06679330528618,-63.91087958629916,128.85044402419408,-9.856710814446998,-7.783650718907906,141.77032776557,-58.645498579733086
0.33740000000000003,73.76737894655336,-121.06444030476497,-63.91070362626502,128.8484859923124,-9.856675320288382,-7.784045687547396,141.7682083647473,-58.64507674039854
0.33745,73.76713298108963,-121.06218210708151,-63.91050112241825,128.84662681374536,-9.856631858671392,-7.784444706663788,141.76615197139947,-58.64468673652118
0.3375,73.76685610503785,-121.06001994214671,-63.9102758226149,128.84486741515755,-9.856580282422975,-7.7848474730108395,141.76416150781662,-58.64432758593775
0.33755,73.76655196348305,-121.05795490754329,-63.91003150758478,128.84320858563487,-9.856520455898275,-7.785253678091512,141.76223980657906,-58.64399826321878
0.3376,73.76622424030143,-121.05598796240642,-63.90977198511542,128.84165097089019,-9.85645225518604,-7.785663008483742,141.76038960240172,-58.64369770031292
0.33765,73.76587665219293,-121.05411992232851,-63.90950108390279,128.840195068603,-9.856375568290153,-7.7860751462744515,141.75861352466745,-58.64342478753037
0.3377,73.76551294515369,-121.05235146815525,-63.9092226498892,128.83884123779697,-9.85629029526449,-7.786489769641709,141.75691410309207,-58.64317837660727
0.33775,73.7651368871489,-121.05068313414208,-63.908940538760866,128.83758968728137,-9.856196348388043,-7.786906553139242,141.75529375378645,-58.64295728074142
0.3378,73.76475226386253,-121.04911531319961,-63.9086586115959,128.83644048147653,-9.85609365226666,-7.787325168276921,141.75375478151295,-58.642760277161436
0.33785000000000004,73.76436287393572,-121.04764825841204,-63.90838072999805,128.83539354240293,-9.85598214393767,-7.787745283990859,141.752299378493,-58.64258610908958
0.33790000000000003,73.7639725212457,-121.0462820736498,-63.908110748256085,128.83444864064808,-9.855861772989629,-7.788166566998214,141.75092961236157,-58.6424334864333
0.33795000000000003,73.76358501242103,-121.04501672448458,-63.90785251082968,128.83360540691524,-9.855732501591383,-7.788588682430567,141.74964743418383,-58.642301088940805
0.338,73.76320414952123,-121.04385203114771,-63.90760984494325,128.83286332534195,-9.855594304577993,-7.789011294194171,141.7484546686218,-58.642187567249685
0.33805,73.76283372426929,-121.04278766812592,-63.907386554786996,128.83222173359286,-9.855447169482296,-7.789434065466921,141.7473530105773,-58.64209154479668
0.3381,73.76247751535206,-121.04182317254498,-63.90718641882661,128.83167983180195,-9.855291096525473,-7.789856659256939,141.746344030936,-58.64201162051788
0.33815,73.76213927928843,-121.04095793403175,-63.90701318062465,128.83123667277988,-9.855126098663796,-7.790278738748109,141.74542916314863,-58.641946369874134
0.3382,73.76182274788407,-121.04019120343733,-63.9068705463584,128.8308911713382,-9.854952201525668,-7.790699967900865,141.7446097093464,-58.64189434757114
0.33825,73.7615316227672,-121.03952209311679,-63.90676217937416,128.830642104998,-9.854769443393055,-7.791120011881159,141.7438868377278,-58.641854089511796
0.3383,73.76126956729107,-121.03894957161279,-63.90669169212182,128.83048810909943,-9.854577875169264,-7.791538537486618,141.74326157379758,-58.641824114481025
0.33835000000000004,73.76104020581396,-121.03847247543271,-63.90666264556283,128.83042768917906,-9.854377560251127,-7.791955213746349,141.7427348100416,-58.641802926880445
0.33840000000000003,73.76084711479477,-121.03808950224857,-63.90667854029451,128.83045921450392,-9.854168574500287,-7.792369712255294,141.74230729548063,-58.64178901838077
0.33845000000000003,73.76069381853,-121.03779921484282,-63.90674281242794,128.830580922558,-9.853951006102083,-7.792781707715147,141.7419796368159,-58.64178087023315
0.3385,73.76058378692646,-121.03760004840143,-63.906858831503776,128.83079092682843,-9.853724955422706,-7.7931908784269615,141.7417523034938,-58.64177695558222
0.33855,73.7605204254879,-121.0374903031672,-63.90702989055815,128.83108720979828,-9.853490534929765,-7.793596906631024,141.74162561621802,-58.64177574138764
0.3386,73.76050707513721,-121.0374681555112,-63.90725920618127,128.83146763460982,-9.853247868955963,-7.793999479098577,141.74159975630923,-58.64177569082508
0.33865,73.76054700582881,-121.03753165733774,-63.90754991226164,128.8319299448326,-9.852997093567181,-7.7943982874948485,141.74167476187134,-58.641775265376815
0.3387,73.76064340944087,-121.0376787351028,-63.90790505305597,128.83247176389926,-9.852738356384918,-7.794793028796438,141.7418505232546,-58.64177292708968
0.33875,73.76079940065074,-121.03790720125821,-63.908327584346985,128.83309060709294,-9.852471816303765,-7.795183405834714,141.74212679328414,-58.641767140691066
0.3388,73.7610180069204,-121.03821474870477,-63.908820363564224,128.83378387628397,-9.852197643356169,-7.795569127579186,141.74250317731378,-58.641756375889834
0.33885000000000004,73.76130216690042,-121.03859895836534,-63.9093861484869,128.83454886800442,-9.851916018413535,-7.795949909639039,141.74297913886525,-58.6417391095308
0.33890000000000003,73.76165472808181,-121.03905730485951,-63.91002759516432,128.8353827795385,-9.851627132917509,-7.796325474678947,141.74355400325553,-58.64171382760938
0.33895000000000003,73.76207843709751,-121.03958715265237,-63.91074724841515,128.83628270536786,-9.851331188682382,-7.796695552715456,141.7442269492661,-58.64167902781908
0.339,73.76257594237555,-121.04018576838095,-63.911547544863346,128.8372456500068,-9.851028397512215,-7.797059881625799,141.744997021055,-58.6416332212382
0.33905,73.76314978649955,-121.0408503196532,-63.91243080553625,128.8382685270916,-9.850718980963324,-7.797418207438366,141.74586312316228,-58.641574934723145
0.3391,73.76380240148343,-121.04157787804266,-63.91339923145261,128.83934816273782,-9.850403170030845,-7.797770284695129,141.74682402061555,-58.6415027131779
0.33915,73.76453611100438,-121.04236542965833,-63.91445490624929,128.84048130653235,-9.850081204755128,-7.798115876873965,141.74787834912598,-58.64141512101437
0.3392,73.76535311980037,-121.04320987127706,-63.91559978582516,128.84166462789662,-9.849753333975205,-7.798454756619555,141.7490246062768,-58.64131074500556
0.33925,73.76625551546695,-121.04410802025893,-63.91683570057036,128.84289472641115,-9.849419814896578,-7.798786706152217,141.750261160935,-58.64118819575733
0.3393,73.76724526570511,-121.04505661901803,-63.91816435295745,128.84416813657037,-9.849080912747668,-7.799111517552306,141.75158625564643,-58.6410461096042
0.33935000000000004,73.76832421009435,-121.04605233448456,-63.919587309643205,128.84548132749407,-9.848736900451147,-7.79942899300946,141.752998001906,-58.640883151340276
0.33940000000000003,73.76949406533812,-121.04709177029311,-63.92110600720253,128.84683071549287,-9.84838805813558,-7.799738945199758,141.75449439330563,-58.64069801497617
0.33945000000000003,73.77075641672904,-121.04817146591428,-63.922721743889745,128.84821266337013,-9.848034672839308,-7.800041197455825,141.75607330036252,-58.64048942650465
0.3395,73.77211271683173,-121.04928790258326,-63.92443567877823,128.849623486648,-9.84767703805353,-7.800335584064707,141.75773247490739,-58.640256145603935
0.33955,73.77356428830407,-121.05043751232937,-63.926248835035835,128.85105946286097,-9.847315453268259,-7.8006219505316,141.75946955927455,-58.63999696656377
0.3396,73.77511231383303,-121.05161667636344,-63.9281620901798,128.8525168300764,-9.846950223653252,-7.800900153712961,141.7612820796987,-58.63971072141923
0.33965,73.77675784150118,-121.05282173590449,-63.93017618199756,128.8539917980209,-9.846581659503654,-7.8011700621164115,141.76316745836408,-58.639396280374186
0.3397,73.77850178125915,-121.0540489956484,-63.9322917053945,128.8554805516831,-9.846210075864606,-7.80143155603472,141.76512301454156,-58.63905255374572
0.33975,73.78034489948357,-121.05529472614361,-63.93450910737329,128.8569792538431,-9.845835792110282,-7.8016845276994555,141.767145963796,-58.63867849433815
0.3398,73.7822878260658,-121.05655517480187,-63.9368286946844,128.85848405631037,-9.84545913138142,-7.801928881508511,141.7692334310878,-58.638273097307675
0.33985000000000004,73.78433104563263,-121.05782656583868,-63.939250625376935,128.85999109991215,-9.845080420255734,-7.802164534073394,141.77138244616287,-58.63783540317373
0.33990000000000004,73.78647490020833,-121.05910510797563,-63.941774912002316,128.86149652236642,-9.844699988206028,-7.8023914143907875,141.77358995152434,-58.637364498513364
0.33995000000000003,73.7887195918086,-121.06038700158693,-63.944401424697844,128.86299646554036,-9.844318167110718,-7.802609463953405,141.7758528098934,-58.63685951656115
0.34,73.7910651741405,-121.06166843939725,-63.9471298832517,128.8644870761687,-9.843935290888798,-7.802818636771455,141.77816780049318,-58.63631964021125
0.34005,73.7935115612731,-121.06294561694808,-63.949959866380915,128.86596451646201,-9.843551694892223,-7.803018899513878,141.78053163250544,-58.63574410121663
0.3401,73.79605852302141,-121.06421473528039,-63.95289080750721,128.867424966787,-9.843167715514273,-7.803210231506599,141.78294094496448,-58.63513218233544
0.34015,73.7987056832924,-121.0654720054511,-63.95592199357583,128.86886463021375,-9.842783689716562,-7.803392624762618,141.78539230975764,-58.634483218839776
0.3402,73.80145252838895,-121.06671365772004,-63.95905257392836,128.87027974175516,-9.842399954460603,-7.803566084035086,141.78788224379554,-58.63379659757015
0.34025,73.8042983983557,-121.06793594241712,-63.9622815520039,128.87166656916958,-9.842016846351783,-7.803730626752462,141.79040720525046,-58.63307176009057
0.3403,73.80724249379195,-121.06913513805658,-63.96560779272613,128.8730214210951,-9.84163470106579,-7.803886283038518,141.79296360403225,-58.63230820203056
0.34035000000000004,73.81028387786061,-121.07030755686117,-63.96903002496978,128.87434065251887,-9.84125385289084,-7.80403309565765,141.79554780755046,-58.63150547353925
0.34040000000000004,73.81342147043732,-121.07144954716497,-63.97254683611911,128.8756206670954,-9.840874634318205,-7.8041711199304515,141.79815613971903,-58.63066318179432
0.34045000000000003,73.81665405929289,-121.07255750235402,-63.97615668384514,128.8768579260539,-9.840497375447761,-7.804300423699847,141.8007848944079,-58.629780989008744
0.3405,73.81998029489657,-121.07362786335014,-63.97985789126143,128.8780489505422,-9.840122403635144,-7.804421087192001,141.80343033485443,-58.62885861473025
0.34055,73.82339869276208,-121.07465712398842,-63.98364864978439,128.8791903269089,-9.839750042977673,-7.804533202920463,141.8060886994697,-58.62789583614664
0.3406,73.82690764193983,-121.07564183792512,-63.987527028138146,128.8802787134948,-9.839380613801639,-7.804636875569666,141.80875621215017,-58.62689248659272
0.34065,73.830505397514,-121.07657862061562,-63.99149096517913,128.88131084242366,-9.839014432334922,-7.804732221807983,141.81142908005145,-58.62584845853802
0.3407,73.83419009098957,-121.07746415645151,-63.99553828086749,128.88228352661127,-9.838651810122068,-7.804819370159779,141.81410350507872,-58.624763701488305
0.34075,73.83795973123983,-121.0782952028553,-63.99966667759353,128.88319366366034,-9.838293053646296,-7.8048984608050445,141.81677568786412,-58.62363822250348
0.3408,73.84181220192254,-121.07906859374216,-64.00387373798507,128.88403823911233,-9.837938463937466,-7.804969645370166,141.81944182936314,-58.62247208780077
0.34085000000000004,73.84574527409303,-121.0797812460959,-64.00815693807984,128.88481433283647,-9.83758833601319,-7.805033086740534,141.82209814302095,-58.62126541977108
0.34090000000000004,73.84975660075622,-121.08043016254129,-64.01251364215207,128.8855191213412,-9.83724295860415,-7.8050889587998755,141.82474085411533,-58.62001839938365
0.34095000000000003,73.85384372324873,-121.08101243632133,-64.01694110958329,128.88614988251874,-9.836902613665483,-7.805137446197358,141.8273662073108,-58.61873126501636
0.341,73.85800407887638,-121.08152525594515,-64.02143650293364,128.8867040000351,-9.836567575942748,-7.8051787440899165,141.82997047458412,-58.61740431078465
0.34105,73.8622349954114,-121.08196590795941,-64.02599688270568,128.88717896580587,-9.836238112705734,-7.805213057846434,141.83254995470406,-58.6160378890082
0.3411,73.86653370421028,-121.08233178199993,-64.03061922098703,128.88757238477461,-9.835914483223247,-7.805240602774652,141.83510098435275,-58.61463240673611
0.34115,73.8708973396659,-121.0826203738971,-64.03530040118709,128.88788197770225,-9.83559693847884,-7.8052616038050875,141.83761994046833,-58.61318832657665
0.3412,73.87532294045646,-121.08282928915874,-64.04003721962333,128.88810558432846,-9.83528572083316,-7.805276295169682,141.84010324384388,-58.61170616698735
0.34125,73.87980746244237,-121.08295624685475,-64.04482639887102,128.8882411669314,-9.834981063571364,-7.805284920076625,141.84254736913496,-58.61018649863407
0.3413,73.88434777314372,-121.0829990823813,-64.0496645824363,128.88828681273696,-9.834683190707455,-7.805287730355641,141.84494884431663,-58.60862994686719
0.34135000000000004,73.88894066185455,-121.08295575080832,-64.05454834528423,128.88824073691436,-9.834392316570334,-7.805284986106018,141.8473042587813,-58.607037188929354
0.34140000000000004,73.89358284579922,-121.0828243296696,-64.0594742002904,128.8881012849924,-9.834108645508834,-7.805276955322753,141.8496102688993,-58.605408952412304
0.34145000000000003,73.89827096688916,-121.08260302185641,-64.06443859521005,128.88786693537483,-9.833832371679124,-7.805263913518367,141.8518635987707,-58.60374601697744
0.3415,73.90300160640327,-121.08229015790293,-64.06943792776238,128.88753630123082,-9.833563678640903,-7.805246143327852,141.85406104979387,-58.602049209769916
0.34155,73.90777128329316,-121.08188419857274,-64.07446854408317,128.88710813268185,-9.833302739210009,-7.805223934109044,141.85619950196096,-58.600319406543306
0.3416,73.91257645888037,-121.08138373719713,-64.07952674370796,128.8865813187297,-9.833049715172427,-7.805197581532573,141.8582759182707,-58.59855753052961
0.34165,73.91741354875137,-121.0807875010005,-64.08460879175524,128.88595488815292,-9.832804756996156,-7.805167387152387,141.86028735202663,-58.59676454861601
0.3417,73.92227891810656,-121.08009435392698,-64.08971091436055,128.88522801191894,-9.832568003746012,-7.8051336579919495,141.86223094679642,-58.594941473543244
0.34175,73.92716889432539,-121.07930329743613,-64.09482931157035,128.8844000035293,-9.832339582755072,-7.805096706093072,141.86410394360738,-58.593089359742855
0.3418,73.9320797711115,-121.0784134719415,-64.09996016160906,128.8834703200178,-9.832119609502469,-7.805056848076281,141.86590368430473,-58.59120930221394
0.34185000000000004,73.93700780800921,-121.07742415906964,-64.10509962051263,128.88243856377235,-9.831908187496584,-7.805014404702707,141.86762761319747,-58.58930243716947
0.34190000000000004,73.94194924512153,-121.07633478096537,-64.11024383712123,128.8813044813569,-9.8317054080003,-7.804969700391504,141.86927328410664,-58.58736993682237
0.34195000000000003,73.9469003005206,-121.07514490262155,-64.11538895048375,128.88006796540745,-9.83151135003687,-7.804923062785859,141.87083836097514,-58.5854130107754
0.342,73.95185717790255,-121.07385423213476,-64.12053109769307,128.87872905440972,-9.831326080209493,-7.804874822274934,141.87232062204774,-58.583432903444894
0.34205,73.95681607647174,-121.07246261992461,-64.12566642390166,128.87728793143518,-9.831149652570058,-7.804825311510613,141.8737179643295,-58.58143089049913
0.3421,73.96177318759533,-121.0709700612605,-64.13079107893488,128.87574492622937,-9.830982108660448,-7.804774864968894,141.87502840397224,-58.579408280554254
0.34215,73.9667247085508,-121.06937669400139,-64.13590123122859,128.8741005124365,-9.830823477322213,-7.804723818435111,141.87625008148666,-58.57736640997239
0.3422,73.97166684444444,-121.06768279930549,-64.1409930697183,128.87235530785392,-9.83067377472614,-7.804672508548432,141.87738126332448,-58.575306642363245
0.34225,73.97659581042498,-121.06588880240253,-64.14606280604944,128.87051007473357,-9.830533004375535,-7.804621272331096,141.8784203436685,-58.57323036799816
0.3423,73.98150784519282,-121.06399526913292,-64.15110668819531,128.8685657158063,-9.830401156997523,-7.804570446673364,141.8793658485016,-58.571138998441434
0.34235000000000004,73.98639920769047,-121.0620029082488,-64.15612099701247,128.86652327614826,-9.830278210678037,-7.8045203678993795,141.88021643582513,-58.569033968191775
0.34240000000000004,73.99126618692863,-121.05991256880884,-64.16110205611224,128.86438394006706,-9.830164130816367,-7.804471371258221,141.88097089854074,-58.56691673076501
0.34245000000000003,73.99610510930533,-121.057725237982,-64.16604623913489,128.86214902842843,-9.830058870170445,-7.804423790446428,141.88162816637714,-58.56478875572787
0.3425,74.0009123364653,-121.05544204289689,-64.17094996746265,128.85982000006283,-9.829962369002699,-7.804377957165873,141.88218730633665,-58.56265152984392
0.34255,74.0056842790739,-121.05306424517846,-64.17580972402118,128.85739844578058,-9.829874555052722,-7.804334200602115,141.88264752520396,-58.560506551196674
0.3426,74.01041739673188,-121.0505932414907,-64.18062205300204,128.8548860884895,-9.82979534372986,-7.804292846998792,141.88300816995425,-58.55835532935347
0.34265,74.01510820213585,-121.0480305621456,-64.18538356392403,128.85228478132765,-9.829724638211834,-7.804254219182004,141.88326872872648,-58.55619938365976
0.3427,74.01975327234038,-121.04537786553114,-64.19009094281756,128.84959650160243,-9.829662329522854,-7.804218636071256,141.8834288319371,-58.55404023820635
0.34275,74.02434924537044,-121.0426369402587,-64.19474094856922,128.84682335254348,-9.829608296801197,-7.80418641228481,141.88348825233984,-58.55187942347033
0.3428,74.02889283081163,-121.03980969941445,-64.1993304234473,128.84396755704992,-9.82956240736437,-7.8041578576354045,141.88344690564242,-58.54971847147712
0.34285000000000004,74.03338081414321,-121.03689817788394,-64.20385629720286,128.8410314545938,-9.829524516940394,-7.804133276709793,141.88330485048405,-58.54755891376584
0.34290000000000004,74.03781005614626,-121.0339045327939,-64.20831558622756,128.83801750126142,-9.829494469918739,-7.804112968467461,141.88306228850382,-58.54540228170805
0.34295000000000003,74.04217750515195,-121.03083103537975,-64.21270540568825,128.83492826112536,-9.829472099463693,-7.804097225745598,141.88271956379702,-58.543250100596374
0.343,74.04648019520486,-121.02768007182591,-64.21702296734452,128.831766406738,-9.82945722786038,-7.804086334912061,141.88227716267846,-58.54110389047583
0.34305,74.05071525162687,-121.02445413909439,-64.22126558490814,128.82853471452395,-9.829449666718745,-7.804080575429525,141.8817357130342,-58.53896516336927
0.3431,74.05487989912518,-121.02115583828575,-64.22543068191968,128.82523605771183,-9.829449217205529,-7.8040802194260435,141.88109598289867,-58.536835419106104
0.34315,74.05897145867753,-121.0177878763595,-64.22951578825256,128.82187340774445,-9.829455670424958,-7.804085531384957,141.88035888030717,-58.53471614677814
0.3432,74.06298735763244,-121.01435305738943,-64.2335185500202,128.81844982507823,-9.829468807612225,-7.804096767688792,141.8795254511211,-58.53260881943706
0.34325,74.06692513111953,-121.01085428025485,-64.23743673062182,128.8149684565475,-9.829488400497711,-7.8041141762926305,141.87859687780937,-58.530514893141074
0.3433,74.07078242271366,-121.0072945371149,-64.24126821105924,128.81143253351158,-9.829514211654446,-7.804137996396653,141.8775744785097,-58.528435806422955
0.34335000000000004,74.07455699408564,-121.00367690348507,-64.24501099933084,128.8078453615167,-9.82954599475479,-7.804168458031637,141.8764597036205,-58.52637297489132
0.34340000000000004,74.07824672184289,-121.00000453964282,-64.24866322682927,128.80421032145614,-9.829583495013589,-7.804205781813347,141.87525413536994,-58.524327792631844
0.34345000000000003,74.08184960356365,-120.99628068343048,-64.25222315406889,128.80053086201426,-9.829626449494818,-7.8042501785837555,141.8739594848488,-58.522301628627076
0.3435,74.08536376247397,-120.99250864362813,-64.25568917499487,128.7968104927243,-9.829674587479099,-7.804301849096173,141.8725775888227,-58.52029582376269
0.34355,74.08878744460745,-120.98869180104946,-64.25905981369829,128.79305278484716,-9.829727630909128,-7.804360983797719,141.87111040920755,-58.51831169205034
0.3436,74.0921190273788,-120.98483359725365,-64.26233373267442,128.78926135972384,-9.829785294704392,-7.804427762470145,141.8695600279441,-58.51635051530657
0.34365,74.09535701851696,-120.98093753323634,-64.26550973128933,128.78543988727571,-9.829847287227667,-7.804502354039351,141.86792864535073,-58.514413543255245
0.3437,74.09850005720315,-120.97700716579781,-64.26858674651474,128.78159208212386,-9.82991331068841,-7.8045849163260375,141.8662185776474,-58.51250199237945
0.34375,74.10154692059369,-120.97304609683795,-64.27156385907033,128.77772169260408,-9.82998306152339,-7.804675595766121,141.864432251261,-58.5106170414255
0.3438,74.10449651998576,-120.96905797518438,-64.27444028908336,128.7738325024822,-9.830056230902427,-7.804774527297804,141.8625722024104,-58.508759833116315
0.34385,74.10734790595441,-120.96504648688781,-64.27721540085145,128.76992832097076,-9.83013250510294,-7.80488183408298,141.8606410715428,-58.506931470340824
0.34390000000000004,74.11010026986774,-120.96101534955297,-64.27988870389171,128.76601297691337,-9.830211565976054,-7.804997627360378,141.85864159932112,-58.50513301444059
0.34395000000000003,74.11275294139844,-120.9569683123113,-64.28245984996295,128.76209031864866,-9.830293091435477,-7.805122006337349,141.85657662533043,-58.50336548606418
0.34400000000000003,74.11530539450305,-120.9529091431295,-64.28492863865908,128.7581642010739,-9.83037675584398,-7.805255057944404,141.85444908040986,-58.50162986043191
0.34405,74.11775724447038,-120.94884162894334,-64.28729501392739,128.75423848575653,-9.830462230543022,-7.8053968568131475,141.85226198525513,-58.49992706838072
0.3441,74.12010824898059,-120.94476956968066,-64.28955906468546,128.75031703481002,-9.83054918429513,-7.805547465129323,141.85001844590556,-58.49825799473741
0.34415,74.12235831119202,-120.94069676813137,-64.29172102746412,128.74640370063153,-9.830637283727867,-7.805706932500144,141.8477216467499,-58.49662347511516
0.3442,74.12450747553592,-120.93662703208877,-64.29378128166711,128.74250232807728,-9.830726193868824,-7.8058752959885,141.8453748501844,-58.49502429781021
0.34425,74.12655593122908,-120.93256416260392,-64.29574035266567,128.7386167425582,-9.830815578563444,-7.806052579954268,141.8429813884633,-58.49346120010814
0.3443,74.12850401097582,-120.92851195026947,-64.29759890999702,128.73475074633586,-9.830905100978802,-7.806238796066377,141.8405446598811,-58.49193486794013
0.34435,74.13035218863996,-120.92447417374615,-64.29935776453912,128.73090811707078,-9.83099442410081,-7.806433943324637,141.83806812632776,-58.49044593636653
0.34440000000000004,74.13210108215186,-120.92045458686408,-64.3010178709869,128.72709259482443,-9.831083211164993,-7.806638007960332,141.83555530383853,-58.48899498584406
0.34445000000000003,74.13375144929336,-120.91645692042762,-64.30258032310712,128.72330788399137,-9.831171126186229,-7.806850963563735,141.83300976195645,-58.487582544048934
0.34450000000000003,74.13530418799884,-120.91248487403068,-64.30404635358852,128.71955764509391,-9.831257834410252,-7.8070727710632175,141.83043511693748,-58.48620908403454
0.34455,74.13676033621533,-120.90854210773784,-64.30541733343297,128.71584548649872,-9.831343002782384,-7.807303378760865,141.8278350246102,-58.484875022511574
0.3446,74.13812106757204,-120.90463224431976,-64.30669476711779,128.71217496681115,-9.831426300454288,-7.807542722491337,141.82521318004137,-58.483580721798944
0.34465,74.13938769265076,-120.90075885628052,-64.30788029343606,128.708549581889,-9.83150739921476,-7.807790725608422,141.82257330716317,-58.482326486633696
0.3447,74.14056165563446,-120.89692546468058,-64.30897568165126,128.70497276384575,-9.831585973983213,-7.808047299165119,141.81991915603908,-58.48111256506258
0.34475,74.14164453166518,-120.89313553630585,-64.30998282839435,128.7014478783445,-9.831661703270827,-7.808312342038621,141.8172544990891,-58.47993914873957
0.3448,74.14263802672518,-120.88939247165123,-64.31090375711017,128.69797821265436,-9.831734269614982,-7.808585741003084,141.8145831208022,-58.47880637041371
0.34485,74.14354397281807,-120.88569960824059,-64.31174061275257,128.69456697924096,-9.831803360065509,-7.808867371000347,141.8119088180643,-58.47771430627432
0.34490000000000004,74.14436432679804,-120.8820602110296,-64.3124956601975,128.69121730625648,-9.831868666600553,-7.809157095226851,141.80923539138044,-58.47666297431109
0.34495000000000003,74.14510116767741,-120.87847746671949,-64.31317128110223,128.68793223206862,-9.831929886575168,-7.809454765349085,141.80656663863394,-58.47565233402391
0.34500000000000003,74.14575669233906,-120.87495448559763,-64.3137699691764,128.6847147073777,-9.831986723162634,-7.8097602217800475,141.80390635442606,-58.47468228827189
0.34505,74.14633321411794,-120.87149428880674,-64.3142943283644,128.681567582594,-9.832038885753553,-7.810073293787215,141.80125831849327,-58.47375268105597
0.3451,74.14683315833543,-120.86809980983078,-64.31474706794485,128.67849360967273,-9.832086090390565,-7.810393799841884,141.79862629464805,-58.47286329935414
0.34515,74.14725905900649,-120.86477389020344,-64.31513099884246,128.67549543804785,-9.832128060164063,-7.810721547844425,141.79601402540703,-58.4720138733325
0.3452,74.147613555965,-120.86151926982923,-64.3154490303656,128.67257560516597,-9.832164525599424,-7.811056335336754,141.79342522224374,-58.47120407527405
0.34525,74.14789939005865,-120.85833859143398,-64.31570416500412,128.66973654134617,-9.832195225054544,-7.811397949912194,141.7908635668743,-58.47043352215789
0.3453,74.14811940003653,-120.8552343902528,-64.31589949495736,128.66698055965554,-9.832219905079183,-7.811746169402808,141.78833270084326,-58.46970177453671
0.34535,74.14827651826857,-120.85220909167082,-64.31603819748683,128.6643098539106,-9.832238320781743,-7.812100762239743,141.78583622127613,-58.469008337497264
0.34540000000000004,74.14837376635296,-120.84926501247952,-64.31612353017442,128.66172650030992,-9.83225023617858,-7.812461487830359,141.78337767965357,-58.46835266242416
0.34545000000000003,74.14841425120642,-120.84640434945383,-64.3161588266813,128.6592324462441,-9.832255424525126,-7.812828096790222,141.78096057002932,-58.467734145918335
0.34550000000000003,74.1484011603548,-120.84362918342897,-64.31614749171274,128.65682951483805,-9.832253668642041,-7.813200331409071,141.77858833004012,-58.46715213226734
0.34555,74.14833775754475,-120.84094147391514,-64.31609299632242,128.65451939988046,-9.832244761222332,-7.813577925965251,141.7762643340172,-58.46660591380596
0.3456,74.14822737796177,-120.83834305264301,-64.31599887283318,128.65230365971354,-9.832228505128613,-7.8139606070705465,141.77399188497924,-58.46609473118728
0.34565,74.1480734237392,-120.83583562876927,-64.3158687100703,128.65018372292684,-9.832204713668924,-7.814348094157521,141.77177421671485,-58.465617776018775
0.3457,74.14787935881348,-120.83342077871141,-64.31570614794535,128.64816087847834,-9.832173210868161,-7.814740099766873,141.76961448242105,-58.4651741904757
0.34575,74.14764870410384,-120.83109994734876,-64.31551487238906,128.64623627737413,-9.832133831714808,-7.815136330025389,141.76751575319847,-58.4647630692061
0.3458,74.14738503285135,-120.82887444867633,-64.31529861045843,128.64441093374734,-9.832086422392951,-7.815536485070977,141.76548101616237,-58.46438346106637
0.34585,74.14709196472427,-120.82674545660194,-64.31506112421293,128.6426857160024,-9.832030840511358,-7.815940259400437,141.76351316350676,-58.46403436919922
0.34590000000000004,74.14677316160282,-120.82471401120065,-64.31480620631154,128.64106135361573,-9.83196695529128,-7.816347342415018,141.76161499562076,-58.46371475380162
0.34595000000000004,74.14643232186663,-120.82278101299238,-64.31453767410206,128.63953843176847,-9.831894647764592,-7.816757418776139,141.75978921321328,-58.46342353287793
0.34600000000000003,74.14607317477194,-120.82094722002569,-64.31425936383015,128.6381173888936,-9.831813810941812,-7.817170168867868,141.75803841187584,-58.463159583556326
0.34605,74.14569947636335,-120.81921325334298,-64.31397512641229,128.6367985226632,-9.831724349951076,-7.817585269320175,141.75636508459138,-58.46292174464951
0.3461,74.14531500260905,-120.81757958818308,-64.3136888204135,128.63558198153663,-9.831626182195565,-7.8180023933535265,141.75477161063424,-58.46270881715802
0.34615,74.14492354501903,-120.81604655837255,-64.31340430756808,128.63446776971549,-9.83151923745094,-7.818421211342932,141.75326025700983,-58.462519566707165
0.3462,74.1445289054696,-120.81461435630295,-64.31312544749912,128.63345574756167,-9.831403457970488,-7.818841391258677,141.7518331757167,-58.4623527253256
0.34625,74.14413488928743,-120.81328302697793,-64.31285609070477,128.63254562605846,-9.831278798582666,-7.819262599080497,141.75049239504435,-58.46220699257059
0.3463,74.14374530196147,-120.81205247576,-64.31260007523596,128.6317369751431,-9.831145226725544,-7.819684499383011,141.74923982444466,-58.462081038301044
0.34635,74.14336394213257,-120.81092246277899,-64.3123612196115,128.63102921849264,-9.831002722521072,-7.820106755713627,141.74807724608868,-58.461973503913754
0.34640000000000004,74.14299459626747,-120.80989260387622,-64.31214331747306,128.63042163498025,-9.830851278794405,-7.820529031104052,141.7470063128751,-58.46188300438222
0.34645000000000004,74.14264103494483,-120.80896237590115,-64.31195013387836,128.62991336450068,-9.83069090106648,-7.820950988599521,141.7460285509918,-58.46180813066126
0.34650000000000003,74.14230700482877,-120.80813110998619,-64.31178539724625,128.62950340162183,-9.830521607582526,-7.821372291635605,141.74514534997627,-58.46174745103632
0.34655,74.14199622558397,-120.80739799867253,-64.3116527963333,128.62919060328696,-9.830343429250696,-7.821792604614371,141.7443579671663,-58.46169951369988
0.3466,74.14171238406549,-120.80676209542511,-64.31155597445283,128.62897368876568,-9.830156409612666,-7.8222115933405165,141.74366752423944,-58.46166284865814
0.34665,74.14145912740726,-120.80622231227753,-64.31149852261046,128.6288512377418,-9.829960604796826,-7.8226289254641985,141.74307500158312,-58.46163596962257
0.3467,74.14124006096289,-120.8057774283744,-64.31148397756233,128.6288216994129,-9.82975608340057,-7.823044271038496,141.74258124449148,-58.46161737653433
0.34675,74.14105874021732,-120.80542608519879,-64.31151581378363,128.6288833880976,-9.829542926433707,-7.823457302898756,141.74218695486107,-58.46160555735123
0.3468,74.14091866681757,-120.80516679104223,-64.311597439636,128.6290344882186,-9.829321227181577,-7.823867697176311,141.74189269291978,-58.46159899037025
0.34685,74.14082328516218,-120.80499792585888,-64.31173219410115,128.6292730596355,-9.829091091061033,-7.82427513377659,141.74169887957606,-58.46159614643914
0.34690000000000004,74.14077597395143,-120.80491773715714,-64.31192333843931,128.62959703391752,-9.828852635512114,-7.824679296760384,141.74160578849444,-58.46159549100938
0.34695000000000004,74.14078004504239,-120.80492434903344,-64.31217405526436,128.63000422392022,-9.828605989778032,-7.82507987488676,141.7416135531942,-58.46159548645164
0.34700000000000003,74.14083873701271,-120.80501576168439,-64.31248744225412,128.63049232367462,-9.828351294758605,-7.825476561990194,141.74172216326616,-58.461594594180724
0.34705,74.14095520928372,-120.80518985245662,-64.31286650647391,128.63105890987637,-9.828088702809826,-7.825869057419727,141.7419314621933,-58.461591276913374
0.3471,74.14113254133703,-120.80544438447775,-64.31331416385108,128.63170145100563,-9.827818377485961,-7.826257066527843,141.74224115429828,-58.46158400077381
0.34715,74.14137372409763,-120.80577700351171,-64.31383323072731,128.6324173045073,-9.827540493370337,-7.826640300995542,141.74265079755816,-58.46157123760837
0.3472,74.14168165815231,-120.80618524500098,-64.31442642237639,128.63320372431846,-9.827255235775942,-7.82701847931746,141.7431598086775,-58.46155146709877
0.34725,74.14205915035184,-120.80666653836309,-64.31509634986253,128.63405786555202,-9.826962800489344,-7.827391327188897,141.7437674649772,-58.461523178851415
0.3473,74.14250890612858,-120.80721820592215,-64.3158455125926,128.63497678376257,-9.826663393535979,-7.827758577840411,141.74447289947022,-58.46148487482796
0.34735,74.14303353042574,-120.80783747276988,-64.31667629961193,128.63595744528013,-9.826357230813823,-7.828119972510204,141.74527510975813,-58.461435071119574
0.34740000000000004,74.14363552069752,-120.80852146658319,-64.3175909828485,128.63699672731684,-9.826044537849004,-7.828475260733642,141.746172954221,-58.461372300328804
0.34745000000000004,74.1443172632814,-120.80926722178076,-64.31859171382287,128.63809142250247,-9.825725549458543,-7.828824200721662,141.74716515366987,-58.4612951137063
0.34750000000000003,74.14508103355197,-120.81007168762883,-64.31968052417562,128.63923824737688,-9.825400509376339,-7.829166559748008,141.74825029834412,-58.46120208281934
0.34755,74.14592898748425,-120.81093172694409,-64.32085931750336,128.64043384134334,-9.8250696699809,-7.829502114399224,141.74942684240176,-58.461091802190765
0.3476,74.14686316264758,-120.81184412489239,-64.32212987077897,128.64167477585775,-9.824733291868656,-7.829830650965305,141.75069311194807,-58.46096289082296
0.34765,74.14788547463151,-120.81280559276153,-64.32349383112407,128.64295755847803,-9.824391643507445,-7.830151965716474,141.75204730639155,-58.4608139942319
0.3477,74.14899771114226,-120.81381276961987,-64.32495271025593,128.64427863478446,-9.82404500088636,-7.830465865164563,141.75348749677994,-58.46064378683583
0.34775,74.15020153488676,-120.81486223220679,-64.32650788783367,128.64563439860962,-9.82369364705311,-7.830772166402799,141.75501163574936,-58.46045097305614
0.3478,74.15149847641504,-120.81595049536774,-64.32816060463222,128.6470211926686,-9.82333787178285,-7.831070697300804,141.75661755416192,-58.46023428987726
0.34785,74.15288993345047,-120.81707401845597,-64.3299119623207,128.64843531523897,-9.82297797112979,-7.831361296782983,141.75830296622308,-58.459992508432194
0.34790000000000004,74.1543771716328,-120.81822921256317,-64.33176292464431,128.64987302763316,-9.82261424698849,-7.831643815069945,141.76006547604382,-58.459724435275405
0.34795000000000004,74.15596131711288,-120.81941244110868,-64.33371431038574,128.65133055495144,-9.822247006727144,-7.831918113842715,141.76190257428078,-58.459428915057494
0.34800000000000003,74.15764336040762,-120.82062002934356,-64.33576679773347,128.65280409584176,-9.821876562674147,-7.832184066498193,141.7638116482638,-58.45910483120463
0.34805,74.15942415270372,-120.82184826772387,-64.33792092097978,128.65428982601466,-9.821503231723955,-7.832441558290747,141.76578998294866,-58.458751107901975
0.3481,74.16130440244518,-120.82309341572329,-64.34017706755445,128.6557839022178,-9.821127334890722,-7.832690486494467,141.76783476239146,-58.45836671207097
0.34815,74.1632846798799,-120.82435171095686,-64.34253548308902,128.65728247154587,-9.820749196790869,-7.832930760589007,141.7699430799135,-58.457950653726996
0.3482,74.16536541032093,-120.82561937053269,-64.34499626505196,128.65878167286417,-9.82036914526902,-7.833162302331401,141.77211193573746,-58.45750198857996
0.34825,74.16754687663617,-120.82689259854729,-64.3475593657712,128.6602776444572,-9.819987510865028,-7.833385045909883,141.77433824468696,-58.45701981875404
0.3483,74.16982922029852,-120.8281675922111,-64.35022459394906,128.6617665302443,-9.819604626349474,-7.833598938033206,141.77661884196456,-58.45650329371265
0.34835,74.17221243588213,-120.82944054426365,-64.35299160956988,128.6632444822345,-9.8192208263123,-7.833803937970791,141.77895048233842,-58.45595161265527
0.34840000000000004,74.17469637744408,-120.83070765195599,-64.3558599308538,128.6647076696208,-9.818836446590302,-7.834000017664804,141.7813298511425,-58.45536402420822
0.34845000000000004,74.17728075470933,-120.83196512020257,-64.35882893084352,128.66615228193118,-9.818451823865828,-7.834187161728571,141.7837535649724,-58.45473982839381
0.34850000000000003,74.17996513292334,-120.833209166844,-64.36189783774786,128.66757453431953,-9.818067295175513,-7.834365367475484,141.78621817609778,-58.45407837778157
0.34855,74.18274893840348,-120.83443603031425,-64.36506574103207,128.66897067526588,-9.817683197371428,-7.834534644951583,141.78872018190415,-58.453379077184564
0.3486,74.18563145265264,-120.83564197190987,-64.36833158591222,128.67033698878458,-9.817299866740463,-7.8346950168747,141.79125602374918,-58.452641386152706
0.34865,74.18861181823335,-120.83682328331848,-64.37169417979075,128.6716698019589,-9.816917638442636,-7.834846518640366,141.79382209645263,-58.451864818527355
0.3487,74.19168903964265,-120.83797629162086,-64.37515219358524,128.67296548988162,-9.81653684605742,-7.834989198260727,141.7964147530161,-58.45104894318266
0.34875,74.19486198033563,-120.83909736288851,-64.37870415917838,128.67422047916583,-9.816157821157253,-7.835123116277262,141.79903030612974,-58.450193385795814
0.3488,74.19812937114618,-120.84018290986391,-64.38234847840178,128.67543125557384,-9.815780892744375,-7.83524834570991,141.80166503911974,-58.44929782755543
0.34885,74.20148980652338,-120.84122939503548,-64.38608341965534,128.6765943669575,-9.815406386868048,-7.835364971921973,141.8043152065944,-58.44836200709147
0.34890000000000004,74.20494174783425,-120.84223333623723,-64.38990712170744,128.6777064287472,-9.815034626126783,-7.835473092509965,141.80697704093785,-58.44738572050554
0.34895000000000004,74.20848352928296,-120.84319131262556,-64.39381760010751,128.6787641298023,-9.814665929175435,-7.835572817176704,141.8096467604926,-58.44636882057995
0.34900000000000003,74.21211335346919,-120.8440999676316,-64.39781274311322,128.67976423518056,-9.814300610355968,-7.835664267548943,141.81232056974142,-58.445311218914604
0.34905,74.21582930017436,-120.84495601544965,-64.40189032101632,128.68070359248102,-9.813938979158047,-7.835747577031394,141.81499466942338,-58.44421288425712
0.3491,74.2196293268453,-120.84575624505074,-64.40604798701226,128.68157913565227,-9.813581339833027,-7.83582289060153,141.81766526019433,-58.4430738431685
0.34915,74.22351126852236,-120.84649752417131,-64.41028327754864,128.6823878887728,-9.813227990973727,-7.835890364601466,141.82032854597398,-58.4418941808749
0.3492,74.22747284748984,-120.84717680510332,-64.41459362247477,128.68312697163432,-9.812879225015088,-7.83595016653099,141.8229807439145,-58.4406740391535
0.34925,74.23151166992926,-120.84779112773694,-64.41897634201203,128.68379360252686,-9.81253532791723,-7.836002474789876,141.8256180852246,-58.43941361811256
0.3493,74.2356252323935,-120.8483376243844,-64.42342865370571,128.68438510282272,-9.812196578687798,-7.836047478438321,141.82823682264961,-58.43811317496738
0.34935,74.23981092742395,-120.84881352408834,-64.42794767843651,128.68489890101276,-9.811863248987427,-7.83608537692435,141.83083323706285,-58.43677302300324
0.34940000000000004,74.24406604120945,-120.84921615579202,-64.43253043839637,128.68533253558607,-9.81153560281309,-7.836116379794028,141.83340363892003,-58.43539353303765
0.34945000000000004,74.24838776425143,-120.8495429529531,-64.43717386823259,128.68568365935647,-9.811213896018849,-7.836140706403309,141.83594437775037,-58.43397513071171
0.34950000000000003,74.25277319142859,-120.84979145672894,-64.44187481539755,128.6859500423272,-9.810898376031032,-7.83615858559821,141.83845184488095,-58.432518297129086
0.34955,74.25721932508027,-120.84995931949122,-64.44663004359387,128.68612957488367,-9.810589281486411,-7.836170255392443,141.84092247802027,-58.43102356852647
0.3496,74.26172308475856,-120.8500443084273,-64.45143624293024,128.68622027105678,-9.810286841828317,-7.8361759626294,141.84335276940615,-58.4294915336682
0.34965,74.26628130462404,-120.85004430842858,-64.45629002754208,128.6862202710578,-9.809991277081952,-7.8361759626292375,141.84573926687645,-58.427922835343956
0.3497,74.27089074266154,-120.84995732527209,-64.46118794520225,128.68612784409947,-9.809702797459277,-7.836170518827375,141.8480785813768,-58.426318167861524
0.34975,74.27554808540111,-120.84978148835702,-64.46612648232282,128.68594139075472,-9.80942160307829,-7.836159902397696,141.8503673917356,-58.42467827599364
0.3498,74.28024994776806,-120.849515053526,-64.4711020640359,128.68565944539597,-9.809147883732146,-7.8361443918699,141.85260244696008,-58.423003955620295
0.34985,74.28499288487065,-120.8491564052819,-64.47611106634601,128.68528067801083,-9.808881818524664,-7.836124272728845,141.85478057426747,-58.42129605013632
0.34990000000000004,74.28977339158364,-120.84870405931433,-64.48114981588489,128.68480389632768,-9.808623575698745,-7.836099837013325,141.85689868098973,-58.419555451125746
0.34995000000000004,74.29458790836185,-120.8481566646549,-64.48621459599397,128.68422804755411,-9.808373312367898,-7.836071382899181,141.8589537594236,-58.41778309681488
0.35000000000000003,74.29943283037872,-120.84751300513341,-64.49130165612344,128.6835522194032,-9.808131174255282,-7.836039214269767,141.86094289282673,-58.41597996923521
0.35005000000000003,74.30430450587257,-120.84677200189307,-64.49640721030268,128.68277564218772,-9.80789729556989,-7.836003640294622,141.86286325666404,-58.41414709532488
0.3501,74.30919924717197,-120.84593271420981,-64.50152744844279,128.6818976891878,-9.807671798729208,-7.835964974978004,141.86471212504972,-58.412285543310524
0.35015,74.31411333421865,-120.84499434098582,-64.50665853998855,128.68091787770467,-9.807454794230088,-7.835923536718847,141.86648687383496,-58.4103964218145
0.3502,74.31904301656755,-120.843956222549,-64.51179663605663,128.67983587041087,-9.807246380510916,-7.835879647861865,141.86818498315878,-58.408480879552044
0.35025,74.32398452518485,-120.84281784032923,-64.51693788144728,128.67865147455237,-9.807046643737598,-7.835833634223098,141.86980404332314,-58.40654010121
0.3503,74.32893407171501,-120.84157881882442,-64.5220784139433,128.67736464347212,-9.806855657771726,-7.835785824647696,141.87134175605553,-58.40457530812232
0.35035,74.3338878563244,-120.84023892567588,-64.5272143723178,128.6759754762033,-9.806673484006588,-7.835736550527361,141.8727959386543,-58.40258775559643
0.3504,74.33884207552764,-120.83879807129125,-64.53234190425451,128.67448421661837,-9.806500171273154,-7.835686145327098,141.87416452774107,-58.4005787301512
0.35045000000000004,74.34379292169032,-120.837256310616,-64.53745716584854,128.67289125474656,-9.806335755841797,-7.8356349441305255,141.8754455804833,-58.39854955007418
0.35050000000000003,74.3487365946482,-120.83561384127984,-64.54255633337539,128.6711971244157,-9.806180261272823,-7.835583283135804,141.87663727907875,-58.396501561045
0.35055000000000003,74.35366930389758,-120.83387100422807,-64.54763560544484,128.66940250342537,-9.806033698452715,-7.835531499197286,141.8777379324177,-58.39443613552932
0.3506,74.35858727255825,-120.83202828381555,-64.55269120698205,128.66750821316205,-9.805896065576212,-7.835479929346465,141.87874597821713,-58.3923546714503
0.35065,74.36348674799478,-120.83008630520129,-64.5577193999104,128.66551521549098,-9.805767348084407,-7.835428910289667,141.87965998634755,-58.39025858799985
0.3507,74.36836400092298,-120.82804583577911,-64.562716482144,128.6634246137426,-9.805647518778992,-7.835378777963481,141.88047865956372,-58.38814932626555
0.35075,74.37321533459898,-120.82590778262919,-64.56767879680869,128.66123764966034,-9.805536537790314,-7.8353298670310725,141.88120083613276,-58.38602834554846
0.3508,74.378037090592,-120.82367319090592,-64.57260273794796,128.65895570131391,-9.805434352644046,-7.83528251040796,141.8818254914713,-58.38389712105508
0.35085,74.38282564941736,-120.8213432444392,-64.57748475102761,128.65658028325194,-9.805340898389755,-7.835237038812698,141.88235173897496,-58.38175714382605
0.3509,74.38757744177707,-120.81891926122913,-64.58232134416959,128.65411304148677,-9.805256097607506,-7.8351937802576055,141.88277883206186,-58.37960991593679
0.35095000000000004,74.39228894931637,-120.81640269359606,-64.58710908872733,128.65155575321126,-9.80517986058906,-7.8351530596151004,141.88310616468664,-58.37745695028942
0.35100000000000003,74.39695670992664,-120.81379512607323,-64.59184462448235,128.64891032422068,-9.80511208544431,-7.835115198147437,141.8833332723174,-58.375299768363966
0.35105000000000003,74.40157732645856,-120.81109827104457,-64.5965246682491,128.6461787840726,-9.805052658209485,-7.835080513028,141.88345983278313,-58.37313989631984
0.3511,74.4061474657773,-120.80831396954926,-64.60114601269467,128.6433632864797,-9.805001453082662,-7.835049316930388,141.88348566645868,-58.37097886551255
0.35115,74.41066386815658,-120.80544418601517,-64.60570553562512,128.64046610356067,-9.804958332531454,-7.835021917545513,141.88341073670384,-58.36881820817009
0.3512,74.41512335084124,-120.80249100600446,-64.6102002033196,128.63748962316424,-9.80492314752164,-7.834998617159748,141.88323514981153,-58.366659455712345
0.35125,74.41952280957645,-120.79945663525169,-64.61462707182584,128.63443634749302,-9.804895737750629,-7.834979712241299,141.882959154992,-58.364504138043266
0.3513,74.42385922839141,-120.79634339294293,-64.61898329658085,128.63130888591888,-9.804875931810546,-7.8349654929759405,141.8825831437855,-58.36235377878525
0.35135,74.42812967909487,-120.79315371166254,-64.62326613158767,128.6281099545653,-9.804863547507201,-7.83495624290273,141.88210764975793,-58.360209895462646
0.3514,74.43233132711617,-120.78989013284881,-64.62747293504323,128.6248423713312,-9.80485839207299,-7.834952238482323,141.88153334770277,-58.358073996552086
0.35145000000000004,74.4364614377537,-120.786555301411,-64.63160117531962,128.62150905010466,-9.804860262434092,-7.834953748693633,141.88086105234567,-58.3559475782146
0.35150000000000003,74.44051737529283,-120.78315196571809,-64.63564842973736,128.61811300041595,-9.804868945555503,-7.834961034697803,141.88009171788346,-58.353832124616595
0.35155000000000003,74.44449661144974,-120.7796829699458,-64.63961239277891,128.61465731935257,-9.804884218670821,-7.834974349406774,141.87922643591193,-58.35172910342515
0.3516,74.44839672682339,-120.77615125171816,-64.64349087717613,128.6111451888821,-9.804905849647271,-7.834993937163902,141.87826643419487,-58.349639964828015
0.35165,74.45221541291431,-120.77255983928828,-64.64728181559481,128.60757987268883,-9.804933597319524,-7.835020033400525,141.8772130753401,-58.34756614026028
0.3517,74.4559504795099,-120.76891184345016,-64.65098326772865,128.60396470770183,-9.804967211781241,-7.83505286425165,141.87606785380774,-58.345509038168885
0.35175,74.45959985326517,-120.76521045735639,-64.65459341845543,128.60030310365914,-9.805006434809746,-7.835092646302706,141.87483239503032,-58.34347004447804
0.3518,74.46316158322102,-120.76145894956919,-64.65811058303625,128.59659853580126,-9.805051000184797,-7.835139586232012,141.87350845241465,-58.34145051923498
0.35185,74.46663384426633,-120.75766065858389,-64.66153321019571,128.5928545391036,-9.80510063407063,-7.835193880519674,141.87209790452007,-58.339451794273245
0.3519,74.4700149362712,-120.7538189918162,-64.6648598808256,128.5890747070296,-9.805155055445613,-7.835255715213379,141.87060275376564,-58.33747517330907
0.35195000000000004,74.47330329080228,-120.74993741605847,-64.66808931435929,128.58526268165397,-9.80521397644301,-7.835325265595449,141.86902512185617,-58.3355219276219
0.35200000000000004,74.47649747053883,-120.74601945565084,-64.67122036773334,128.5814221516385,-9.80527710280549,-7.83540269598762,141.86736724794602,-58.33359329587804
0.35205000000000003,74.4795961712215,-120.74206868771553,-64.67425203692576,128.57755684722167,-9.805344134295746,-7.8354881595061325,141.86563148563238,-58.33169048245994
0.3521,74.48259822632279,-120.7380887335154,-64.67718346123003,128.57367053132157,-9.805414765092776,-7.835581797806134,141.86382029808044,-58.329814654036646
0.35215,74.48550260479331,-120.7340832583036,-64.6800139205153,128.56976699925116,-9.805488684278055,-7.835683740947534,141.86193625674102,-58.32796694031338
0.3522,74.48830841542983,-120.73005596234951,-64.68274283919673,128.56585006949732,-9.805565576233123,-7.835794107147738,141.85998203603523,-58.326148430632685
0.35225,74.49101490772486,-120.72601057611291,-64.68536978661975,128.56192357875193,-9.805645121105098,-7.835913002639022,141.85796040972326,-58.32436017266295
0.3523,74.49362147076756,-120.72195085815596,-64.68789447548743,128.55799137969726,-9.805726995280182,-7.836040521541211,141.85587424858028,-58.32260317233614
0.35235,74.49612763760318,-120.71788058457659,-64.69031676580244,128.5540573302437,-9.805810871800764,-7.836176745667076,141.85372651372313,-58.320878390109584
0.3524,74.49853308298262,-120.71380354805532,-64.69263666210657,128.55012529252724,-9.805896420876055,-7.836321744471911,141.8515202546478,-58.31918674153715
0.35245000000000004,74.50083762466585,-120.70972355128194,-64.6948543143389,128.5461991262013,-9.805983310326944,-7.836475574919301,141.8492586043499,-58.31752909542566
0.35250000000000004,74.50304122522408,-120.70564439878214,-64.69697001917513,128.54228268016547,-9.806071206048946,-7.836638281383314,141.84694477334605,-58.31590627147873
0.35255000000000003,74.50514398914268,-120.70156989675444,-64.69898421661752,128.5383797924035,-9.806159772525186,-7.836809895649054,141.8445820480429,-58.314319041253995
0.3526,74.50714616538941,-120.69750384274911,-64.70089749213099,128.53449427953882,-9.806248673258429,-7.8369904367896535,141.84217378333264,-58.31276812508533
0.35265,74.50904814595866,-120.69345002218039,-64.70271057468027,128.53062993336778,-9.806337571278432,-7.8371799111873575,141.839723398889,-58.31125419183665
0.3527,74.51085046436627,-120.68941220507169,-64.70442433474282,128.526790517606,-9.806426129623464,-7.837378312534244,141.83723437563518,-58.30977785872093
0.35275,74.51255379723445,-120.68539413562388,-64.7060397854445,128.522979757402,-9.806514011789943,-7.8375856217780955,141.83471024772683,-58.308339688533074
0.3528,74.51415896090428,-120.68139953221385,-64.70755807865454,128.51920133944415,-9.806600882249732,-7.837801807230288,141.83215460079825,-58.30694019080399
0.35285,74.51566691153653,-120.67743207937866,-64.7089805046351,128.51545890393737,-9.806686406901434,-7.83802682455871,141.82957106521934,-58.30557982005395
0.3529,74.51707874419365,-120.67349542119315,-64.71030849064688,128.5117560380373,-9.806770253546796,-7.838260616844164,141.82696331000352,-58.30425897469075
0.35295000000000004,74.5183956895128,-120.6695931609018,-64.71154359712799,128.50809627562512,-9.80685209238482,-7.838503114723284,141.82433504076923,-58.30297799806245
0.35300000000000004,74.51961911402222,-120.66572885009958,-64.71268751757212,128.50448308650374,-9.806931596450118,-7.838754236404088,141.82168999072286,-58.30173717603878
0.35305000000000003,74.52075051692603,-120.66190598716122,-64.71374207482468,128.50091987500338,-9.807008442101353,-7.839013887842131,141.81903191765363,-58.300536737768546
0.3531,74.521791527882,-120.65812801291874,-64.71470921840596,128.4974099757875,-9.807082309476053,-7.839281962868778,141.8163645991075,-58.299376855511284
0.35315,74.52274390592007,-120.6543983013054,-64.71559102298606,128.4939566445969,-9.807152882934032,-7.83955834329145,141.81369182387644,-58.298257643007425
0.3532,74.52360953534298,-120.65072016041753,-64.7163896838172,128.49056305955912,-9.807219851525778,-7.839842899141552,141.81101739076428,-58.297179157096984
0.35325,74.5243904241371,-120.64709682371947,-64.71710751471807,128.48723231251174,-9.807282909419028,-7.840135488792251,141.8083451002837,-58.29614139638259
0.3533,74.5250887010081,-120.64353144554622,-64.71774694466943,128.48396740472566,-9.807341756338682,-7.840435959179426,141.80567874928573,-58.29514430127705
0.35335,74.52570661157787,-120.64002710057304,-64.7183105135775,128.48077124663112,-9.807396098000366,-7.84074414605805,141.80302212852158,-58.29418775518157
0.3534,74.52624651631652,-120.63658677354067,-64.71880086980033,128.47764664769883,-9.807445646516213,-7.8410598741581214,141.8003790128249,-58.29327158299833
0.35345000000000004,74.52671088633058,-120.6332133596733,-64.71922076551427,128.4745963171853,-9.80749012081633,-7.841382957511969,141.79775315926258,-58.292395552650376
0.35350000000000004,74.52710230005563,-120.62990965967126,-64.71957305301225,128.47162285935138,-9.807529247043387,-7.8417131996800915,141.79514830114397,-58.29155937513886
0.35355000000000003,74.52742343998875,-120.62667837234571,-64.71986068104923,128.46872876635456,-9.807562758939536,-7.842050394008818,141.79256814004293,-58.2907627040858
0.3536,74.52767708821192,-120.62352209659886,-64.72008668997962,128.4659164205955,-9.80759039823233,-7.842394323996621,141.79001634513432,-58.2900051376776
0.35365,74.52786612296521,-120.62044332262504,-64.72025420797,128.46318808614288,-9.807611914995203,-7.842744763517841,141.78749654390975,-58.2892862179588
0.3537,74.52799351436158,-120.61744443000566,-64.72036644635553,128.4605459071989,-9.807627068006058,-7.843101477193183,141.78501231830614,-58.28860543188532
0.35375,74.52806232004917,-120.61452768700778,-64.72042669495727,128.45799190774733,-9.807635625091907,-7.843464220739527,141.7825672018288,-58.287962212652275
0.3538,74.52807568109414,-120.61169524181814,-64.72043831763912,128.45552798306468,-9.807637363455035,-7.843832741246522,141.78016466992872,-58.28735593923331
0.35385,74.52803681732705,-120.60894912491713,-64.72040474733328,128.45315590254023,-9.807632069993774,-7.844206777623067,141.77780813957347,-58.28678593847146
0.3539,74.52794902286327,-120.6062912437551,-64.72032948125964,128.45087730466963,-9.807619541603664,-7.844586060914505,141.77550096235944,-58.28625148547586
0.35395000000000004,74.52781566131942,-120.60372337819025,-64.72021607585235,128.4486936928684,-9.807599585467075,-7.844970314678121,141.77324641811177,-58.28575180428534
0.35400000000000004,74.5276401612156,-120.60124718310264,-64.72006814188947,128.44660643854132,-9.807572019326148,-7.845359255438657,141.7710477146849,-58.2852860699937
0.35405000000000003,74.52742601085312,-120.59886418035128,-64.71988933910866,128.44461677336184,-9.807536671744465,-7.84575259301059,141.768907978421,-58.28485340879208
0.3541,74.52717675347809,-120.59657575978102,-64.71968337112865,128.44272579074615,-9.807493382349433,-7.8461500309650765,141.76683025245632,-58.28445289983672
0.35415,74.52689598243371,-120.59438317830288,-64.71945398037528,128.4409344453558,-9.807442002058465,-7.846551267052926,141.76481749338174,-58.28408357671235
0.3542,74.5265873354958,-120.5922875534046,-64.71920494219852,128.43924354698459,-9.8073823932973,-7.846955993579943,141.7628725627352,-58.28374442799396
0.35425,74.52625449040127,-120.59028986734126,-64.71894006021438,128.43765376526412,-9.807314430186894,-7.8473638979228735,141.76099822820606,-58.28343439966872
0.3543,74.52590115916117,-120.58839096200597,-64.71866316043166,128.43616562491883,-9.807237998729523,-7.847774662912805,141.75919715627154,-58.28315239599667
0.35435,74.52553108263488,-120.58659153743218,-64.71837808566485,128.43477950473283,-9.807152996970046,-7.848187967300618,141.75747190805956,-58.28289728105425
0.3544,74.5251480260104,-120.58489215492322,-64.7180886908762,128.4334956411746,-9.80705933513421,-7.848603486251343,141.75582493962364,-58.28266788095072
0.35445000000000004,74.52475577232637,-120.58329323055877,-64.71779883655786,128.4323141222969,-9.806956935768532,-7.849020891738064,141.75425859300245,-58.28246298467418
0.35450000000000004,74.52435811793104,-120.58179503880197,-64.71751238409242,128.43123489187371,-9.806845733838639,-7.8494398530717415,141.7527750968893,-58.282281346418955
0.35455000000000003,74.52395886708425,-120.58039771162989,-64.71723319025887,128.43025774897743,-9.806725676825394,-7.849860037347491,141.75137656304332,-58.282121687257465
0.3546,74.52356182554955,-120.5791012348984,-64.71696510074051,128.42938234478692,-9.806596724809033,-7.850281109888493,141.75006497981715,-58.28198269657278
0.35465,74.52317079674766,-120.57790545383071,-64.71671194624197,128.4286081886227,-9.806458850505694,-7.850702734791998,141.74884221479257,-58.2818630345502
0.3547,74.52278957502735,-120.57681006872318,-64.71647753569897,128.42793464405543,-9.806312039328382,-7.851124575332244,141.74771000757912,-58.28176133358215
0.35475,74.52242194054944,-120.57581463652572,-64.71626565115322,128.4273609310047,-9.806156289396233,-7.851546294478938,141.7466699684585,-58.28167620036777
0.3548,74.52207165495788,-120.57491857421654,-64.71608004342919,128.42688612961234,-9.805991611528704,-7.85196755539577,141.7457235789695,-58.28160621812405
0.35485,74.52174245409809,-120.57412115454804,-64.7159244248413,128.42650917639986,-9.805818029256798,-7.85238802185176,141.7448721844517,-58.281549948191945
0.3549,74.52143804451914,-120.57342151174633,-64.71580246576075,128.42622887052408,-9.805635578758409,-7.852807358777744,141.74411699704632,-58.28150593245742
0.35495000000000004,74.52116209751883,-120.57281864095759,-64.71571778869392,128.42604387365586,-9.80544430882491,-7.853225232698262,141.74345909208625,-58.281472695289295
0.35500000000000004,74.52091824299187,-120.57231139770248,-64.71567396219335,128.4259527098953,-9.80524428079852,-7.853641312192847,141.74289940439067,-58.28144874554703
0.35505000000000003,74.52071006643024,-120.57189850412092,-64.7156744979748,128.42595377255063,-9.805035568455414,-7.854055268429738,141.74243873199373,-58.28143257894847
0.3551,74.52054110152878,-120.57157854602143,-64.71572284359102,128.42604532157915,-9.804818257937786,-7.854466775557675,141.7420777297414,-58.28142267999488
0.35515,74.52041482630963,-120.57134997727591,-64.71582237870251,128.42622548849414,-9.804592447607124,-7.854875511218177,141.74181691098792,-58.281417524247615
0.3552,74.52033465890567,-120.5712111232558,-64.71597641100364,128.4264922802623,-9.804358247902028,-7.855281157006483,141.74165664829806,-58.28141558051857
0.35525,74.52030395035402,-120.57116017907927,-64.7161881691449,128.42684357795474,-9.80411578120913,-7.855683398875455,141.74159716816493,-58.28141531298633
0.3553,74.52032598257472,-120.57119521694264,-64.71646080092428,128.42727714459153,-9.80386518165045,-7.856081927648873,141.74163855618184,-58.28141518346014
0.35535,74.5204039620705,-120.57131418603902,-64.71679736714958,128.42779062545196,-9.803606594920932,-7.856476439412917,141.7417807536603,-58.281413653539765
0.3554,74.52054101491564,-120.57151491489243,-64.71720083683734,128.42838155084738,-9.80334017807829,-7.856866635954945,141.74202355698134,-58.281409186845714
0.35545000000000004,74.5207401847064,-120.5717951180234,-64.71767408541228,128.42904734324853,-9.80306609929409,-7.857252225225132,141.7423666221893,-58.281400251151254
0.35550000000000004,74.52100442510867,-120.57215239463012,-64.71821988745175,128.42978531632045,-9.802784537656908,-7.857632921690331,141.74280945995454,-58.28138532067545
0.35555000000000003,74.52133659780928,-120.5725842351153,-64.7188409149292,128.43059268190913,-9.80249568288013,-7.858008446793743,141.74335144005153,-58.28136287818507
0.3556,74.52173946849769,-120.57308802460246,-64.71953973345308,128.431466553935,-9.802199735044592,-7.8583785293325565,141.74399179224204,-58.28133141713367
0.35565,74.52221570060877,-120.57366104371366,-64.720318796275,128.43240394953327,-9.801896904333793,-7.858742905819581,141.74472960365196,-58.28128944398813
0.3557,74.5227678549534,-120.57430047671784,-64.72118044426209,128.43340179762973,-9.8015874106913,-7.859101320911876,141.7455638255149,-58.28123548009652
0.35575,74.52339838338949,-120.57500341224146,-64.722126899836,128.43445693995994,-9.801271483553492,-7.859453527718464,141.74649327045597,-58.281168064024044
0.3558,74.52410962577518,-120.57576684800155,-64.72316026427396,128.43556613618026,-9.80094936150123,-7.8597992881786745,141.74751661492414,-58.281085753614384
0.35585,74.52490380877575,-120.57658769739976,-64.72428251687174,128.43672607081706,-9.800621291904013,-7.860138373417278,141.74863240418233,-58.28098712780869
0.3559,74.52578303907111,-120.57746279002147,-64.72549550845466,128.43793335404058,-9.80028753061645,-7.860470564019096,141.74983904917036,-58.28087078909366
0.35595000000000004,74.52674930352494,-120.57838887949032,-64.72680096196449,128.43918452988754,-9.799948341560492,-7.860795650397186,141.75113483328465,-58.28073536511832
0.35600000000000004,74.52780446540669,-120.57936264701337,-64.72820046902889,128.4404760800753,-9.799603996377838,-7.861113433061897,141.75251791341788,-58.2805795107512
0.35605000000000003,74.52895025989842,-120.58038070444421,-64.72969548584025,128.44180442733636,-9.79925477405819,-7.861423722892121,141.75398632021293,-58.28040191028011
0.3561,74.5301882953409,-120.58143960250491,-64.73128733484745,128.44316594395343,-9.798900960493437,-7.861726341448522,141.7555379657229,-58.28020127873387
0.35615,74.53152004730786,-120.58253583240298,-64.73297719918065,128.44455695358022,-9.798542848127198,-7.862021121177229,141.7571706416822,-58.279976364265224
0.3562,74.5329468580912,-120.58366583228279,-64.73476612258455,128.4459737379597,-9.798180735506664,-7.8623079056768646,141.75888202473485,-58.27972594969972
0.35625,74.53446993620699,-120.58482599334532,-64.73665500935945,128.44741254327369,-9.797814926847575,-7.862586549928334,141.7606696813919,-58.27944885400586
0.3563,74.53609035093257,-120.58601266207367,-64.73864461928379,128.448869582538,-9.797445731648795,-7.862856920464301,141.7625310670636,-58.27914393464502
0.35635,74.53780903487335,-120.58722214858003,-64.74073557068007,128.45034104418383,-9.797073464193277,-7.863118895603722,141.76446353451996,-58.278810088460325
0.3564,74.53962678043574,-120.5884507301445,-64.74292833729488,128.45182309573963,-9.796698443140809,-7.863372365595158,141.76646433505752,-58.2784462536379
0.35645000000000004,74.54154423775353,-120.58969465594892,-64.74522324667899,128.45331188872302,-9.796320991074566,-7.863617232774042,141.7685306214463,-58.27805141142114
0.35650000000000004,74.54356191741948,-120.59095015481591,-64.7476204834175,128.4548035665442,-9.795941434001996,-7.863853411728262,141.77065945595885,-58.27762458681059
0.35655000000000003,74.54568018534225,-120.59221343770233,-64.75012008439148,128.45629426708314,-9.79556010095073,-7.864080829380822,141.77284780979636,-58.27716485085525
0.35660000000000003,74.54789926499708,-120.59348070489943,-64.75272194154374,128.45778013002294,-9.795177323453341,-7.864299425123465,141.77509257040572,-58.27667132140119
0.35665,74.55021923751751,-120.59474815156155,-64.75542580243243,128.45925730245872,-9.794793435085126,-7.864509150897121,141.77739054623794,-58.27614316422606
0.3567,74.55264003816265,-120.59601197125622,-64.75823126713841,128.46072194249672,-9.794408771024232,-7.864709971240488,141.77973846791798,-58.275579594998334
0.35675,74.55516146102883,-120.59726836389157,-64.76113779351604,128.46217022726606,-9.794023667512818,-7.864901863374479,141.78213299747102,-58.274979879331525
0.3568,74.55778315600772,-120.5985135393083,-64.76414469457137,128.46359835651285,-9.793638461436323,-7.865084817204533,141.78457072978355,-58.2743433345816
0.35685,74.56050462950505,-120.59974372289496,-64.76725113968267,128.46500255824085,-9.793253489822416,-7.865258835345848,141.78704819776164,-58.27366933078091
0.3569,74.56332524820459,-120.60095516231516,-64.77045615887086,128.4663790954483,-9.792869089333752,-7.865423933133082,141.78956188003508,-58.272957290760736
0.35695,74.56624423523891,-120.6021441307433,-64.77375863938508,128.4677242693119,-9.792485595853835,-7.865580138568545,141.79210820169746,-58.27220669214135
0.35700000000000004,74.56926067514792,-120.60330693385602,-64.77715733120549,128.4690344261683,-9.7921033439424,-7.86572749231225,141.7946835428608,-58.271417067098895
0.35705000000000003,74.57237351428795,-120.60443991464899,-64.78065084789698,128.47030596225872,-9.791722666390939,-7.86586604760972,141.79728424296655,-58.2705880032334
0.35710000000000003,74.57558155977493,-120.60553945771288,-64.78423766600379,128.47153532792257,-9.791343893771167,-7.865995870209631,141.7999066038641,-58.26971914482512
0.35715,74.57888348583478,-120.60660199605584,-64.78791613193334,128.47271903434827,-9.79096735390142,-7.866117038292382,141.8025468989494,-58.268810192086015
0.3572,74.58227783140984,-120.60762401468286,-64.79168445995957,128.4738536570168,-9.790593371450278,-7.866229642333923,141.80520137494503,-58.267860902726746
0.35725,74.58576300384533,-120.60860205616609,-64.79554073640863,128.47493584115793,-9.790222267436725,-7.86633378499181,141.8078662585698,-58.26687109185706
0.3573,74.58933728311227,-120.60953272610159,-64.79948292435262,128.47596230706236,-9.789854358759658,-7.866429580960728,141.8105377633921,-58.26584063167769
0.35735,74.59299881974137,-120.61041269669373,-64.80350886193737,128.47692985348834,-9.789489957804008,-7.866517156794618,141.8132120917819,-58.26476945293542
0.3574,74.59674564211419,-120.61123871271958,-64.80761627018651,128.47783536346503,-9.789129371927675,-7.866596650745414,141.8158854438067,-58.26365754366854
0.35745,74.60057565699064,-120.61200759556301,-64.81180275392234,128.4786758081164,-9.788772903068324,-7.866668212553376,141.8185540209268,-58.26250494986655
0.35750000000000004,74.60448665111824,-120.61271624748682,-64.81606580380121,128.4794482507231,-9.788420847317008,-7.8667320032362795,141.82121403046037,-58.26131177580884
0.35755000000000003,74.60847629866896,-120.61336165687977,-64.82040280421954,128.48014985174743,-9.788073494449407,-7.86678819486759,141.82386169394178,-58.26007818260868
0.35760000000000003,74.61254215966231,-120.61394090163063,-64.8248110320819,128.480777871951,-9.787731127580438,-7.8668369703203,141.8264932491438,-58.258804389456635
0.35765,74.61668168626875,-120.61445115379824,-64.8292876635585,128.4813296768148,-9.787394022710245,-7.8668785230165055,141.82910495734623,-58.25749067243244
0.3577,74.62089222718467,-120.61488968368435,-64.8338297788442,128.48180274033265,-9.787062448340478,-7.866913056648267,141.8316931090807,-58.25613736385312
0.35775,74.62517102748772,-120.6152538632598,-64.83843436235703,128.48219464814574,-9.786736665130691,-7.866940784885952,141.83425402694655,-58.254744853037295
0.3578,74.62951523750951,-120.61554117044543,-64.84309831204732,128.48250310152432,-9.786416925462165,-7.8669619310788725,141.83678407389627,-58.25331358415389
0.35785,74.63392191357534,-120.61574919234276,-64.84781844043889,128.482725920277,-9.786103473136441,-7.8669767279342215,141.83927965634837,-58.251844056642696
0.3579,74.6383880220778,-120.61587562874938,-64.85259147906734,128.48286104593583,-9.785796543010486,-7.866985417186395,141.84173722929435,-58.250336824550956
0.35795,74.64291044726917,-120.61591829553531,-64.8574140866392,128.48290654478984,-9.785496360629985,-7.866988249254524,141.84415330324438,-58.24879249456421
0.35800000000000004,74.64748599073242,-120.61587512760583,-64.86228284875705,128.48286061049143,-9.785203141975396,-7.866985482885568,141.84652444644104,-58.247211726808615
0.35805000000000003,74.6521113797011,-120.61574418193824,-64.86719428661128,128.48272156672363,-9.784917093089799,-7.866977384785352,141.8488472917918,-58.245595232630684
0.35810000000000003,74.65678327116014,-120.61552364026035,-64.87214486134826,128.48248786950103,-9.784638409811901,-7.866964229240655,141.85111854127615,-58.24394377375135
0.35815,74.66149825365812,-120.61521181179388,-64.87713097613201,128.48215810952286,-9.784367277526146,-7.866946297728903,141.85333496920296,-58.24225816222108
0.3582,74.66625285699565,-120.61480713541214,-64.88214898616435,128.48173101392712,-9.784103870831284,-7.866923878514982,141.85549342911426,-58.24053925754672
0.35825,74.6710435530375,-120.61430818208814,-64.8871951996771,128.48120544833435,-9.78384835336042,-7.866897266246221,141.85759085626455,-58.23878796693005
0.3583,74.67586676195036,-120.61371365690746,-64.89226588443344,128.48058041843703,-9.783600877516939,-7.866866761529481,141.85962427258514,-58.237005243551664
0.35835,74.68071885961287,-120.61302240059018,-64.8973572753769,128.47985507109294,-9.78336158423598,-7.866832670502701,141.86159079184827,-58.23519208434951
0.3584,74.6855961781642,-120.61223339174319,-64.90246557531896,128.47902869614856,-9.783130602845254,-7.866795304405312,141.8634876218407,-58.233349530310356
0.35845,74.6904950156481,-120.6113457477079,-64.90758696483364,128.47810072683515,-9.782908050814456,-7.866754979127238,141.86531207013113,-58.231478663340745
0.35850000000000004,74.69541163940617,-120.61035872604576,-64.91271760578148,128.47707074081129,-9.782694033624697,-7.86671201476552,141.86706154708983,-58.229580605421354
0.35855000000000004,74.70034228971008,-120.60927172597827,-64.91785364508007,128.4759384611482,-9.782488644630014,-7.866666735169844,141.8687335689958,-58.2276565176712
0.35860000000000003,74.70528318941491,-120.6080842883332,-64.92299122454293,128.47470375580656,-9.782291964872005,-7.866619467473302,141.8703257630445,-58.22570759702804
0.35865,74.71023054473596,-120.60679609719942,-64.92812648170504,128.4733666388384,-9.782104063030935,-7.866570541638974,141.8718358691359,-58.223735076341484
0.3587,74.71518055306069,-120.6054069798511,-64.93325555777946,128.47192726983386,-9.781924995281257,-7.866520289982717,141.87326174389582,-58.221740221683824
0.35875,74.72012940938247,-120.60391690666202,-64.9383746041666,128.47038595336025,-9.78175480521587,-7.86646904669817,141.87460136396473,-58.21972433013343
0.3588,74.72507330785987,-120.60232599226683,-64.94347978403599,128.4687431396612,-9.781593523823904,-7.866417147394324,141.87585282778048,-58.21768872949796
0.35885,74.73000845179877,-120.60063449403177,-64.94856728241474,128.466999422632,-9.781441169384033,-7.866364928600193,141.87701435951124,-58.21563477457518
0.3589,74.73493105622181,-120.59884281254729,-64.95363330873111,128.46515553984713,-9.781297747490704,-7.86631272729987,141.87808431080438,-58.21356384638963
0.35895,74.73983735287553,-120.59695149125432,-64.95867410184341,128.46321237170656,-9.781163251032101,-7.866260880452208,141.87906116308434,-58.211477350409275
0.35900000000000004,74.74472359890586,-120.59496121442129,-64.9636859387374,128.46117093891783,-9.781037660168492,-7.866209724496505,141.8799435303828,-58.209376713153304
0.35905000000000004,74.74958607775143,-120.59287280787386,-64.96866513532976,128.45903240277278,-9.780920942421675,-7.866159594898929,141.88073016041048,-58.20726338205778
0.35910000000000003,74.75442110759619,-120.59068723658241,-64.97360805493305,128.45679806223575,-9.78081305266314,-7.866110825653303,141.88141993694265,-58.205138822078865
0.35915,74.75922504637073,-120.58840560331825,-64.97851111316945,128.45446935213045,-9.780713933201277,-7.866063748812187,141.88201188129628,-58.20300451370902
0.3592,74.76399429417597,-120.58602914838524,-64.98337078028814,128.45204784241494,-9.78062351388784,-7.866018694029664,141.8825051533655,-58.20086195210743
0.35925,74.76872530260711,-120.58355924585523,-64.98818359044613,128.44953523391726,-9.780541712161014,-7.865975988061985,141.88289905332283,-58.19871264311882
0.3593,74.77341457643755,-120.58099740323865,-64.9929461432193,128.44693335757162,-9.780468433218232,-7.865935954332987,141.8831930222169,-58.19655810264599
0.35935,74.7780586793388,-120.57834525902969,-64.99765510920993,128.44424417149048,-9.780403570128867,-7.86589891246081,141.88338664289208,-58.194399854185335
0.3594,74.78265424096799,-120.5756045791066,-65.00230723700402,128.4414697568977,-9.780347003963948,-7.8658651777911155,141.8834796406588,-58.19223942564973
0.35945,74.78719795785452,-120.57277725647063,-65.00689935383637,128.43861231745097,-9.780298604018128,-7.865835060980359,141.88347188353475,-58.190078349030266
0.35950000000000004,74.79168660160728,-120.56986530650018,-65.01142837366548,128.43567417401954,-9.780258227941838,-7.86580886751932,141.88336338253558,-58.187918156591294
0.35955000000000004,74.7961170222519,-120.5668708647877,-65.0158913002814,128.43265776210524,-9.780225721970522,-7.865786897317519,141.88315429159587,-58.1857603792866
0.35960000000000003,74.80048615108723,-120.56379618522988,-65.02028522993125,128.42956562951284,-9.780200921155988,-7.865769444282933,141.88284490745397,-58.183606545394284
0.35965,74.80479100862733,-120.56064363437304,-65.02460735906946,128.4264004302485,-9.780183649557879,-7.865756795875404,141.882435669038,-58.181458176609304
0.3597,74.8090287052693,-120.55741569052972,-65.02885498472567,128.4231649232636,-9.780173720543655,-7.865749232733856,141.88192715707305,-58.179316787647494
0.35975,74.81319644705935,-120.55411493911569,-65.0330255100356,128.41986196736843,-9.780170937023792,-7.865747028252704,141.88132009316732,-58.1771838832952
0.3598,74.81729154075302,-120.5507440680656,-65.03711644902519,128.41649451625725,-9.780175091727822,-7.865750448191654,141.88061533859474,-58.175060955717306
0.35985,74.82131139449517,-120.5473058665465,-65.04112542696022,128.41306561687244,-9.780185967534937,-7.865759750325919,141.87981389357236,-58.17294948397002
0.3599,74.82525352495901,-120.54380321816579,-65.04505018722381,128.40957840220284,-9.780203337735204,-7.8657751840370285,141.87891689526768,-58.17085093012422
0.35995,74.82911555897263,-120.54023909843396,-65.04888859258588,128.40603608842704,-9.780226966386747,-7.865796989993085,141.87792561651622,-58.16876673818569
0.36000000000000004,74.83289523630825,-120.53661657113189,-65.0526386276612,128.40244197093006,-9.780256608647068,-7.865825399798124,141.8768414642233,-58.166698332382246
0.36005000000000004,74.83659041558028,-120.53293878143106,-65.05629840448735,128.39879941707082,-9.78029201109292,-7.865860635639725,141.8756659766485,-58.16464711369162
0.36010000000000003,74.84019907398677,-120.52920895456698,-65.05986616185925,128.39511186458114,-9.780332912127541,-7.865902910014137,141.87440082216256,-58.16261445966366
0.36015,74.8437193123677,-120.52543038916346,-65.06334027005556,128.3913828145517,-9.780379042312118,-7.865952425388222,141.87304779626598,-58.160601721277736
0.3602,74.84714935793934,-120.52160645239927,-65.06671923317732,128.3876158263193,-9.780430124762056,-7.8660093739199635,141.87160881894832,-58.15861022098878
0.36025,74.85048756468197,-120.51774057758384,-65.07000168911964,128.38381451479498,-9.780485875562384,-7.866073937211107,141.87008593285762,-58.156641252090495
0.3603,74.85373241870262,-120.51383625590661,-65.07318641457493,128.37998254190754,-9.780546004127661,-7.866146286000956,141.86848129914623,-58.15469607512916
0.36035,74.85688253811233,-120.50989703402657,-65.07627232445529,128.37612361399397,-9.780610213657082,-7.866226579967372,141.86679719538478,-58.15277591744235
0.3604,74.85993667536425,-120.50592650869939,-65.07925847382491,128.37224147618417,-9.78067820153937,-7.866314967484729,141.86503601225922,-58.15088197122091
0.36045,74.8628937206527,-120.50192831952937,-65.08214406088373,128.36833990491905,-9.78074965976899,-7.866411585389663,141.86320024923566,-58.14901539080593
0.36050000000000004,74.86575270082562,-120.49790614728394,-65.08492842540603,128.36442270611866,-9.78082427541961,-7.866516558834645,141.86129251258367,-58.147177292708896
0.36055000000000004,74.86851278303092,-120.4938637056683,-65.08761105197739,128.36049370673237,-9.78090173105352,-7.866630001064041,141.85931551034295,-58.14536875261271
0.36060000000000003,74.87117327520431,-120.48980473689267,-65.09019157001407,128.35655675016397,-9.780981705190197,-7.866752013271321,141.8572720488456,-58.14359080426305
0.36065,74.87373362590316,-120.4857330081574,-65.09266975313042,128.35261569263173,-9.781063872772753,-7.866882684474313,141.85516502967275,-58.141844438778406
0.3607,74.8761934273895,-120.48165230274147,-65.09504552178804,128.34867439408342,-9.781147905601495,-7.8670220913419255,141.8529974437429,-58.14013060169349
0.36075,74.87855241403258,-120.47756641802282,-65.09731894119916,128.34473671615828,-9.78123347283346,-7.867170298135429,141.85077236881764,-58.13845019308474
0.3608,74.88081046359754,-120.47347915869707,-65.09949022216415,128.34080651528492,-9.781320241433402,-7.86732735658782,141.84849296445216,-58.13680406568065
0.36085,74.88296759817774,-120.46939432991984,-65.10155972153234,128.33688763574335,-9.781407876645416,-7.867493305823493,141.846162466693,-58.13519302307643
0.3609,74.88502398225339,-120.46531573542171,-65.10352793976388,128.3329839077645,-9.781496042489518,-7.86766817234276,141.8437841854817,-58.13361781999371
0.36095,74.88697992443791,-120.46124716838324,-65.10539552222536,128.32909913831497,-9.781584402212593,-7.867851969931693,141.84136149785607,-58.13207915972985
0.36100000000000004,74.88883587602118,-120.45719240792018,-65.1071632572342,128.32523710759867,-9.781672618786956,-7.868044699678493,141.83889784422445,-58.130577693901145
0.36105000000000004,74.89059242992512,-120.45315521470536,-65.10883207453725,128.32140156467767,-9.781760355387899,-7.868246349972293,141.8363967241239,-58.12911402185939
0.36110000000000003,74.89225032135602,-120.44913932225803,-65.11040304549925,128.31759621873954,-9.781847275856778,-7.868456896481484,141.83386168919387,-58.127688688601
0.36115,74.89381042505002,-120.4451484355525,-65.1118773798469,128.31382473779928,-9.78193304520313,-7.868676302246757,141.83129634056655,-58.126302185404974
0.3612,74.89527375504211,-120.4411862233867,-65.11325642497943,128.31009074107135,-9.782017330062716,-7.8689045176846575,141.82870432228876,-58.124954948273086
0.36125,74.89664146336386,-120.43725631267559,-65.11454166418835,128.3063977933468,-9.782099799175523,-7.869141480671203,141.8260893158124,-58.123647357147185
0.3613,74.89791483729505,-120.4333622863954,-65.11573471342659,128.30274940305657,-9.782180123868473,-7.869387116661101,141.82345503681987,-58.1223797364005
0.36135,74.89909529894744,-120.42950767441417,-65.11683732044384,128.29914901314996,-9.782257978503631,-7.869641338735723,141.82080522723945,-58.12115235301052
0.3614,74.90018440226758,-120.42569595132848,-65.11785136130966,128.295599999107,-9.782333040957933,-7.869904047778489,141.81814365184556,-58.11996541711126
0.36145,74.90118383091489,-120.42193053143183,-65.11877883783858,128.29210566403242,-9.782404993076305,-7.870175132600559,141.81547409288416,-58.1188190816327
0.36150000000000004,74.90209539661252,-120.4182147611034,-65.1196218754968,128.28866923117263,-9.782473521115735,-7.8704544700691885,141.81280034275633,-58.117713441227004
0.36155000000000004,74.90292103547515,-120.41455191817509,-65.12038271926778,128.28529384351677,-9.782538316207432,-7.870741925341632,141.81012620155695,-58.11664853337739
0.36160000000000003,74.90366280609317,-120.41094520399197,-65.12106373131056,128.28198255599298,-9.78259907478263,-7.871037352001022,141.80745546933582,-58.11562433734497
0.36165,74.90432288639977,-120.40739773951934,-65.12166738739019,128.27873833180695,-9.782655499009586,-7.8713405922875594,141.80479194115,-58.11464077439633
0.3617,74.90490357014303,-120.40391256322732,-65.12219627292184,128.275564040571,-9.782707297221238,-7.871651477343684,141.80213940341562,-58.11369770854589
0.36175,74.90540726437675,-120.4004926226868,-65.12265308005655,128.27246245009044,-9.78275418432021,-7.871969827403645,141.79950162545634,-58.112794945606566
0.3618,74.9058364853905,-120.39714077402584,-65.12304060319651,128.26943622612794,-9.782795882193977,-7.872295452102034,141.7968823569004,-58.11193223445342
0.36185,74.90619385536404,-120.39385977663183,-65.12336173525766,128.26648792734858,-9.7828321201064,-7.872628150716683,141.7942853214214,-58.11110926702447
0.3619,74.90648209884411,-120.39065228735973,-65.12361946376397,128.26361999980256,-9.78286263508015,-7.872967712442819,141.79171420996505,-58.11032567827695
0.36195,74.90670403841999,-120.38752086072925,-65.12381686614178,128.26083477746664,-9.7828871722782,-7.873313916737398,141.78917267863568,-58.10958104769726
0.36200000000000004,74.90686259112879,-120.38446794135142,-65.12395710577073,128.25813447492993,-9.782905485358077,-7.873666533578498,141.78666434036919,-58.10887489890228
0.36205000000000004,74.90696076410018,-120.38149586221839,-65.12404342727295,128.25552118604736,-9.782917336827245,-7.874025323828929,141.78419276118106,-58.10820670075353
0.36210000000000003,74.9070016502617,-120.3786068427352,-65.12407915188116,128.25299688231226,-9.782922498380557,-7.874390039577036,141.78176145622584,-58.10757586839621
0.36215,74.90698842405581,-120.37580298184984,-65.12406767283304,128.25056340630104,-9.782920751222761,-7.874760424451231,141.77937388169957,-58.10698176324833
0.3622,74.90692433682692,-120.37308625912506,-65.12401245044482,128.2482224731652,-9.782911886382058,-7.875136214040109,141.7770334333099,-58.10642369479922
0.36225,74.90681271225223,-120.37045852969678,-65.12391700724615,128.24597566592314,-9.78289570500609,-7.875517136226379,141.774743439577,-58.1059009210887
0.3623,74.90665694152831,-120.36792152086038,-65.12378492288225,128.24382443243854,-9.782872018646056,-7.8759029115781205,141.77250715638706,-58.10541264961836
0.36235,74.90646047873506,-120.36547683294387,-65.12361982921333,128.24177008672876,-9.782840649521741,-7.876293253784914,141.7703277652776,-58.104958039118216
0.3624,74.90622683567179,-120.36312593294156,-65.12342540489303,128.23981380294524,-9.782801430778763,-7.876687870003647,141.768208365297,-58.10453619994963
0.36245,74.90595957702126,-120.36087015508855,-65.12320537029849,128.2379566164143,-9.782754206722775,-7.877086461325712,141.76615197092863,-58.10414619587873
0.36250000000000004,74.90566231537031,-120.35871069915179,-65.12296348232962,128.23619942234131,-9.782698833040676,-7.877488723189513,141.7641615080003,-58.10378704541257
0.36255000000000004,74.90533870567461,-120.3566486258024,-65.12270352866378,128.2345429715846,-9.782635177010834,-7.8778943457821455,141.76223980682127,-58.10345772270365
0.36260000000000003,74.90499244063066,-120.35468485916654,-65.12242932294758,128.23298787370453,-9.78256311768311,-7.8783030145379565,141.76038960189206,-58.10315715967725
0.36265000000000003,74.9046272449842,-120.35282018249829,-65.12214469892541,128.23153459303353,-9.7824825460588,-7.878714410535233,141.75861352521332,-58.1028842470561
0.3627,74.90424687022373,-120.35105523743437,-65.1218535049793,128.23018344839898,-9.782393365244447,-7.879128210964568,141.75691410283804,-58.10263783601864
0.36275,74.90385508979809,-120.34939052552346,-65.12155959921596,128.22893461514016,-9.782295490582136,-7.879544089616657,141.75529375363175,-58.10241674016473
0.3628,74.9034556928678,-120.34782640359585,-65.12126684308457,128.22778812088688,-9.782188849783253,-7.879961717290978,141.75375478202844,-58.10221973666972
0.36285,74.9030524796645,-120.34636308653808,-65.12097909664567,128.22674384885465,-9.782073383018819,-7.880380762316585,141.75229937792272,-58.10204556846955
0.3629,74.90264925592858,-120.34500064608912,-65.12070021291926,128.2258015370898,-9.781949043009305,-7.880800891000718,141.75092961269723,-58.1018929459134
0.36295,74.90224982687756,-120.3437390087941,-65.12043403177934,128.2249607768812,-9.781815795098233,-7.881221768087099,141.74964743428723,-58.10176054839855
0.36300000000000004,74.90185799294211,-120.34257795981975,-65.12018437565592,128.2242210170988,-9.781673617286184,-7.8816430572790885,141.7484546681556,-58.101647026651584
0.36305000000000004,74.90147754326536,-120.34151713980351,-65.11995504298599,128.2235815614696,-9.781522500279381,-7.882064421666058,141.74735301117235,-58.101551004290265
0.36310000000000003,74.90111225071924,-120.34055604670931,-65.11974980322631,128.22304157094234,-9.781362447492942,-7.882485524232997,141.74634403054642,-58.10147107993509
0.36315000000000003,74.90076586713069,-120.33969403799587,-65.11957239208871,128.22260006634366,-9.78119347504198,-7.882906028347756,141.7454291631345,-58.1014058293165
0.3632,74.90044211659003,-120.33893032811207,-65.11942650485385,128.2222559263096,-9.781015611736185,-7.883325598197515,141.74460970976943,-58.101353807042905
0.36325,74.90014469157583,-120.33826399312251,-65.11931579255999,128.22200789244408,-9.780828899015843,-7.883743899321578,141.74388683713113,-58.10131354892594
0.3633,74.8998772469973,-120.33769397030467,-65.1192438560874,128.22185456935213,-9.780633390909932,-7.884160599047408,141.74326157424895,-58.10128357394704
0.36335,74.89964339454711,-120.33721905870807,-65.11921424059003,128.22179442567685,-9.78042915395708,-7.884575366968788,141.74273480998528,-58.1012623863236
0.3634,74.89944669898185,-120.33683792392583,-65.11923043188465,128.22182579937174,-9.780216267097224,-7.884987875445889,141.742307295115,-58.10124847781386
0.36345,74.89929067139497,-120.33654909648469,-65.11929584981357,128.22194689650908,-9.779994821581392,-7.885397800024407,141.74197963739883,-58.10124032969146
0.3635,74.89917876521226,-120.33635097601878,-65.11941384438859,128.2221557959534,-9.779764920823682,-7.885804819934629,141.74175230300634,-58.10123641502128
0.36355000000000004,74.89911437155945,-120.33624183395906,-65.1195876913024,128.2224504524999,-9.779526680257039,-7.886208618540835,141.74162561634822,-58.10123520083425
0.36360000000000003,74.89910081294289,-120.3362198133633,-65.11982058575742,128.22282869712663,-9.77928022718548,-7.886608883763322,141.74159975659043,-58.10123515027037
0.36365000000000003,74.89914134048956,-120.33628293495215,-65.1201156399147,128.22328824352246,-9.779025700574872,-7.887005308570275,141.74167476131885,-58.101234724826
0.3637,74.89923912794757,-120.3364290975882,-65.1204758770677,128.2238266889617,-9.778763250879846,-7.887397591373538,141.7418505237756,-58.10123238652622
0.36375,74.89939726715674,-120.33665608132705,-65.12090422733417,128.22444151779715,-9.778493039822573,-7.887785436470084,141.74212679305668,-58.101226600141665
0.3638,74.8996187651283,-120.33696155275763,-65.12140352498011,128.2251301072412,-9.778215240148162,-7.888168554483583,141.7425031771043,-58.10121583534235
0.36385,74.89990653756736,-120.33734306511505,-65.12197650216021,128.22588972785053,-9.777930035407172,-7.888546662735445,141.74297913938284,-58.10119856895532
0.3639,74.9002634064619,-120.33779806426531,-65.12262578679335,128.226717549949,-9.777637619668537,-7.888919485683694,141.74355400268922,-58.10117328708074
0.36395,74.90069209578031,-120.33832389184151,-65.12335389852743,128.22761064714268,-9.777338197252885,-7.889286755301154,141.74422694954683,-58.101138487248264
0.364,74.90119522620728,-120.33891778731139,-65.12416324375275,128.2285659987531,-9.777031982454544,-7.889648211441706,141.74499702118484,-58.101092680674746
0.36405000000000004,74.90177531379827,-120.3395768948511,-65.12505611459059,128.22958049709658,-9.776719199207706,-7.890003602245419,141.7458631226693,-58.101034394203246
0.36410000000000003,74.9024347642973,-120.3402982648299,-65.12603468349857,128.23065094929007,-9.776400080798746,-7.89035268446013,141.7468240211682,-58.10096217257859
0.36415000000000003,74.9031758703525,-120.34107885886257,-65.1271010008341,128.23177408266903,-9.776074869518403,-7.890695223806441,141.74787834877787,-58.10087458048989
0.3642,74.90400080951115,-120.34191555538277,-65.12825699320301,128.23294655070268,-9.77574381630812,-7.891030995319933,141.74902460620362,-58.10077020445605
0.36425,74.90491163858192,-120.34280515147567,-65.12950445814775,128.23416493511453,-9.775407180434145,-7.891359783638865,141.75026116134603,-58.100647655158184
0.3643,74.90591029318034,-120.34374436995682,-65.13084506409896,128.23542575330555,-9.775065229081374,-7.891681383348699,141.7515862550804,-58.10050556911308
0.36435,74.9069985839344,-120.34472986292707,-65.13228034693795,128.23672546217804,-9.774718236996454,-7.891995599250964,141.75299800228015,-58.100342610739006
0.3644,74.90817819291085,-120.34575821570691,-65.13381170680914,128.23806046234404,-9.77436648610167,-7.892302246637155,141.75449439327937,-58.10015747442608
0.36445,74.9094506737718,-120.3468259539259,-65.13544040870973,128.23942710550605,-9.774010265062092,-7.892601151580121,141.75607329998522,-58.09994888599929
0.3645,74.91081744680321,-120.34792954607285,-65.13716757788492,128.24082169721598,-9.773649868918293,-7.892892151143125,141.75773247542722,-58.09971560497083
0.36455000000000004,74.91227979837693,-120.3490654098106,-65.13899419974186,128.24224050344978,-9.77328559863507,-7.893175093639161,141.75946955884527,-58.099456426073885
0.36460000000000004,74.91383887975641,-120.35022991750016,-65.14092111908133,128.24367975634462,-9.772917760675117,-7.893449838844447,141.7612820797599,-58.0991701808519
0.36465000000000003,74.9154957029961,-120.35141939952203,-65.1429490364032,128.2451356576969,-9.772546666592921,-7.893716258174841,141.763167458636,-58.09885573977332
0.3647,74.91725114250438,-120.35263015171095,-65.14507850995844,128.24660438661456,-9.772172632545956,-7.8939742349036015,141.7651230140319,-58.09851201328062
0.36475,74.9191059318675,-120.35385843922096,-65.1473099529859,128.2480821035205,-9.771795978881627,-7.894223664299513,141.76714596421283,-58.09813795370175
0.3648,74.92106066260067,-120.35510050172837,-65.14964363292687,128.24956495551163,-9.771417029673785,-7.894464453783244,141.76923343091838,-58.097732556785104
0.36485,74.92311578557948,-120.35635256027098,-65.15207967334277,128.25104908334487,-9.771036112236748,-7.894696523073878,141.7713824459351,-58.09729486266307
0.3649,74.92527160725282,-120.35761082061163,-65.15461805054925,128.25253062488747,-9.770653556703584,-7.894919804275819,141.77358995195974,-58.09682395786284
0.36495,74.92752829153173,-120.35887148008385,-65.15725859601424,128.25400572208392,-9.770269695517493,-7.895134242000038,141.77585280941756,-58.096318976112364
0.365,74.92988585933435,-120.3601307328361,-65.160000996362,128.25547052626925,-9.769884862972406,-7.895339793433131,141.77816780068176,-58.095779099607505
0.36505000000000004,74.93234418651849,-120.36138477412409,-65.16284479176265,128.25692120251404,-9.769499394755883,-7.895536428389882,141.7805316326315,-58.09520356062809
0.36510000000000004,74.93490300728094,-120.36262980746375,-65.16578937984912,128.25835393683985,-9.769113627431755,-7.895724129376105,141.78294094452676,-58.09459164188848
0.36515000000000003,74.93756191186162,-120.36386204861972,-65.16883401385985,128.25976494021285,-9.768727898001774,-7.895902891593088,141.78539231018564,-58.09394267816525
0.3652,74.94032034778763,-120.36507773135932,-65.17197780438137,128.26115045431476,-9.768342543406266,-7.896072722955401,141.78788224353025,-58.0932560570868
0.36525,74.94317762240618,-120.36627311359337,-65.17521972237293,128.26250675767636,-9.767957900033228,-7.896233644083002,141.7904072051409,-58.092531219562524
0.3653,74.94613290062958,-120.36744448126167,-65.17855859735158,128.26383016951843,-9.767574303278012,-7.896385688256735,141.79296360436382,-58.09176766137238
0.36535,74.9491852091111,-120.36858815490504,-65.18199312209022,128.26511705629466,-9.767192087020893,-7.896528901389605,141.7955478070972,-58.09096493312324
0.3654,74.95233343652471,-120.36970049441229,-65.18552185334461,128.2663638363616,-9.766811583180194,-7.896663341949273,141.79815613996712,-58.09012264115182
0.36545,74.95557633374291,-120.37077790371536,-65.18914321249694,128.2675669845895,-9.766433121245928,-7.8967890808741315,141.80078489440433,-58.0892404484507
0.3655,74.95891251877998,-120.37181683700835,-65.1928554910065,128.2687230384931,-9.766057027773535,-7.896906201484735,141.80343033453175,-58.08831807428513
0.36555000000000004,74.96234047554451,-120.37281380269026,-65.19665684957664,128.26982860204018,-9.765683625967931,-7.897014799349915,141.80608869984604,-58.08735529544671
0.36560000000000004,74.96585855751503,-120.37376536887797,-65.20054532232356,128.27088035103802,-9.765313235191492,-7.897114982160017,141.80875621183284,-58.08635194615372
0.36565000000000003,74.9694649910868,-120.37466816850132,-65.2045188205797,128.2718750380767,-9.764946170507107,-7.897206869575385,141.8114290800519,-58.08530791797489
0.3657,74.9731578750851,-120.37551890332855,-65.2085751328178,128.27280949637367,-9.764582742267303,-7.897290593045099,141.81410350528625,-58.08422316083953
0.36575,74.97693518688297,-120.37631434951508,-65.21271193126212,128.27368064514874,-9.764223255620875,-7.89736629563366,141.816775687474,-58.08309768210805
0.3658,74.98079478329542,-120.37705136167865,-65.21692677317893,128.27448549348756,-9.763868010116484,-7.897434131808899,141.81944182962675,-58.08193154711941
0.36585,74.9847344031028,-120.37772687733721,-65.22121710382874,128.27522114455923,-9.763517299274087,-7.897494267221997,141.82209814291517,-58.08072487925755
0.3659,74.98875167303717,-120.37833792173754,-65.22558026290393,128.27588480021714,-9.763171410133253,-7.8975468784796155,141.82474085391615,-58.079477858914196
0.36595,74.99284410762016,-120.37888161149522,-65.23001348472326,128.27647376437736,-9.762830622896933,-7.897592152882164,141.82736620759832,-58.078190724306666
0.366,74.99700911509733,-120.37935515909267,-65.23451390460599,128.27698544725766,-9.762495210491336,-7.897630288164903,141.82997047425823,-58.07686377038908
0.36605000000000004,75.00124400116707,-120.37975587678888,-65.23907856298034,128.27741736900433,-9.762165438186747,-7.897661492215441,141.83254995478958,-58.07549734839471
0.36610000000000004,75.00554597034905,-120.3800811802182,-65.24370440710189,128.277767162992,-9.761841563247204,-7.8976859827738215,141.8351009844392,-58.07409186612217
0.36615000000000003,75.00991213351976,-120.38032859238358,-65.24838829900301,128.27803257951246,-9.761523834516778,-7.897703987128906,141.8376199401576,-58.072647786192036
0.3662,75.01433950928609,-120.38049574694608,-65.25312701717733,128.27821148873682,-9.761212492108783,-7.89771574179071,141.84010324409292,-58.071165626266946
0.36625,75.01882502866877,-120.38058039167352,-65.25791726162102,128.27830188382853,-9.760907767047774,-7.897721492155011,141.84254736896892,-58.06964595817175
0.3663,75.02336554154459,-120.38058039167267,-65.26275566062189,128.27830188382782,-9.76060988092272,-7.897721492155124,141.8449488442087,-58.06808940636561
0.36635,75.02795781765762,-120.38049373237513,-65.26763877204209,128.2782097362748,-9.760319045615544,-7.89771600389965,141.84730425897638,-58.06649664822446
0.3664,75.03259855421042,-120.38031852242493,-65.27256309125825,128.2780238197255,-9.760035462952173,-7.897705297300628,141.84961026861433,-58.064868412048035
0.36645,75.03728437965744,-120.38005299633889,-65.27752505521585,128.27774264602783,-9.759759324441612,-7.897689649688923,141.85186359887888,-58.063205476321386
0.3665,75.04201185683074,-120.37969551713152,-65.2825210458172,128.27736486255182,-9.759490811013542,-7.897669345420258,141.85406104979165,-58.06150866919907
0.36655000000000004,75.04677749114857,-120.37924457843302,-65.28754739842836,128.27688925390189,-9.759230092720216,-7.897644675468844,141.85619950174953,-58.05977886614013
0.36660000000000004,75.05157773241879,-120.37869880685348,-65.292600403875,128.27631474387,-9.758977328543818,-7.897615937016513,141.85827591845478,-58.058016989792456
0.36665000000000003,75.05640898122364,-120.37805696385101,-65.29767631508481,128.27564039687985,-9.75873266613884,-7.897583433028799,141.86028735184794,-58.05622400820223
0.3667,75.06126759521767,-120.37731794732375,-65.30277135359887,128.27486541914442,-9.758496241618792,-7.897547471820709,141.86223094676026,-58.05440093299576
0.36675,75.06614989127966,-120.37648079359076,-65.3078817118807,128.27398916021644,-9.758268179398959,-7.897508366625659,141.8641039437031,-58.05254881906664
0.3668,75.07105215399847,-120.37554467828882,-65.31300356202887,128.27301111343024,-9.758048591969605,-7.8974664351414186,141.86590368408847,-58.05066876186195
0.36685,75.07597063922857,-120.3745089178001,-65.31813305945664,128.27193091688332,-9.75783757977194,-7.8974219990831696,141.86762761329254,-58.0487618964731
0.3669,75.08090157870915,-120.37337297040584,-65.3232663476561,128.27074835413302,-9.757635231053062,-7.897375383727199,141.8692732840492,-58.04682939630507
0.36695,75.08584118817085,-120.37213643645167,-65.32839956646242,128.2694633538919,-9.757441621708436,-7.897326917440251,141.87083836085182,-58.044872470340536
0.367,75.09078566943093,-120.370799059662,-65.33352885421021,128.2680759908863,-9.75725681522074,-7.897276931224243,141.87232062214935,-58.04289236271114
0.36705000000000004,75.09573121785868,-120.36936072703189,-65.33865035532459,128.26658648526828,-9.757080862534117,-7.897225758236367,141.87371796417827,-58.04089035012589
0.36710000000000004,75.10067402803742,-120.36782146887008,-65.3437602260502,128.26499520218533,-9.756913801987242,-7.897173733315277,141.87502840397008,-58.03886773995105
0.36715000000000003,75.10561029677139,-120.36618145948746,-65.3488546374858,128.26330265200164,-9.756755659285592,-7.897121192514182,141.87625008150152,-58.03682586933912
0.3672,75.11053623173827,-120.36444101594293,-65.35392978431754,128.2615094885512,-9.756606447420737,-7.897068472608253,141.8773812631868,-58.03476610200938
0.36725,75.11544805456565,-120.36260059832189,-65.35898188787615,128.25961650895067,-9.75646616668952,-7.897015910628762,141.87842034372002,-58.032689827267696
0.3673,75.1203420063753,-120.36066080907774,-65.3640072016943,128.25762465245694,-9.756334804680998,-7.896963843379156,141.87936584843004,-58.03059845798171
0.36735,75.12521435515285,-120.35862239137803,-65.36900201887583,128.25553499832588,-9.756212336277024,-7.896912606947856,141.8802164357596,-58.02849342771878
0.3674,75.13006139796603,-120.35648622927246,-65.37396267424126,128.2533487655204,-9.756098723724774,-7.896862536247944,141.8809708985641,-58.026376190039336
0.36745,75.13487946870826,-120.35425334544013,-65.37888555205411,128.2510673099616,-9.755993916654177,-7.896813964521404,141.88162816628412,-58.02424821538058
0.3675,75.13966494277513,-120.35192489991023,-65.38376709061,128.24869212278642,-9.755897852165157,-7.896767222876164,141.88218730632164,-58.02211098919986
0.36755000000000004,75.14441424057364,-120.3495021892251,-65.38860378564267,128.24622482904482,-9.755810454931,-7.896722639819629,141.88264752517563,-58.01996601061322
0.36760000000000004,75.14912383551787,-120.34698664317062,-65.39339219824906,128.24366718394302,-9.755731637268834,-7.896680540772357,141.88300816989147,-58.017814788977475
0.36765000000000003,75.15379025645751,-120.34437982403252,-65.39812895715245,128.241021071661,-9.75566129930506,-7.8966412476284935,141.88326872870746,-58.015658842920004
0.3677,75.15841009351958,-120.34168342394688,-65.40281076442542,128.2382885022302,-9.755599329094155,-7.896605078283349,141.88342883189395,-58.013499697792255
0.36775,75.16298000417595,-120.33889926176121,-65.4074344014045,128.23547160793964,-9.75554560277146,-7.8965723461784,141.8834882522997,-58.01133888294149
0.3678,75.167496715355,-120.33602928201147,-65.41199673059316,128.23257264188555,-9.755499984761874,-7.896543359874061,141.88344690559933,-58.00917793079034
0.36785,75.1719570307409,-120.33307555056525,-65.41649470280905,128.2295939731526,-9.755462327931896,-7.896518422587267,141.88330485046365,-58.007018373426526
0.3679,75.17635783407377,-120.33004025242414,-65.42092536024873,128.22653808419946,-9.755432473825097,-7.896497831775266,141.88306228844482,-58.00486174102413
0.36795,75.18069609280711,-120.326925689184,-65.42528583991638,128.22340756789865,-9.755410252890714,-7.896481878714637,141.88271956376306,-58.002709560069334
0.368,75.18496886474675,-120.32373427412837,-65.42957338005185,128.22020512219532,-9.755395484694866,-7.89647084806698,141.8822771626675,-58.000563350058314
0.36805000000000004,75.18917329963509,-120.3204685306492,-65.43378532141797,128.216933548151,-9.755387978217124,-7.896465017501756,141.88173571294334,-57.99842462263801
0.36810000000000004,75.1933066447056,-120.3171310875884,-65.4379191126124,128.21359574487,-9.7553875320932,-7.896464657281579,141.8810959829133,-57.996294878727774
0.36815000000000003,75.19736624896714,-120.31372467515011,-65.44197231406224,128.21019470502884,-9.755393934904902,-7.896470029878711,141.88035888025206,-57.99417560619781
0.3682,75.20134956497856,-120.31025212266549,-65.44594259947506,128.2067335122848,-9.755406965503534,-7.896481389619296,141.87952545104397,-57.99206827880273
0.36825,75.20525415498587,-120.30671635247027,-65.44982776169651,128.20321533476553,-9.755426393289344,-7.896498982295271,141.87859687785806,-57.989974352788735
0.3683,75.20907769271295,-120.30312037715507,-65.45362571414523,128.19964342199057,-9.75545197856773,-7.896523044835482,141.8775744783819,-57.987895265710065
0.36835,75.21281796665055,-120.29946729536697,-65.45733449376708,128.19602110033182,-9.755483472883471,-7.896553804964841,141.87645970362234,-57.985832434421695
0.3684,75.21647288484593,-120.2957602858115,-65.46095226548934,128.19235176667615,-9.755520619356613,-7.8965914808646325,141.87525413537833,-57.983787252171695
0.36845,75.22004047554537,-120.29200260500428,-65.46447732246533,128.18863888589468,-9.755563153080063,-7.896636280890373,141.87395948469558,-57.98176108791558
0.3685,75.22351889176342,-120.28819758090438,-65.46790809029753,128.18488598415323,-9.755610801465858,-7.896688403248855,141.87257758891315,-57.979755283403165
0.36855000000000004,75.22690641361496,-120.28434860841166,-65.47124312896786,128.18109664413842,-9.755663284647136,-7.896748035726729,141.8711104091058,-57.97777115142945
0.36860000000000004,75.23020144949719,-120.2804591459829,-65.47448113361234,128.1772745014181,-9.755720315884826,-7.896815355435251,141.8695600278664,-57.975809974717606
0.36865000000000003,75.23340254044298,-120.27653270833024,-65.47762093849363,128.17342323686003,-9.755781601949394,-7.896890528529789,141.86792864544958,-57.973873002875884
0.3687,75.2365083604232,-120.27257286346158,-65.48066151685634,128.16954657346514,-9.75584684356688,-7.896973710003528,141.8662185774496,-57.97196145167011
0.36875,75.23951771877377,-120.26858322703069,-65.48360198294503,128.1656482704836,-9.755915735828733,-7.897065043452876,141.86443225132535,-57.97007650099119
0.3688,75.2424295627904,-120.26456745596111,-65.48644159416992,128.1617321168224,-9.75598796862051,-7.897164660861202,141.8625722023991,-57.96821929260814
0.36885,75.24524297745226,-120.2605292456408,-65.48917975036761,128.15780192808646,-9.756063227084677,-7.8972726824456165,141.8606410713608,-57.966390929667796
0.3689,75.24795718836903,-120.25647232239953,-65.49181599632533,128.15386153884455,-9.756141192043728,-7.897389216444989,141.85864159948332,-57.96459247407872
0.36895,75.25057156223235,-120.2524004391016,-65.4943500217644,128.14991479809416,-9.756221540467955,-7.897514358992549,141.85657662515578,-57.96282494541562
0.369,75.2530856070913,-120.24831737079914,-65.49678166115274,128.14596556478065,-9.756303945938583,-7.897648193981476,141.8544490803748,-57.961089319895585
0.36905000000000004,75.25549897455377,-120.24422690698037,-65.49911089545942,128.1420176998963,-9.756388079094368,-7.897790792915931,141.85226198537143,-57.959386527963844
0.36910000000000004,75.25781145872891,-120.2401328486986,-65.50133785060719,128.13807506354743,-9.756473608121725,-7.897942214848816,141.85001844564655,-57.95771745403974
0.36915000000000003,75.26002299731718,-120.23603900186824,-65.50346279810407,128.13414150813932,-9.756560199213096,-7.898102506271099,141.8477216468967,-57.956082934704625
0.36920000000000003,75.26213367202429,-120.23194917119453,-65.5054861549837,128.13022087223874,-9.756647517040594,-7.898271701044199,141.84537485011754,-57.95448375725571
0.36925,75.26414370724233,-120.22786715705489,-65.50740848199506,128.12631697743618,-9.756735225247262,-7.898449820381291,141.84298138829027,-57.95292065948431
0.3693,75.26605347112323,-120.22379674737941,-65.50923048421667,128.1224336201547,-9.756822986906531,-7.898636872775307,141.84054466009772,-57.95139432756203
0.36935,75.26786347421576,-120.21974171392198,-65.51095300920068,128.11857456794135,-9.756910465015089,-7.898832854019345,141.83806812606866,-57.949905395700796
0.3694,75.26957436862254,-120.21570580721658,-65.51257704565195,128.11474355442192,-9.756997322970614,-7.899037747205346,141.83555530388298,-57.94845444535193
0.36945,75.27118694800919,-120.21169274908533,-65.51410372296844,128.1109442718128,-9.757083225040843,-7.899251522727443,141.83300976205308,-57.94704200358743
0.3695,75.27270214527685,-120.20770623018566,-65.51553430842098,128.10718036854718,-9.757167836855842,-7.89947413836148,141.8304351166356,-57.945668543360455
0.36955000000000005,75.27412103205242,-120.20374990276841,-65.51687020618047,128.10345544205947,-9.757250825871987,-7.899705539291033,141.82783502484753,-57.94433448211578
0.36960000000000004,75.27544481711627,-120.19982737553565,-65.5181129552686,128.09977303373344,-9.757331861847673,-7.899945658197747,141.8252131798972,-57.94304018121316
0.36965000000000003,75.27667484400205,-120.19594221044726,-65.51926422668116,128.09613662582058,-9.75741061732089,-7.9001944153733055,141.82257330702606,-57.94178594605126
0.36970000000000003,75.27781259008458,-120.19209791474411,-65.52032582202419,128.09254963354041,-9.757486768060401,-7.9004517187962495,141.8199191562854,-57.94057202465552
0.36975,75.2788596636956,-120.1882979382794,-65.52129967015433,128.0890154025799,-9.757559993541259,-7.900717464300434,141.81725449876328,-57.939398608078896
0.3698,75.27981780203037,-120.18454566813932,-65.52218782463663,128.08553720384413,-9.757629977393783,-7.900991535704822,141.81458312093278,-57.93826582994986
0.36985,75.28068886909925,-120.18084442218179,-65.52299246124895,128.08211822714966,-9.757696407850355,-7.90127380496792,141.81190881810593,-57.937173765772506
0.3699,75.28147485233139,-120.17719744719463,-65.52371587413202,128.07876157959876,-9.757758978199364,-7.9015641324041,141.8092353910852,-57.936122433678456
0.36995,75.28217786039762,-120.1736079117136,-65.52436047318756,128.07547027855787,-9.757817387210048,-7.901862366844256,141.80656663893535,-57.935111793615604
0.37,75.28280011995821,-120.17007890238773,-65.52492878039045,128.0722472482581,-9.75787133956776,-7.902168345870314,141.80390635418925,-57.93414174766567
0.37005,75.28334397229325,-120.16661342087642,-65.52542342599855,128.06909531693358,-9.757920546294683,-7.902481896057188,141.80125831844012,-57.93321214051585
0.37010000000000004,75.28381187045174,-120.1632143768193,-65.52584714529765,128.06601721000283,-9.757964725154123,-7.902802833183534,141.79862629487988,-57.93232275891035
0.37015000000000003,75.28420637529186,-120.15988458645131,-65.52620277423136,128.063015548987,-9.758003601060533,-7.90313096253572,141.79601402503116,-57.93147333269272
0.37020000000000003,75.28453015207839,-120.15662676732579,-65.52649324561366,128.06009284648528,-9.75803690646472,-7.903466079159444,141.7934252224751,-57.93066353482257
0.37025,75.2847859667297,-120.153443533555,-65.52672158499318,128.05725150170122,-9.758064381736512,-7.903807968146191,141.79086356683032,-57.92989298162359
0.3703,75.28497668167438,-120.15033739466881,-65.52689090613949,128.05449379964065,-9.758085775534912,-7.904156404971757,141.7883327005893,-57.929161233941706
0.37035,75.28510525199839,-120.14731074917475,-65.52700440683452,128.05182190494781,-9.7581008451639,-7.904511155773043,141.78583622161713,-57.928467797067526
0.3704,75.2851747211148,-120.14436588275827,-65.52706536419564,128.0492378604679,-9.758109356919158,-7.9048719777096315,141.78337767932769,-57.927812121818164
0.37045,75.28518821646627,-120.14150496554949,-65.52707713004706,128.04674358485926,-9.758111086419214,-7.905238619309739,141.7809605700847,-57.927193605408284
0.3705,75.28514894508253,-120.13873004666966,-65.52704312615654,128.04434086746815,-9.758105818925994,-7.905610820798435,141.7785883302194,-57.9266115917877
0.37055,75.28506018902638,-120.13604305424522,-65.52696683937779,128.04203136875572,-9.758093349648602,-7.905988314510495,141.77626433362104,-57.926065373191065
0.37060000000000004,75.28492530070793,-120.13344579076171,-65.52685181667158,128.03981661599715,-9.758073484036357,-7.90637082523537,141.77399188530686,-57.92555419073359
0.37065000000000003,75.2847476980775,-120.13093993035747,-65.52670166002241,128.0376980009767,-9.758046038055097,-7.906758070619251,141.77177421657083,-57.925077235465274
0.37070000000000003,75.28453085991377,-120.12852701853818,-65.52652002146696,128.03567678012462,-9.758010838446811,-7.907149761586419,141.769614482233,-57.924633649913126
0.37075,75.28427832064317,-120.12620846706834,-65.52631059766267,128.0337540697795,-9.757967722980483,-7.907545602711174,141.76751575355203,-57.924222528749624
0.3708,75.28399366550207,-120.12398555411968,-65.5260771248237,128.0319308467953,-9.757916540678364,-7.90794529267563,141.76548101577376,-57.92384292047306
0.37085,75.28368052544198,-120.12185942220043,-65.52582337340964,128.03020794688396,-9.757857152032331,-7.908348524683503,141.7635131636617,-57.923493828700714
0.3709,75.28334257169594,-120.11983107475832,-65.52555314249047,128.028586061638,-9.757789429205486,-7.908754986879669,141.76161499572373,-57.92317421329436
0.37095,75.28298351099129,-120.1179013775857,-65.52527025478398,128.02706574041903,-9.75771325620734,-7.909164362833271,141.75978921284974,-57.92288299229627
0.371,75.28260707990017,-120.11607105522381,-65.52497855083438,128.02564738717064,-9.757628529065805,-7.90957633194681,141.75803841225445,-57.92261904308818
0.37105,75.28221703961357,-120.11434069055923,-65.52468188364264,128.0243312604931,-9.75753515597094,-7.909990569933825,141.75636508434891,-57.92238120409147
0.37110000000000004,75.28181717089551,-120.11271072542303,-65.52438411349108,128.02311747471128,-9.757433057404452,-7.910406749288249,141.7547716105574,-57.92216827662211
0.37115000000000004,75.28141126811641,-120.11118145726725,-65.52408910185741,128.0220059969857,-9.757322166259016,-7.910824539718408,141.7532602573213,-57.92197902621988
0.37120000000000003,75.2810031344244,-120.1097530412527,-65.52380070649845,128.02099664990624,-9.757202427925977,-7.911243608653467,141.7518331752924,-57.921812184750664
0.37125,75.28059657612503,-120.10842548903528,-65.5235227757475,128.02008911073125,-9.757073800377535,-7.911663621695935,141.75049239530856,-57.92166645207212
0.3713,75.28019539694235,-120.10719866771416,-65.52325914271375,128.01928291080486,-9.75693625422859,-7.912084243090709,141.7492398244434,-57.92154049777589
0.37135,75.27980339335967,-120.10607230250703,-65.52301362058974,128.01857743873978,-9.756789772769936,-7.9125051362327765,141.74807724578818,-57.921432963360914
0.3714,75.27942434841758,-120.10504597454654,-65.5227899964146,128.01797193865556,-9.756634352002964,-7.912925964109046,141.74700631328008,-57.921342463889
0.37145,75.2790620267231,-120.10411912279478,-65.52259202608464,128.01746551259632,-9.756470000638457,-7.913346389801529,141.7460285506642,-57.92126759011029
0.3715,75.27872016938933,-120.10329104548657,-65.52242342930657,128.0170571224544,-9.756296740082782,-7.913766076967787,141.74514535001924,-57.92120691051246
0.37155,75.2784024878287,-120.10256089889312,-65.52228788341185,128.01674558918856,-9.756114604416855,-7.914184690295438,141.74435796740505,-57.92115897318792
0.37160000000000004,75.27811265950685,-120.10192770111928,-65.52218901917205,128.0165295971314,-9.755923640334816,-7.9146018960121065,141.7436675238167,-57.921122308111066
0.37165000000000004,75.27785432210074,-120.10139033194059,-65.52213041501368,128.01640769427647,-9.755723907087063,-7.9150173623358695,141.74307500193643,-57.92109542911232
0.37170000000000003,75.2776310681319,-120.10094753410584,-65.52211559173645,128.0163782940562,-9.755515476395457,-7.915430759950346,141.74258124438055,-57.92107683600497
0.37175,75.27744644081054,-120.10059791706779,-65.52214800846913,128.01643967956076,-9.755298432341423,-7.915841762492927,141.74218695464765,-57.92106501681881
0.3718,75.27730392774544,-120.10033995644926,-65.52223105648235,128.01659000343494,-9.755072871263119,-7.916250046985622,141.7418926933207,-57.921058449849916
0.37185,75.2772069568527,-120.10017199794085,-65.52236805524969,128.0168272922653,-9.75483890160299,-7.916655294324459,141.74169887919294,-57.92105560590892
0.3719,75.27715889151115,-120.10009225960034,-65.52256224775283,128.0171494493236,-9.754596643758337,-7.917057189723221,141.74160578864036,-57.921054950484525
0.37195,75.27716302480536,-120.10009883277985,-65.52281679488611,128.0175542559264,-9.754346229919236,-7.917455423146576,141.74161355334786,-57.92105494592515
0.372,75.2772225762674,-120.10018968721616,-65.52313477240556,128.01803937699796,-9.754087803861875,-7.917849689781758,141.74172216289108,-57.92105405365859
0.37205,75.27734068617477,-120.10036267206266,-65.52351916541228,128.01860236250477,-9.753821520762509,-7.918239690442105,141.74193146258241,-57.92105073637747
0.37210000000000004,75.27752041126367,-120.10061551931305,-65.52397286429455,128.01924065131848,-9.753547546969147,-7.918625132005399,141.7422411540966,-57.92104346025342
0.37215000000000004,75.27776472130755,-120.10094584829629,-65.52449866155214,128.01995157613976,-9.753266059755404,-7.9190057278434605,141.7426507974644,-57.921030697084625
0.37220000000000003,75.2780764933039,-120.10135116689126,-65.52509924621252,128.02073236508951,-9.752977247091408,-7.919381198198235,141.7431598090174,-57.92101092655818
0.37225,75.27845850879184,-120.10182887696638,-65.52577720144009,128.02158014757953,-9.752681307351803,-7.919751270613096,141.74376746457676,-57.92098263834692
0.3723,75.27891344944769,-120.10237627744884,-65.52653500040154,128.02249195775204,-9.752378449046164,-7.920115680303197,141.7444728997196,-57.92094433428654
0.37235,75.27944389246993,-120.10299056723665,-65.52737500194104,128.02346473776166,-9.75206889052886,-7.920474170525027,141.74527510980133,-57.920894530590964
0.3724,75.28005230856711,-120.10366885113265,-65.52829944890033,128.02449534409982,-9.751752859666807,-7.920826492967108,141.74617295392187,-57.92083175982412
0.37245,75.2807410568076,-120.10440814205674,-65.52931046326725,128.0255805501309,-9.751430593540352,-7.921172408074133,141.74716515407235,-57.92075457314705
0.3725,75.28151238199227,-120.10520536614445,-65.5304100439015,128.0267170515499,-9.75110233809078,-7.921511685405437,141.7482502980682,-57.920661542319884
0.37255,75.28236841208172,-120.10605736774077,-65.53160006431459,128.0279014717063,-9.750768347767162,-7.921844103965457,141.74942684242302,-57.92055126166181
0.37260000000000004,75.28331115347899,-120.10696091218067,-65.53288226829359,128.02913036467754,-9.750428885185412,-7.922169452496852,141.7506931122089,-57.92042235026961
0.37265000000000004,75.28434249003975,-120.10791269224406,-65.53425826931249,128.03040022205252,-9.750084220727272,-7.922487529808451,141.7520473060101,-57.92027345374755
0.37270000000000003,75.28546417937584,-120.10890933184895,-65.53572954720067,128.0317074768912,-9.74973463217518,-7.922798145042218,141.75348749709968,-57.92010324627023
0.37275,75.28667784994798,-120.1099473905162,-65.53729744563277,128.03304850846357,-9.749380404315222,-7.9231011179473345,141.75501163568933,-57.91991043254022
0.3728,75.28798500040007,-120.11102336970927,-65.5389631718851,128.03441964886045,-9.749021828514977,-7.923396279151141,141.7566175539587,-57.91969374937904
0.37285,75.28938699539441,-120.11213371608011,-65.54072779305723,128.03581718645592,-9.748659202337151,-7.923683470375824,141.758302966605,-57.91945196785165
0.3729,75.29088506498863,-120.11327482760936,-65.54259223589712,128.03723737229447,-9.748292829091547,-7.92396254468509,141.76006547572607,-57.919183894798046
0.37295,75.29248030300877,-120.11444305883455,-65.54455728559672,128.03867642551918,-9.747923017412054,-7.92423336668462,141.7619025743975,-57.918888374511845
0.373,75.29417366397321,-120.1156347248507,-65.54662358314287,128.04013053755767,-9.747550080830338,-7.924495812706953,141.7638116484398,-57.91856429065056
0.37305,75.29596596385815,-120.11684610813892,-65.54879162655638,128.04159587914592,-9.74717433730179,-7.924749771006991,141.76578998262173,-57.91821056743619
0.37310000000000004,75.29785787735499,-120.11807346271765,-65.55106176857338,128.04306860461804,-9.746796108781613,-7.924995141900389,141.76783476273167,-57.917826171481416
0.37315000000000004,75.29984993706776,-120.1193130195938,-65.55343421631308,128.04454485750898,-9.746415720754692,-7.925231837915145,141.76994307978006,-57.91741011322926
0.37320000000000003,75.30194253414294,-120.12056099301815,-65.55590903238203,128.0460207769402,-9.746033501760936,-7.925459783922017,141.77211193564395,-57.91696144807398
0.37325,75.30413591550804,-120.12181358448764,-65.55848613255081,128.04749250171162,-9.74564978295725,-7.925678917223965,141.77433824500014,-57.91647927815834
0.3733,75.30643018534863,-120.1230669892737,-65.5611652877323,128.04895617693697,-9.74526489761635,-7.925889187663274,141.77661884164937,-57.91596275326089
0.37335,75.30882530452149,-120.12431740152769,-65.56394612385562,128.0504079592129,-9.744879180665897,-7.926090557685181,141.7789504825378,-57.9154110720834
0.3734,75.31132108940012,-120.12556101907924,-65.56682812117694,128.05184402146483,-9.744492968223183,-7.926283002385563,141.7813298512158,-57.914823483665856
0.37345,75.31391721435962,-120.12679405000175,-65.56981061727168,128.05326055956263,-9.744106597087972,-7.926466509560871,141.783753564726,-57.91419928793378
0.3735,75.31661321018281,-120.12801271694987,-65.57289280588782,128.05465379666,-9.743720404295006,-7.926641079710105,141.78621817643614,-57.91353783716296
0.37355,75.31940846550368,-120.12921326294924,-65.57607373888624,128.05601998899164,-9.743334726617467,-7.926806726042392,141.78872018171447,-57.912838536715164
0.37360000000000004,75.32230222863417,-120.13039195712308,-65.57935232855351,128.0573554315845,-9.74294990008069,-7.9269634744614175,141.79125602375393,-57.912100845628395
0.37365000000000004,75.32529360643525,-120.13154509907957,-65.58272734692356,128.05865646259636,-9.742566259511687,-7.927111363516743,141.79382209669035,-57.911324277930916
0.37370000000000003,75.32838156784135,-120.13266902511789,-65.58619742981085,128.0599194694796,-9.742184138030483,-7.927250444361658,141.7964147527321,-57.910508402751994
0.37375,75.331564944246,-120.13376011296228,-65.58976107764981,128.06114089363595,-9.74180386659623,-7.927380780673653,141.79903030637382,-57.90965284519081
0.3738,75.33484243046858,-120.13481478672443,-65.59341665692939,128.06231723528643,-9.741425773539229,-7.92750244856196,141.8016650391106,-57.908757287034874
0.37385,75.33821258872295,-120.1358295226834,-65.59716240465306,128.06344505915115,-9.741050184069904,-7.927615536467766,141.80431520643813,-57.90782146662612
0.3739,75.34167384827094,-120.13680085350981,-65.6009964284222,128.06452099853837,-9.74067741984876,-7.92772014502854,141.80697704124123,-57.906845179869975
0.37395,75.34522450903542,-120.13772537366862,-65.60491671053077,128.06554176060968,-9.740307798504666,-7.927816386941048,141.80964676028205,-57.90582828014175
0.374,75.34886274440424,-120.13859974430731,-65.60892111121869,128.06650413110884,-9.739941633185579,-7.927904386801489,141.81232056982194,-57.904770678359625
0.37405,75.35258660187438,-120.13942069754239,-65.61300736973965,128.06740497846397,-9.739579232134746,-7.927984280921568,141.8149946695837,-57.903672343667736
0.37410000000000004,75.35639400830483,-120.14018504169692,-65.61717311008778,128.06824125884054,-9.739220898217066,-7.928056217143575,141.81766525996704,-57.902533302746114
0.37415000000000004,75.36028277120283,-120.14088966543679,-65.62141584268466,128.06901002006063,-9.738866928518203,-7.928120354623881,141.82032854622184,-57.901353640242064
0.37420000000000003,75.36425058179486,-120.14153154224513,-65.62573296788119,128.0697084058523,-9.738517613913718,-7.928176863607147,141.82298074385494,-57.90013349866369
0.37425,75.36829502005273,-120.14210773499356,-65.63012178141591,128.07033366018246,-9.73817323863681,-7.92822592518886,141.8256180851559,-57.89887307762548
0.3743,75.37241355562132,-120.14261539973675,-65.63457947571135,128.07088313078702,-9.737834079909979,-7.928267731050194,141.8282368228861,-57.89757263433034
0.37435,75.37660355336739,-120.14305179003928,-65.63910314585112,128.0713542732317,-9.737500407516277,-7.928302483192421,141.83083323687265,-57.8962324825849
0.3744,75.38086227678266,-120.14341426081965,-65.64368979335276,128.07174465446528,-9.7371724834299,-7.92833039364556,141.83340363905182,-57.89485299244644
0.37445,75.38518689043529,-120.14370027198666,-65.64833632897829,128.07205195615327,-9.736850561457036,-7.9283516841666115,141.83594437782978,-57.89343459015143
0.3745,75.38957446645483,-120.14390739224562,-65.65303957961399,128.07227397817326,-9.736534886840861,-7.928366585927578,141.83845184472943,-57.89197775670129
0.37455,75.39402198655489,-120.14403330241318,-65.65779629060634,128.07240864159544,-9.736225695948557,-7.928375339182218,141.84092247824844,-57.89048302787058
0.37460000000000004,75.39852634701228,-120.14407579876536,-65.66260313109606,128.07245399169315,-9.735923215916236,-7.9283781929278,141.84335276931583,-57.88895099321152
0.37465000000000004,75.40308436421167,-120.1440327961873,-65.66745669989301,128.07240820073605,-9.735627664318683,-7.928375404548711,141.84573926688017,-57.887382294823794
0.37470000000000003,75.40769277683967,-120.14390233112317,-65.67235352795144,128.07226957057438,-9.735339248888256,-7.928367239451149,141.84807858154687,-57.88577762722883
0.37475,75.4123482528082,-120.1436825643563,-65.67729008562276,128.07203653504249,-9.735058167185445,-7.928353970686215,141.85036739158497,-57.88413773559082
0.3748,75.41704739299237,-120.14337178363353,-65.68226278665344,128.07170766219332,-9.734784606338934,-7.928335878559708,141.85260244710793,-57.88246341499545
0.37485,75.42178673525012,-120.14296840615928,-65.687267992468,128.07128165639566,-9.734518742782178,-7.928313250236326,141.85478057429344,-57.880755509605486
0.3749,75.42656276152482,-120.14247098069869,-65.69230201954704,128.07075736002585,-9.734260741977808,-7.928286379327163,141.85689868091106,-57.879014910679196
0.37495,75.4313719004961,-120.141878189827,-65.69736114228031,128.0701337553029,-9.734010758215836,-7.9282555654758395,141.85895375960652,-57.877242556144374
0.375,75.43621053391985,-120.14118885169854,-65.7024415995511,128.0694099656294,-9.733768934368776,-7.928221113930799,141.86094289274047,-57.875439428808676
0.37505,75.44107500227717,-120.14040192164236,-65.70753960058457,128.0685852567514,-9.733535401692617,-7.9281833351090265,141.86286325671344,-57.87360655477054
0.37510000000000004,75.44596160800869,-120.13951649393584,-65.71265132834979,128.06765903809588,-9.733310279658928,-7.928142544160027,141.8647121251575,-57.87174500269574
0.37515000000000004,75.45086662312939,-120.1385318027314,-65.71777294737542,128.06663086324133,-9.733093675753983,-7.928099060509943,141.86648687374043,-57.86985588141512
0.37520000000000003,75.45578629307026,-120.13744722336872,-65.72290060771925,128.0655004307827,-9.732885685351018,-7.928053207413981,141.86818498329072,-57.86794033889712
0.37525000000000003,75.46071684180801,-120.13626227335307,-65.72803045023791,128.0642675848471,-9.732686391570128,-7.928005311493964,141.8698040433249,-57.865999560709575
0.3753,75.46565447898716,-120.13497661262666,-65.73315861384668,128.06293231489664,-9.7324958651405,-7.92795570226993,141.87134175603694,-57.86403476764948
0.37535,75.47059540297818,-120.13359004460854,-65.73828123864519,128.06149475630912,-9.732314164333006,-7.927904711700514,141.87279593877784,-57.86204721492932
0.3754,75.47553580794695,-120.13210251607609,-65.74339447309868,128.0599551897772,-9.732141334848277,-7.927852673701097,141.87416452768875,-57.860038189743875
0.37545,75.48047188916217,-120.130514117224,-65.74849447940133,128.05831404089764,-9.731977409760855,-7.927799923673587,141.87544558054842,-57.85800900947919
0.3755,75.48539984691465,-120.12882508202179,-65.75357743742705,128.05657188005384,-9.73182240948763,-7.927746798032055,141.87663727913616,-57.855961020461635
0.37555,75.49031589419559,-120.12703578714185,-65.75863955246763,128.05472942085697,-9.731676341727969,-7.927693633715144,141.87773793238566,-57.85389559511553
0.37560000000000004,75.49521626025667,-120.12514675202455,-65.76367705877544,128.05278751974194,-9.731539201481244,-7.927640767717372,141.8787459783119,-57.85181413077461
0.37565000000000004,75.50009719638976,-120.12315863803167,-65.76868622534633,128.05074717463566,-9.731410971043456,-7.92758853660395,141.87965998634908,-57.84971804753957
0.37570000000000003,75.50495498245313,-120.12107224700642,-65.77366336243385,128.04860952303582,-9.731291620019293,-7.927537276029352,141.8804786595845,-57.84760878575394
0.37575000000000003,75.50978593001368,-120.11888852102437,-65.7786048246182,128.04637584129384,-9.731181105395496,-7.92748732026944,141.8812008362023,-57.84548780489387
0.3758,75.51458638955057,-120.1166085402254,-65.78350701798064,128.0440475419608,-9.731079371569985,-7.92743900173531,141.8818254914654,-57.84335658065769
0.37585,75.51935275491238,-120.11423352157702,-65.78836640446313,128.04162617208266,-9.730986350449262,-7.927392650505628,141.8823517390265,-57.84121660319547
0.3759,75.52408146758994,-120.11176481758376,-65.79317950604077,128.03911341144442,-9.730901961549177,-7.927348593860633,141.88277883209688,-57.8390693753907
0.37595,75.52876902373973,-120.1092039133699,-65.79794291165335,128.03651106917587,-9.7308261120864,-7.927307155805952,141.88310616470483,-57.83691640985254
0.376,75.53341197717513,-120.10655242559555,-65.80265328003567,128.03382108221965,-9.730758697139473,-7.92726865662409,141.88333327236145,-57.834759227681104
0.37605,75.53800694522843,-120.10381209966643,-65.80730734544996,128.0310455120782,-9.730699599778495,-7.927233412411735,141.88345983281263,-57.83259935588492
0.37610000000000005,75.54255061411506,-120.10098480689834,-65.81190192288354,128.02818654152514,-9.73064869123154,-7.927201734626791,141.8834856664896,-57.83043832495924
0.37615000000000004,75.54703974192148,-120.09807254290443,-65.81643391083418,128.02524647256303,-9.730605831087317,-7.927173929658592,141.883410736732,-57.828277667539496
0.37620000000000003,75.55147116516437,-120.09507742355376,-65.8209002976987,128.02222772192889,-9.73057086746568,-7.927150298375095,141.88323514985848,-57.8261189153122
0.37625000000000003,75.5558418021629,-120.09200168265852,-65.82529816490543,128.01913281836556,-9.7305436372575,-7.927131135707042,141.8829591550061,-57.82396359738657
0.3763,75.56014865715812,-120.08884766901723,-65.82962469080762,128.0159643992451,-9.73052396635052,-7.927116730227841,141.88258314382443,-57.82181323827241
0.37635,75.56438882604778,-120.08561784201012,-65.83387715618501,128.01272520574142,-9.730511669862777,-7.927107363731259,141.88210764980704,-57.819669354994026
0.3764,75.56855949865297,-120.08231476946146,-65.83805294622132,128.00941808031035,-9.730506552431647,-7.927103310848884,141.88153334769638,-57.817533455876976
0.37645,75.57265796396379,-120.07894112306975,-65.84214955549434,128.00604596171397,-9.730508408469461,-7.9271048386441905,141.8808610524193,-57.815407037792916
0.3765,75.57668161400527,-120.07549967455483,-65.84616459154348,128.00261188079054,-9.730517022461783,-7.927112206235723,141.88009171789656,-57.81329158402979
0.37655,75.5806279463398,-120.0719932927431,-65.85009577705297,127.9991189571846,-9.730532169286827,-7.927125664441504,141.87922643592185,-57.81118856282911
0.3766,75.584494569341,-120.06842493801358,-65.85394095482891,127.99557039341217,-9.730553614512097,-7.927145455398597,141.87826643428562,-57.80909942440771
0.37665000000000004,75.58827920430664,-120.06479765920916,-65.85769808955766,127.99196947145025,-9.730581114749056,-7.927171812241023,141.87721307530344,-57.80702559958923
0.37670000000000003,75.59197968888957,-120.06111458916433,-65.86136527089779,127.98831954792276,-9.730614417991795,-7.927204958758399,141.87606785387712,-57.8049684976866
0.37675000000000003,75.59559398114452,-120.05737893928324,-65.8649407171781,127.98462404835306,-9.730653263966458,-7.927245109069799,141.87483239508234,-57.802929503968784
0.3768,75.59912016086078,-120.05359399654901,-65.86842277633995,127.98088646388919,-9.730697384520807,-7.927292467340175,141.87350845236926,-57.800909978577174
0.37685,75.60255643361506,-120.04976311749861,-65.87180992962789,127.97711034496614,-9.730746503987183,-7.927347227467519,141.87209790464607,-57.798911253858265
0.3769,75.60590113294145,-120.04588972382288,-65.8751007933594,127.97329929664144,-9.730800339582077,-7.927409572818546,141.870602753736,-57.79693463268836
0.37695,75.60915272197587,-120.04197729834185,-65.87829412015978,127.96945697431535,-9.730858601816125,-7.927479675973482,141.86902512187322,-57.79498138705732
0.377,75.61230979704847,-120.03802937841085,-65.88138880216123,127.9655870768711,-9.730920994887267,-7.927557698460227,141.86736724806397,-57.7930527554325
0.37705,75.6153710883689,-120.03404955245043,-65.8843838712478,127.96169334300016,-9.730987217121129,-7.927643790549704,141.8656314855429,-57.791149941787054
0.3771,75.61833546236075,-120.03004145421674,-65.88727850097155,127.95777954524192,-9.731056961389248,-7.927738091025126,141.8638202981969,-57.78927411357706
0.37715000000000004,75.62120192376949,-120.02600875695293,-65.89007200822613,127.95384948393752,-9.731129915543427,-7.927840726984551,141.86193625676927,-57.78742639976885
0.37720000000000004,75.62396961587488,-120.02195516980811,-65.89276385300157,127.94990698348529,-9.731205762873312,-7.927951813677176,141.85998203597163,-57.785607890001046
0.37725000000000003,75.6266378229494,-120.01788443082873,-65.89535364040934,127.9459558851433,-9.731284182540088,-7.928071454314566,141.85796040989493,-57.783819632239485
0.3773,75.6292059706439,-120.01380030252552,-65.89784112059958,127.9420000424674,-9.731364850044338,-7.9281997399418875,141.85587424849405,-57.78206263169375
0.37735,75.6316736265372,-120.00970656698092,-65.90022618884964,127.9380433162889,-9.731447437687581,-7.928336749307944,141.8537265137716,-57.78033784957706
0.3774,75.63404050173236,-120.0056070188856,-65.90250888670596,127.9340895676209,-9.731531615026428,-7.928482548735282,141.85152025476813,-57.77864620106137
0.37745,75.63630645013053,-120.00150546200828,-65.90468940077052,127.93014265406194,-9.731617049360056,-7.928637192053601,141.84925860421853,-57.77698855476376
0.3775,75.6384714693243,-119.99740570264345,-65.906768063134,127.926206423143,-9.731703406190272,-7.92880072049955,141.8469447735149,-57.77536573102739
0.37755,75.64053570068623,-119.99331154398602,-65.90874535098608,127.92228470665033,-9.731790349700189,-7.928973162664307,141.84458204802493,-57.773778500675526
0.3776,75.64249942841123,-119.9892267821934,-65.91062188517135,127.91838131666083,-9.731877543239856,-7.929154534467413,141.84217378327867,-57.772227584485286
0.37765000000000004,75.64436308011277,-119.98515519902016,-65.91239843032197,127.91450003812864,-9.731964649790841,-7.929344839108437,141.8397233990848,-57.77071365139095
0.37770000000000004,75.64612722549687,-119.98110055784552,-65.91407589303823,127.91064462492912,-9.73205133245861,-7.929544067083605,141.83723437549077,-57.76923731807339
0.37775000000000003,75.64779257563923,-119.97706659824227,-65.91565532069234,127.90681879443744,-9.732137254946892,-7.929752196195207,141.83471024783037,-57.767799148028416
0.3778,75.64935998251147,-119.97305702934467,-65.91713790048078,127.90302622091208,-9.732222082030685,-7.929969191567417,141.8321546008873,-57.766399650289806
0.37785,75.6508304369385,-119.96907552657972,-65.91852495689339,127.89927053230343,-9.7323054800451,-7.930195005723685,141.829571065066,-57.76503927941212
0.3779,75.65220506785006,-119.96512572482254,-65.91981795050152,127.89555530345059,-9.732387117348534,-7.930429578628048,141.82696331022717,-57.763718434239884
0.37795,75.65348514050794,-119.96121121357092,-65.92101847570824,127.89188405135286,-9.732466664799741,-7.930672837781944,141.82433504068345,-57.7624374574608
0.378,75.65467205435293,-119.95733553295992,-65.92212825812503,127.88826023129685,-9.73254379622795,-7.930924698336922,141.82168999070214,-57.76119663546925
0.37805,75.65576734165353,-119.95350216672912,-65.92314915276395,127.88468722991982,-9.732618188889612,-7.931185063190658,141.8190319178561,-57.75999619729822
0.3781,75.65677266475156,-119.94971453907284,-65.92408314081548,127.88116836222348,-9.73268952393606,-7.9314538231506315,141.81636459890996,-57.758836314866976
0.37815000000000004,75.65768981391764,-119.94597600913913,-65.92493232705553,127.87770686621576,-9.732757486862099,-7.931730857076604,141.81369182404057,-57.75771710251291
0.37820000000000004,75.65852070500716,-119.94228986535396,-65.92569893705469,127.87430589739965,-9.732821767952505,-7.932016032045701,141.81101739080285,-57.75663861655352
0.37825000000000003,75.65926737627969,-119.93865932268466,-65.92638531355212,127.87096852625129,-9.732882062727597,-7.9323092035666605,141.80834510013293,-57.755600855767206
0.3783,75.65993198594215,-119.93508751612973,-65.92699391357213,127.86769773188462,-9.732938072370041,-7.932610215754879,141.80567874954474,-57.754603760813275
0.37835,75.6605168088579,-119.93157749714861,-65.92752730470285,127.86449639872227,-9.732989504155062,-7.9329189015736,141.8030221283666,-57.75364721457036
0.3784,75.66102423324678,-119.92813222995801,-65.92798816138222,127.8613673130316,-9.733036071864571,-7.933235083073576,141.80037901285823,-57.75273104244913
0.37845,75.66145675753799,-119.92475458550335,-65.92837926134396,127.85831315712637,-9.733077496194023,-7.93355857162302,141.79775315944184,-57.75185501215149
0.3785,75.6618169865532,-119.92144733937873,-65.92870348140221,127.85533650758714,-9.733113505151021,-7.933889168208358,141.79514830091352,-57.7510188345101
0.37855,75.6621076279495,-119.91821316675878,-65.92896379350876,127.8524398304527,-9.73314383444073,-7.934226663693916,141.7925681402647,-57.75022216359502
0.3786,75.66233148837009,-119.9150546382281,-65.92916326052715,127.84962547734838,-9.733168227842931,-7.934570839120304,141.7900163451053,-57.749464597114006
0.37865000000000004,75.66249146934408,-119.91197421778469,-65.92930503176777,127.84689568382277,-9.73318643757633,-7.934921466038066,141.78749654378987,-57.74874567736765
0.37870000000000004,75.66259056328634,-119.90897425726844,-65.9293923386359,127.84425256406769,-9.733198224650458,-7.935278306799244,141.78501231857257,-57.74806489140004
0.37875000000000003,75.66263184915938,-119.90605699437677,-65.92942848995305,127.84169810929929,-9.733203359206335,-7.935641114922463,141.7825672016139,-57.74742167203874
0.3788,75.66261848811563,-119.90322454956434,-65.92941686727242,127.83923418500044,-9.73320162084321,-7.9360096354361165,141.78016467003198,-57.74681539870167
0.37885,75.66255371900994,-119.90047892153811,-65.92936092007837,127.83686252676506,-9.733192798931587,-7.936383605226896,141.77780813969537,-57.746245397945984
0.3789,75.66244085379634,-119.89782198650259,-65.92926416088329,127.83458473994386,-9.733176692913025,-7.936762753441225,141.77550096212426,-57.745710944866
0.37895,75.66228327279357,-119.89525549393362,-65.92913016020732,127.8324022957789,-9.733153112586267,-7.937146801845287,141.77324641838487,-57.74521126378817
0.379,75.66208441986498,-119.89278106428468,-65.92896254148782,127.83031652951436,-9.733121878377188,-7.93753546522966,141.77104771457138,-57.74474552941302
0.37905,75.66184779761437,-119.89040018794644,-65.92876497602093,127.82832863977407,-9.73308282159349,-7.937928451827571,141.7689079783551,-57.744312868222636
0.3791,75.6615769622453,-119.88811422108303,-65.92854117757898,127.82643968478635,-9.733035784666352,-7.938325463703306,141.76683025271186,-57.74391235933087
0.37915000000000004,75.66127551864903,-119.88592438542358,-65.92829489727664,127.82465058262672,-9.732980621372434,-7.938726197203128,141.76481749311574,-57.74354303610918
0.37920000000000004,75.66094711524025,-119.8838317660545,-65.92802991819646,127.82296210942701,-9.7329171970438,-7.939130343372478,141.7628725629064,-57.743203887468646
0.37925000000000003,75.66059543862481,-119.88183730884997,-65.92775004986561,127.82137489724096,-9.73284538875921,-7.93953758839096,141.76099822826032,-57.74289385912243
0.3793,75.66022420864596,-119.87994182108424,-65.92745912312924,127.81988943512376,-9.732765085516757,-7.9399476140394984,141.75919715605446,-57.74261185540629
0.37935,75.65983717279593,-119.87814596845635,-65.92716098440029,127.81850606658384,-9.732676188395683,-7.940360098127421,141.75747190835665,-57.74235674054314
0.3794,75.65943810100711,-119.876450274857,-65.92685949031346,127.81722498982427,-9.73257861069367,-7.940774714967247,141.75582493943728,-57.742127340370644
0.37945,75.65903078045667,-119.87485512239094,-65.92655850240621,127.81604625823095,-9.732472278050485,-7.9411911358399925,141.7542585930042,-57.74192244412034
0.3795,75.65861900977029,-119.87336074901661,-65.92626188121288,127.81496977845951,-9.732357128557421,-7.941609029442922,141.75277509710153,-57.74174080588926
0.37955,75.65820659406143,-119.87196725008926,-65.92597348122183,127.813995312477,-9.732233112839584,-7.942028062387752,141.75137656275564,-57.74158114666907
0.3796,75.65779733929836,-119.87067457728287,-65.92569714516758,127.81312247693809,-9.7321001941308,-7.942447899655206,141.75006498004572,-57.74144215604073
0.37965000000000004,75.65739504672918,-119.86948253817515,-65.92543669840394,127.812350743249,-9.73195834832525,-7.942868205073789,141.7488422147663,-57.7413224939932
0.37970000000000004,75.65700350797796,-119.86839079814935,-65.92519594397066,127.81167943996343,-9.731807564007331,-7.943288641814053,141.74771000740733,-57.74122079301372
0.37975000000000003,75.65662649905272,-119.86739887898075,-65.92497865657757,127.81110775182381,-9.731647842475176,-7.943708872843028,141.74666996875038,-57.741135659835656
0.3798,75.65626777532668,-119.86650616066483,-65.9247885775931,127.81063472208676,-9.731479197733583,-7.944128561421933,141.7457235787261,-57.741065677553976
0.37985,75.655931066332,-119.86571188248372,-65.92462940985924,127.81025925406855,-9.731301656472809,-7.94454737158478,141.744872184528,-57.74100940764138
0.3799,75.6556200698456,-119.86501514269867,-65.92450481180641,127.80998011129645,-9.731115258039218,-7.944964968597737,141.7441169971869,-57.7409653919106
0.37995,75.65533844741637,-119.86441490166315,-65.92441839304912,127.80979592112594,-9.730920054367274,-7.945381019462745,141.7434590918084,-57.74093215472296
0.38,75.655089818619,-119.86390998201529,-65.92437370870428,127.80970517538492,-9.730716109914747,-7.945795193369592,141.74289940466144,-57.74090820500255
0.38005,75.65487775587255,-119.86349907041865,-65.92437425430272,127.80970623259007,-9.730503501569848,-7.946207162171405,141.7424387318783,-57.74089203839207
0.3801,75.65470577999086,-119.86318072059196,-65.92442346145687,127.80979732145701,-9.730282318534012,-7.94661660086502,141.74207772963632,-57.74088213943713
0.38015000000000004,75.65457735424343,-119.86295335362935,-65.924524692035,127.80997654165813,-9.730052662208445,-7.947023188028735,141.7418169112543,-57.74087698369558
0.38020000000000004,75.65449588016317,-119.86281526161835,-65.92468123412533,127.81024186792008,-9.729814646037847,-7.947426606301698,141.7416566480104,-57.74087503996142
0.38025000000000003,75.65446469259378,-119.86276460978385,-65.92489629724093,127.81059115261138,-9.729568395352873,-7.947826542827483,141.74159716830968,-57.740874772431155
0.3803,75.65448705433732,-119.86279943816957,-65.9251730071386,127.81102212785842,-9.729314047198763,-7.948222689688784,141.74163855624695,-57.74087464290683
0.38035,75.65456615255411,-119.86291766604337,-65.92551440242853,127.81153241041191,-9.729051750125562,-7.948614744368576,141.74178075341047,-57.740873112988226
0.3804,75.65470509329974,-119.86311709343413,-65.92592342930709,127.81211950359014,-9.728781663992685,-7.949002410155974,141.74202355726567,-57.74086864628271
0.38045,75.65490689740518,-119.86339540473617,-65.92640293767235,127.81278080131787,-9.728503959732851,-7.949385396581689,141.74236662200607,-57.74085971060207
0.3805,75.65517449671141,-119.86375017269948,-65.92695567760613,127.81351359253512,-9.728218819105289,-7.949763419835609,141.74280945991993,-57.74084478012125
0.38055,75.65551072879322,-119.86417886042241,-65.92758429434159,127.8143150635737,-9.727926434451659,-7.950136203151255,141.7433514402629,-57.74082233762232
0.3806,75.65591833401967,-119.8646788263801,-65.92829132561525,127.8151823036033,-9.727627008404466,-7.950503477223138,141.74399179194546,-57.74079087659423
0.38065000000000004,75.6563999511621,-119.86524732756153,-65.92907919755099,127.81611230813533,-9.727320753611123,-7.9508649805738,141.744729603847,-57.74074890342072
0.38070000000000004,75.6569581132496,-119.86588152288402,-65.9299502208184,127.81710198281074,-9.727007892431255,-7.951220459926659,141.7455638254971,-57.74069493954289
0.38075000000000003,75.65759524505138,-119.8665784785387,-65.93090658844311,127.81814814911876,-9.726688656608333,-7.951569670579984,141.7464932702594,-57.74062752348174
0.3808,75.65831365841709,-119.86733517075896,-65.93195037145897,127.81924754749348,-9.726363286958106,-7.951912376734517,141.74751661519326,-57.74054521303625
0.38085,75.65911554966733,-119.86814849088272,-65.93308351665566,127.82039684272785,-9.726032033011707,-7.952248351845095,141.74863240395027,-57.74044658727486
0.3809,75.66000299671579,-119.8690152500335,-65.93430784405271,127.82159262897304,-9.725695152663102,-7.952577378939477,141.749839049206,-57.740330248535656
0.38095,75.6609779550435,-119.86993218255044,-65.93562504323036,127.82283143346724,-9.725352911813186,-7.952899250916758,141.75113483342145,-57.74019482454811
0.381,75.66204225624723,-119.87089595197558,-65.93703667227356,127.82410972283452,-9.725005583973681,-7.953213770858891,141.7525179131415,-57.740038970225925
0.38105,75.66319760456685,-119.87190315493856,-65.93854415467409,127.82542390723547,-9.724653449892832,-7.9535207522968445,141.75398632043724,-57.739861369695916
0.3811,75.6644455743751,-119.87295032594228,-65.9401487772226,127.82677034542205,-9.724296797152517,-7.95382001947973,141.75553796562374,-57.7396607381915
0.38115000000000004,75.66578760896219,-119.87403394319537,-65.941851689213,127.82814535082795,-9.723935919749264,-7.9541114076325234,141.75717064155498,-57.739435823728336
0.38120000000000004,75.66722501705605,-119.87515043238481,-65.94365389936195,127.82954519556085,-9.7235711176941,-7.954394763176024,141.7588820249676,-57.73918540910852
0.38125000000000003,75.66875897200943,-119.87629617267096,-65.9455562754396,127.83096611662876,-9.723202696569842,-7.954669943957772,141.76066968112835,-57.73890831349159
0.38130000000000003,75.67039051005777,-119.8774675017075,-65.947559542957,127.83240432115866,-9.722830967100796,-7.954936819451148,141.76253106716027,-57.73860339407176
0.38135,75.67212052786644,-119.87866072017998,-65.94966428314527,127.83385599111298,-9.722456244721185,-7.955195270932954,141.7644635345825,-57.73826954789297
0.3814,75.67394978278062,-119.87987209814473,-65.95187093367434,127.83531728981168,-9.72207884910633,-7.955445191666904,141.76646433481488,-57.737905713127645
0.38145,75.67587889049638,-119.8810978794382,-65.95417978675931,127.83678436648064,-9.721699103737127,-7.955686487042396,141.768530621674,-57.73751087081939
0.3815,75.67790832447439,-119.8823342872754,-65.9565909890426,127.83825336198944,-9.721317335431808,-7.955919074713987,141.77065945580415,-57.73708404628549
0.38155,75.68003841612123,-119.88357753010274,-65.95910454224807,127.83972041482693,-9.720933873873188,-7.956142884724141,141.7728478097331,-57.736624310310965
0.3816,75.6822693527536,-119.88482380607665,-65.96172030159327,127.8411816656661,-9.720549051160317,-7.956357859589446,141.7750925705809,-57.73613078080284
0.38165000000000004,75.68460117876934,-119.88606930931299,-65.96443797745603,127.84263326370922,-9.720163201313284,-7.956563954396211,141.777390545978,-57.73560262372935
0.38170000000000004,75.68703379505826,-119.88731023496514,-65.9672571352477,127.84407137182264,-9.71977665981058,-7.95676113685746,141.77973846805145,-57.7350390544072
0.38175000000000003,75.68956695846184,-119.88854278432856,-65.970177195345,127.84549217168414,-9.71938976311684,-7.956949387355552,141.78213299745937,-57.734439338776724
0.38180000000000003,75.69220028365193,-119.88976317098705,-65.97319743546792,127.84689186996836,-9.719002848184003,-7.95712869898128,141.7845707295961,-57.73380279407435
0.38185,75.69493324211474,-119.89096762543888,-65.97631699011798,127.84826670297002,-9.71861625199674,-7.957299077531094,141.78704819796567,-57.7331287901655
0.3819,75.69776516365505,-119.89215240084177,-65.9795348525778,127.84961294234803,-9.718230311077274,-7.957460541506218,141.7895618798455,-57.73241675025685
0.38195,75.70069523781633,-119.89331377850867,-65.98284987681095,127.85092690059562,-9.717845361005413,-7.9576131220869515,141.79210820169325,-57.731666151582836
0.382,75.70372251358377,-119.8944480726135,-65.98626077762493,127.85220493569442,-9.71746173595886,-7.957756863080871,141.79468354296753,-57.73087652650798
0.38205,75.70684590241434,-119.89555163609103,-65.98976613420172,127.85344345696228,-9.71707976821265,-7.957891820871259,141.7972842427332,-57.73004746274926
0.3821,75.71006417877398,-119.89662086544585,-65.99336439108801,127.85463892977387,-9.716699787686023,-7.958018064327949,141.79990660401205,-57.729178604214646
0.38215000000000005,75.71337598167608,-119.89765220580797,-65.99705386020655,127.85578788052058,-9.716322121469585,-7.958135674712602,141.8025468988746,-57.72826965155223
0.38220000000000004,75.71677981793296,-119.89864215643105,-66.00083272458679,127.85688690199704,-9.715947093346161,-7.95824474556597,141.80520137481997,-57.72732036220931
0.38225000000000003,75.72027406255914,-119.89958727512517,-66.00469903920528,127.85793265769334,-9.715575023353912,-7.958345382568156,141.807866258732,-57.72633055123454
0.38230000000000003,75.72385696228034,-119.90048418351245,-66.00865073497035,127.85892188690777,-9.715206227309988,-7.958437703395288,141.81053776318814,-57.72530009119642
0.38235,75.72752663800702,-119.9013295718208,-66.01268562163827,127.859851409369,-9.714841016368752,-7.958521837548192,141.8132120918233,-57.72422891235588
0.3824,75.73128108633192,-119.90212020329693,-66.01680138974288,127.86071812946454,-9.714479696589063,-7.958597926167596,141.8158854438489,-57.723117003090294
0.38245,75.73511818412618,-119.90285291921701,-66.02099561564935,127.86151904105492,-9.714122568476851,-7.958666121837875,141.81855402073083,-57.72196440938795
0.3825,75.73903569017287,-119.90352464309048,-66.02526576359223,127.86225123145391,-9.713769926580676,-7.958726588363396,141.8212140306008,-57.72077123518092
0.38255,75.74303124863418,-119.90413238508035,-66.02960918957318,127.86291188562153,-9.713422059061045,-7.958779500541113,141.82386169382937,-57.71953764209856
0.3826,75.74710239338557,-119.90467324643541,-66.03402314611135,127.86349829034523,-9.713079247274251,-7.958825043909811,141.82649324906996,-57.71826384892789
0.38265000000000005,75.75124654981845,-119.90514442333804,-66.03850478442565,127.8640078378232,-9.712741765392778,-7.958863414485123,141.82910495745554,-57.71695013181318
0.38270000000000004,75.75546103999791,-119.90554321111354,-66.04305116000631,127.8644380295968,-9.712409879991602,-7.958894818483233,141.83169310889178,-57.71559682338817
0.38275000000000003,75.75974308600021,-119.90586700800273,-66.04765923631732,127.8647864800279,-9.712083849682928,-7.9589194720251335,141.83425402700715,-57.71420431243661
0.38280000000000003,75.76408981304934,-119.90611331880223,-66.0523258882971,127.86505091963222,-9.711763924752265,-7.9589376008299455,141.83678407388277,-57.71277304359354
0.38285,75.76849825526708,-119.90627975853526,-66.05704790848442,127.8652291984299,-9.711450346782671,-7.958949439894599,141.8392796562029,-57.71130351616166
0.3829,75.77296535829093,-119.906364055736,-66.061822009956,127.865319288895,-9.711143348334966,-7.958955233158944,141.8417372294046,-57.70979628391478
0.38295,75.77748798430407,-119.90636405573511,-66.06664483170177,127.86531928889418,-9.7108431526023,-7.958955233159058,141.84415330311586,-57.708251954078996
0.383,75.78206291708425,-119.9062777237157,-66.07151294399428,127.8652274243829,-9.710549973090014,-7.958949700667159,141.84652444640918,-57.70667118625899
0.38305,75.78668686503637,-119.90610314761327,-66.07642285170523,127.865042051935,-9.710264013331171,-7.958938904321721,141.84884729184495,-57.705054692020234
0.3831,75.79135646754474,-119.90583854081514,-66.08137100097333,127.86476166105953,-9.709985466571432,-7.958923120244343,141.85111854111855,-57.70340323329577
0.38315000000000005,75.79606829886669,-119.90548224470531,-66.08635378335515,127.86438487635378,-9.709714515511557,-7.958902631648466,141.85333496926256,-57.70171762160035
0.38320000000000004,75.80081887262303,-119.90503273108436,-66.09136754057512,127.86391045951932,-9.709451332047918,-7.9588777284349,141.85549342906188,-57.69999871701511
0.38325000000000004,75.80560464820363,-119.90448860420597,-66.09640857119301,127.86333731098593,-9.70919607701064,-7.958848706779914,141.85759085616783,-57.698247426437156
0.38330000000000003,75.81042203407615,-119.90384860292737,-66.10147313411724,127.86266447164272,-9.708948899958946,-7.958815868715348,141.85962427265366,-57.69646470291228
0.38335,75.81526739397567,-119.90311160240445,-66.10655745502491,127.86189112410106,-9.7087099389508,-7.958779521696587,141.8615907917245,-57.69465154388734
0.3834,75.82013705220916,-119.90227661564325,-66.1116577318605,127.86101659380928,-9.708479320348683,-7.958739978166087,141.86348762183314,-57.69280898973535
0.38345,75.82502729762352,-119.90134279511628,-66.11677013896924,127.8600403502271,-9.708257158654304,-7.9586975551107955,141.86531207013692,-57.69093812275205
0.3835,75.82993439059484,-119.90030943367071,-66.12189083427349,127.85896200727868,-9.708043556321373,-7.958652573607916,141.86706154697046,-57.68904006496997
0.38355,75.83485456711229,-119.89917596575523,-66.12701596348073,127.85778132412683,-9.707838603631583,-7.958605358371539,141.86873356903632,-57.68711597703428
0.3836,75.83978404422969,-119.89794196823269,-66.13214166567127,127.85649820552148,-9.707642378558436,-7.958556237288803,141.87032576297656,-57.68516705652385
0.38365,75.8447190265199,-119.89660716071066,-66.13726407987288,127.85511270166268,-9.707454946647049,-7.958505540951981,141.87183586907418,-57.68319453582751
0.38370000000000004,75.84965570982057,-119.89517140636032,-66.14237934887895,127.85362500855331,-9.707276360941659,-7.958453602192917,141.87326174392,-57.68119968105137
0.38375000000000004,75.85459028799585,-119.89363471175716,-66.14748362610705,127.85203546736211,-9.70710666188882,-7.95840075560492,141.8746013638663,-57.67918378968715
0.38380000000000003,75.85951895802307,-119.89199722694336,-66.15257308073329,127.8503445640121,-9.706945877289815,-7.9583473370687,141.8758528277735,-57.677148188901214
0.38385,75.8644379245378,-119.8902592455096,-66.1576439022687,127.84855292878598,-9.7067940222691,-7.958293683276396,141.87701435948514,-57.67509423401398
0.3839,75.86934340681204,-119.88842120363744,-66.16269230758178,127.84666133488524,-9.706651099230276,-7.958240131247771,141.87808431072628,-57.67302330592567
0.38395,75.87423164268387,-119.8864836799895,-66.16771454480512,127.84467069784516,-9.706517097878756,-7.958187017855673,141.8790611630907,-57.670936809766616
0.384,75.87909889446824,-119.88444739469077,-66.17270689924862,127.84258207403634,-9.70639199521965,-7.958134679345574,141.87994353032028,-57.668836172676365
0.38405,75.88394145488346,-119.8823132080436,-66.17766569929407,127.84039665889748,-9.706275755589395,-7.958083450853887,141.88073016036972,-57.66672284152086
0.3841,75.8887556508963,-119.88008211991357,-66.18258732017246,127.8381157858516,-9.706168330723845,-7.958033665938013,141.88141993692713,-57.66459828146558
0.38415,75.89353785040933,-119.8777552676674,-66.1874681906051,127.83574092376197,-9.706069659804246,-7.957985656094535,141.88201188123276,-57.66246397326716
0.38420000000000004,75.89828446671203,-119.87533392486635,-66.19230479715353,127.83327367515788,-9.705979669558511,-7.957939750291538,141.88250515334212,-57.66032141149168
0.38425000000000004,75.90299196318848,-119.87281949967058,-66.1970936888218,127.83071577417383,-9.705898274366696,-7.95789627450322,141.88289905328426,-57.65817210258388
0.38430000000000003,75.90765685960949,-119.8702135321799,-66.20183148324257,127.82806908341695,-9.705825376366914,-7.957855551237036,141.88319302217099,-57.656017562166426
0.38435,75.91227573565894,-119.8675176929961,-66.20651487004328,127.82533559208352,-9.705760865615662,-7.957817899087414,141.8833866428605,-57.653859313547215
0.3844,75.91684523662326,-119.86473378041032,-66.21114061639467,127.82251741268368,-9.705704620228614,-7.957783632273308,141.88347964061936,-57.651698885191976
0.38445,75.92136207835979,-119.86186371770256,-66.21570557180272,127.81961677789444,-9.705656506557103,-7.95775306019184,141.883471883495,-57.64953780846737
0.3845,75.92582305087431,-119.85890955108967,-66.22020667148574,127.81663603807577,-9.705616379388617,-7.957726486986058,141.88336338249448,-57.64737761599888
0.38455,75.93022502427407,-119.85587344593617,-66.22464094213827,127.81357765703645,-9.70558408213582,-7.957704211100254,141.88315429156896,-57.64521983884293
0.3846,75.93456495229636,-119.85275768426419,-66.2290055052229,127.81044420913005,-9.705559447073446,-7.957686524865865,141.88284490740048,-57.6430660047668
0.38465,75.93883987662701,-119.84956466154652,-66.23329758105322,127.80723837562958,-9.705542295573796,-7.957673714083031,141.8824356690081,-57.64091763610394
0.38470000000000004,75.94304693201404,-119.84629688262694,-66.23751449366235,127.80396294023284,-9.705532438351716,-7.957666057605838,141.88192715704437,-57.638776247149245
0.38475000000000004,75.94718334905895,-119.8429569591207,-66.24165367330852,127.80062078608202,-9.705529675750453,-7.957663826961297,141.88132009310186,-57.63664334266596
0.38480000000000003,75.95124645912604,-119.83954760496226,-66.24571266111614,127.79721489091014,-9.705533798009899,-7.957667285947871,141.88061533858993,-57.6345204152692
0.38485,75.95523369798654,-119.83607163263872,-66.24968911241439,127.79374832290577,-9.705544585572161,-7.957676690267018,141.87981389351577,-57.632408943388775
0.3849,75.95914260874889,-119.83253194981833,-66.25358079935063,127.79022423698336,-9.70556180939831,-7.957692287164981,141.87891689521908,-57.63031038956012
0.38495,75.96297084653014,-119.82893155417729,-66.25738561524902,127.78664586924353,-9.705585231281145,-7.9577143150662195,141.87792561651898,-57.6282261977312
0.385,75.96671618079841,-119.82527353002453,-66.26110157660061,127.78301653327505,-9.705614604197832,-7.957743003250446,141.8768414641346,-57.62615779175155
0.38505,75.97037649883006,-119.82156104367223,-66.2647268261749,127.77933961518998,-9.705649672655186,-7.957778571517736,141.8756659766447,-57.624106573209126
0.3851,75.97394980926596,-119.81779733836822,-66.2682596362184,127.77561856824023,-9.705690173047572,-7.957821229871987,141.87440082213263,-57.62207391913745
0.38515,75.97743424387336,-119.81398573077718,-66.27169840982653,127.77185690901382,-9.705735834046832,-7.9578711782366165,141.8730477961793,-57.62006118066884
0.38520000000000004,75.98082806122201,-119.81012960520863,-66.27504168425111,127.76805821136223,-9.705786376970932,-7.957928606153563,141.87160881898066,-57.61806968054618
0.38525000000000004,75.98412964872892,-119.8062324092398,-66.2782881325379,127.76422610176367,-9.70584151619102,-7.957993692523859,141.87008593277028,-57.61610071149151
0.38530000000000003,75.98733752458709,-119.80229764925501,-66.2814365650478,127.76036425460892,-9.70590095953932,-7.958066605353872,141.86848129911104,-57.614155534595085
0.38535,75.99045034081134,-119.79832888434774,-66.2844859320987,127.75647638585338,-9.70596440871271,-7.958147501505588,141.8667971954032,-57.612235376967725
0.3854,75.99346688416446,-119.79432972244844,-66.28743532445243,127.75256624893646,-9.706031559712068,-7.958236526487988,141.8650360121383,-57.610341430596435
0.38545,75.99638607840242,-119.79030381457012,-66.29028397513719,127.74863762881023,-9.70610210326525,-7.958333814240111,141.86320024927045,-57.60847485034146
0.3855,75.99920698601072,-119.78625484931139,-66.29303126074494,127.74469433625146,-9.70617572526579,-7.958439486940056,141.8612925125338,-57.606636752161144
0.38555,76.00192880875288,-119.7821865486966,-66.2956767015222,127.7407402035392,-9.706252107230682,-7.95855365484262,141.85931551025297,-57.604828212029894
0.3856,76.00455088972967,-119.77810266158427,-66.2982199629913,127.73677907769,-9.706330926738401,-7.958676416105683,141.85727204891026,-57.60305026381324
0.38565,76.00707271373683,-119.77400695914231,-66.30066085583735,127.73281481580611,-9.706411857899491,-7.95880785666377,141.85516502954675,-57.601303898168936
0.38570000000000004,76.00949390794763,-119.76990322961446,-66.30299933613095,127.72885127971745,-9.706494571816705,-7.958948050102945,141.8529974437394,-57.599590061182475
0.38575000000000004,76.01181424305766,-119.76579527191429,-66.30523550601099,127.72489232946191,-9.706578737046717,-7.959097057547609,141.85077236883552,-57.597909652589856
0.38580000000000003,76.01403363278973,-119.76168689158693,-66.30736961270654,127.72094181917569,-9.706664020083208,-7.959254927588738,141.8484929643082,-57.596263525070505
0.38585,76.01615213460609,-119.75758189441602,-66.3094020487855,127.7170035906177,-9.706750085820621,-7.959421696201657,141.8461624667701,-57.59465248261753
0.3859,76.01816994954856,-119.75348408107327,-66.31133335151311,127.71308146777059,-9.706836598035494,-7.959597386697277,141.84378418539995,-57.593077279429586
0.38595,76.02008742152978,-119.74939724260435,-66.3131642016623,127.70917925230503,-9.706923219867491,-7.959782009700644,141.84136149778064,-57.59153861916972
0.386,76.02190503749969,-119.74532515366634,-66.31489542320905,127.7053007167808,-9.70700961429071,-7.959975563114405,141.8388978443075,-57.59003715343764
0.38605,76.02362342622477,-119.7412715682665,-66.31652798162301,127.70144960040886,-9.70709544460179,-7.960178032142338,141.83639672396427,-57.58857348125545
0.3861,76.02524335753333,-119.73724021418037,-66.31806298263983,127.6976296034819,-9.70718037489353,-7.960389389301502,141.83386168923306,-57.58714814810725
0.38615,76.02676574150797,-119.7332347868823,-66.31950167097563,127.69384438133643,-9.70726407053238,-7.960609594454125,141.83129634056377,-57.585761644890134
0.38620000000000004,76.02819162666617,-119.72925894565824,-66.32084542802677,127.69009754054221,-9.707346198639344,-7.9608385948839535,141.82870432214193,-57.5844144076817
0.38625000000000004,76.0295221989315,-119.72531630716765,-66.32209577037375,127.68639263251805,-9.707426428557765,-7.961076325350383,141.8260893159265,-57.58310681668466
0.38630000000000003,76.03075877977817,-119.72141044072674,-66.32325434745138,127.68273314891862,-9.707504432326806,-7.961322708191804,141.82345503669612,-57.5818391958252
0.38635,76.0319028241736,-119.71754486384533,-66.32432293902481,127.67912251728781,-9.707579885148796,-7.961577653442419,141.82080522719997,-57.58061181247426
0.3864,76.03295591890358,-119.71372303588804,-66.32530345305639,127.67556409482799,-9.70765246584722,-7.961841058939948,141.8181436519293,-57.57942487663157
0.38645,76.03391977993184,-119.70994835449461,-66.32619792260361,127.67206116498951,-9.70772185732827,-7.962112810494892,141.81547409269862,-57.57827854103575
0.3865,76.03479625013081,-119.70622415012865,-66.32700850310151,127.66861693216568,-9.707787747029363,-7.962392782037058,141.81280034284543,-57.57717290074201
0.38655,76.03558729676084,-119.702553680893,-66.32773746939759,127.66523451668817,-9.707849827363255,-7.962680835795133,141.81012620151782,-57.57610799284292
0.3866,76.03629500839091,-119.69894012917344,-66.32838721223295,127.66191695168105,-9.707907796158,-7.962976822507558,141.8074554692048,-57.575083796775274
0.38665,76.03692159221937,-119.69538659568865,-66.32896023513523,127.65866717730222,-9.707961357084185,-7.963280581613564,141.80479194129046,-57.57410023392853
0.38670000000000004,76.0374693707831,-119.69189609587481,-66.32945915070556,127.65548803737236,-9.708010220077552,-7.963591941497534,141.80213940324902,-57.57315716796729
0.38675000000000004,76.03794077860385,-119.68847155586955,-66.32988667685083,127.65238227560019,-9.708054101753055,-7.963910719730597,141.79950162546646,-57.57225440508842
0.38680000000000003,76.03833835892539,-119.68511580714356,-66.3302456331212,127.64935253046201,-9.708092725804216,-7.964236723318434,141.7968823569679,-57.57139169395419
0.38685,76.03866475986565,-119.68183158396856,-66.33053893646502,127.64640133296388,-9.708125823400659,-7.9645697489953005,141.7942853212239,-57.57056872643962
0.3869,76.0389227307926,-119.67862151854675,-66.33076959722514,127.64353110204259,-9.70815313356749,-7.964909583495781,141.7917142101012,-57.56978513779704
0.38695,76.03911511840668,-119.67548813720508,-66.33094071484996,127.64074414106996,-9.708174403556743,-7.9652560038648215,141.78917267855334,-57.56904050715173
0.387,76.03924486259857,-119.67243385786989,-66.3310554733896,127.63804263565206,-9.708189389208972,-7.9656087777821725,141.78666434027025,-57.568334358352075
0.38705,76.03931499238483,-119.66946098512742,-66.3311171370872,127.6354286490036,-9.708197855297653,-7.965967663876144,141.78419276133025,-57.567666160270406
0.3871,76.03932862151372,-119.66657170807429,-66.33112904564742,127.63290412015725,-9.708199575866308,-7.9663324120829335,141.78176145602876,-57.567035327821614
0.38715,76.03928894407123,-119.66376809705079,-66.33109460952248,127.63047086104739,-9.70819433454876,-7.966702763996581,141.7793738817629,-57.56644122274015
0.38720000000000004,76.03919922993475,-119.66105209979342,-66.33101730505825,127.6281305530218,-9.708181924876506,-7.9670784532283605,141.77703343334275,-57.56588315428378
0.38725000000000004,76.03906282012201,-119.65842554013066,-66.33090066954844,127.62588474593481,-9.708162150573564,-7.967459205804117,141.7747434393921,-57.56536038052518
0.38730000000000003,76.03888312203743,-119.65589011414792,-66.330748296203,127.6237348546831,-9.708134825834465,-7.967844740535114,141.77250715655666,-57.56487210913063
0.38735,76.03866360459459,-119.65344738813275,-66.33056382900453,127.62168215755935,-9.70809977559008,-7.968234769426596,141.7703277651475,-57.564417498567956
0.3874,76.03840779337851,-119.65109879704784,-66.33035095762433,127.61972779514232,-9.708056835754205,-7.968628998094491,141.7682083652503,-57.56399565941597
0.38745,76.03811926547613,-119.64884564112009,-66.33011341201592,127.61787276728523,-9.708005853460218,-7.969027126165127,141.7661519710659,-57.56360565537996
0.3875,76.0378016445308,-119.64668908529035,-66.32985495725495,127.61611793301309,-9.707946687275872,-7.969428847722731,141.76416150778428,-57.56324650485169
0.38755,76.03745859555067,-119.64463015702144,-66.32957938814585,127.61446400875616,-9.707879207404844,-7.969833851734706,141.76223980694058,-57.56291718219861
0.3876,76.03709381957358,-119.64266974432486,-66.32929052369974,127.61291156681303,-9.70780329587388,-7.970241822488179,141.76038960187796,-57.562616619150546
0.38765,76.03671104865428,-119.64080859577278,-66.32899220195847,127.61146103583063,-9.707718846695846,-7.970652440057886,141.75861352505845,-57.562343706507754
0.38770000000000004,76.03631404028584,-119.63904731808981,-66.32868827426002,127.61011269882862,-9.707625766025846,-7.971065380738775,141.75691410302744,-57.56209729551858
0.38775000000000004,76.03590657218834,-119.63738637597773,-66.32838259989695,127.60886669349905,-9.707523972291412,-7.971480317521339,141.7552937534593,-57.561876199616925
0.38780000000000003,76.03549243704265,-119.63582609178394,-66.32807904073499,127.60772301234087,-9.707413396307684,-7.971896920556887,141.75375478204145,-57.56167919614564
0.38785000000000003,76.03507543677183,-119.6343666438855,-66.32778145539118,127.60668150149803,-9.707293981380687,-7.972314857612464,141.75229937803198,-57.561505027957004
0.3879,76.0346593775159,-119.63300806778767,-66.32749369413445,127.60574186235141,-9.707165683381467,-7.972733794563748,141.75092961247987,-57.561352405366094
0.38795,76.03424806399262,-119.63175025525204,-66.32721959317941,127.60490365110756,-9.707028470813231,-7.973153395855513,141.74964743445312,-57.561220007887556
0.388,76.03384529399382,-119.63059295431594,-66.32696296913653,127.6041662792953,-9.706882324857325,-7.973573324979292,141.74845466809228,-57.56110648612041
0.38805,76.03345485337817,-119.62953577065201,-66.3267276139851,127.60352901561895,-9.706727239393132,-7.973993244966869,141.74735301106122,-57.561010463754926
0.3881,76.03308051017825,-119.62857816681017,-66.3265172891621,127.60299098565748,-9.7065632210162,-7.974412818847244,141.74634403073634,-57.560930539423595
0.38815,76.03272600959808,-119.62771946390316,-66.32633572057716,127.60255117404836,-9.706390289020938,-7.974831710145179,141.74542916293606,-57.56086528877893
0.38820000000000005,76.03239506868258,-119.62695884253894,-66.32618659330669,127.60220842589183,-9.706208475375922,-7.975249583352836,141.74460970983952,-57.56081326652075
0.38825000000000004,76.03209137065062,-119.62629534312879,-66.32607354596828,127.60196144752763,-9.70601782468235,-7.975666104398854,141.74388683719818,-57.56077300840362
0.38830000000000003,76.0318185602271,-119.6257278685307,-66.32600016612467,127.60180880967197,-9.705818394102444,-7.976080941141239,141.74326157405528,-57.5607430334106
0.38835000000000003,76.03158023800171,-119.62525518460096,-66.32596998471573,127.60174894842376,-9.70561025328602,-7.976493763822761,141.7427348101785,-57.56072184580597
0.3884,76.03137995539784,-119.62487592214852,-66.32598647113034,127.60178016769656,-9.70539348426751,-7.976904245548032,141.74230729500457,-57.560707937284725
0.38845,76.03122120996443,-119.62458857958858,-66.32605302861718,127.60190064234169,-9.705168181347247,-7.97731206275313,141.741979637348,-57.560699789163806
0.3885,76.03110743978863,-119.62439152386035,-66.32617298882438,127.60210841951204,-9.704934450964258,-7.9777168956516915,141.74175230317465,-57.56069587449741
0.38855,76.03104201915575,-119.6242829938263,-66.3263496076187,127.60240142253143,-9.70469241153705,-7.9781184287051605,141.74162561613883,-57.560694660305124
0.3886,76.03102825357358,-119.62426110240918,-66.32658606027417,127.60277745347251,-9.704442193299414,-7.978516351063348,141.741599756716,-57.56069460974352
0.38865,76.03106937475017,-119.62432383875745,-66.3268854366333,127.60323419576152,-9.704183938116882,-7.978910357004062,141.7416747613347,-57.56069418429979
0.38870000000000005,76.0311685366686,-119.62446907221339,-66.32725073739074,127.60376921859283,-9.703917799277896,-7.979300146379399,141.74185052362003,-57.560691846002285
0.38875000000000004,76.03132881042758,-119.62469455425149,-66.32768486914318,127.60437997928048,-9.703643941284435,-7.9796854250289435,141.74212679326257,-57.560686059611776
0.38880000000000003,76.03155318017389,-119.62499792217257,-66.32819064056149,127.60506382737952,-9.70336253961242,-7.980065905206958,141.74250317695606,-57.560675294820975
0.38885000000000003,76.03184453911894,-119.62537670281242,-66.3287707586578,127.60581800880502,-9.70307378046118,-7.980441305992557,141.74297913939344,-57.56065802842818
0.3889,76.0322056847044,-119.62582831508426,-66.32942782420781,127.60663966876304,-9.702777860496619,-7.9808113536787335,141.74355400282303,-57.56063274654818
0.38895,76.03263931542463,-119.62635007471422,-66.33016432886448,127.60752585689063,-9.702474986560153,-7.981175782176401,141.7442269493454,-57.56059794673304
0.389,76.0331480265536,-119.62693919746926,-66.33098265117114,127.60847353085184,-9.702165375382467,-7.981534333382573,141.74499702135105,-57.56055214013926
0.38905,76.03373430626658,-119.62759280293704,-66.3318850529917,127.6094795604855,-9.701849253274903,-7.981886757548404,141.7458631226367,-57.56049385367951
0.3891,76.0344005328242,-119.62830791945504,-66.3328736770241,127.61054073309765,-9.70152685580012,-7.982232813642574,141.74682402106188,-57.56042163206042
0.38915,76.0351489702994,-119.62908148732363,-66.33395054285053,127.61165375700476,-9.701198427448917,-7.982572269681093,141.74787834897685,-57.56033403994472
0.38920000000000005,76.03598176593238,-119.62991036381074,-66.33511754465005,127.612815266879,-9.700864221282325,-7.982904903068285,141.74902460603596,-57.56022966394589
0.38925000000000004,76.03690094715272,-119.63079132765547,-66.33637644857923,127.61402182856669,-9.700524498573545,-7.983230500911173,141.75026116141078,-57.56010711462663
0.38930000000000003,76.03790841798684,-119.6317210829757,-66.33772888954284,127.61526994329064,-9.700179528444007,-7.983548860314926,141.7515862551705,-57.55996502857718
0.38935000000000003,76.03900595731461,-119.63269626489719,-66.33917636984698,127.61655605358071,-9.69982958746766,-7.983859788683492,141.75299800210814,-57.55980207023498
0.3894,76.04019521563801,-119.63371344363782,-66.34072025634946,127.6178765476215,-9.69947495928859,-7.984163103983681,141.7544943934646,-57.55961693387622
0.38945,76.04147771278042,-119.63476912949106,-66.34236177856589,127.61922776449771,-9.69911593421451,-7.984458635006666,141.7560732999116,-57.55940834548364
0.3895,76.04285483637825,-119.6358597783083,-66.34410202758158,127.62060599992586,-9.698752808796666,-7.984746221617551,141.7577324753805,-57.55917506445139
0.38955,76.04432783888004,-119.63698179570846,-66.34594195345765,127.62200751067984,-9.698385885422377,-7.985025714971347,141.75946955901657,-57.55891588552192
0.3896,76.04589783662833,-119.63813154287475,-66.34788236475822,127.62342852061157,-9.698015471870145,-7.98529697773678,141.76128207959013,-57.55862964035542
0.38965,76.0475658080488,-119.63930534154598,-66.34992392717005,127.62486522583184,-9.697641880878772,-7.985559884285822,141.76316745874854,-57.558315199228126
0.38970000000000005,76.04933259169586,-119.64049947886745,-66.35206716198819,127.6263137997362,-9.697265429707684,-7.985814320868736,141.76512301407303,-57.55797147274798
0.38975000000000004,76.05119888611527,-119.64171021339453,-66.35431244644376,127.6277703991805,-9.696886439671548,-7.986060185785958,141.767145964082,-57.55759741319929
0.38980000000000004,76.05316524786535,-119.64293377974705,-66.35666001216691,127.62923116926922,-9.696505235698496,-7.986297389522128,141.76923343110823,-57.557192016222
0.38985000000000003,76.05523209111307,-119.64416639422629,-66.35910994525406,127.63069224910613,-9.696122145858997,-7.986525854879836,141.77138244583207,-57.55675432216122
0.3899,76.05739968748024,-119.6454042604551,-66.36166218658344,127.6321497775455,-9.695737500896783,-7.986745517090387,141.7735899519683,-57.55628341733557
0.38995,76.05966816461233,-119.6466435741727,-66.36431653084094,127.63359989807076,-9.695351633771452,-7.986956323898013,141.7758528095531,-57.55577843555675
0.39,76.06203750708636,-119.64788052926356,-66.36707262791816,127.63503876490773,-9.694964879168241,-7.987158235644155,141.77816780052683,-57.55523855911801
0.39005,76.06450755589361,-119.64911132286512,-66.36992998286036,127.6364625481823,-9.69457757303331,-7.98735122531716,141.78053163277377,-57.55466302006787
0.3901,76.06707800836237,-119.65033216062832,-66.37288795626735,127.63786743922017,-9.69419005209509,-7.987535278591846,141.7829409445261,-57.554051101366184
0.39015,76.069748419583,-119.65153926260689,-66.37594576620819,127.63924965646149,-9.693802653374863,-7.98771039385457,141.78539231010296,-57.55340213766304
0.3902,76.07251820187663,-119.65272886808833,-66.37910248815251,127.64060545028543,-9.693415713724141,-7.987876582197044,141.78788224370626,-57.55271551651487
0.39025000000000004,76.07538662633777,-119.6538972412543,-66.38235705700636,127.64193110866267,-9.693029569331372,-7.988033867408353,141.79040720502715,-57.551990679072155
0.39030000000000004,76.07835282401028,-119.655040676559,-66.38570826876307,127.64322296249706,-9.692644555247178,-7.988182285938085,141.7929636044172,-57.55122712083048
0.39035000000000003,76.08141578620429,-119.65615550362826,-66.38915478128699,127.64447739046966,-9.692261004917357,-7.988321886841368,141.79554780719232,-57.550424392569994
0.3904,76.08457436714241,-119.65723809293871,-66.3926951174518,127.6456908246553,-9.691879249690588,-7.988452731716528,141.79815613984354,-57.549582100669156
0.39045,76.08782728473963,-119.6582848606802,-66.39632766637578,127.64685975529004,-9.691499618363865,-7.98857489460983,141.8007848945557,-57.54869990787743
0.3905,76.09117312245459,-119.65929227385645,-66.40005068574658,127.64798073577082,-9.691122436708064,-7.988688461914361,141.80343033450058,-57.54777753377386
0.39055,76.0946103321145,-119.66025685557972,-66.40386230511635,127.64905038782723,-9.690748026998149,-7.988793532247491,141.80608869981452,-57.546814754935575
0.3906,76.09813723490642,-119.66117518964057,-66.40776052733625,127.65006540594746,-9.690376707570206,-7.988890216306861,141.80875621197904,-57.5458114055741
0.39065,76.10175202471581,-119.6620439256526,-66.41174323236233,127.65102256236948,-9.69000879235352,-7.988978636716858,141.8114290799446,-57.544767377495916
0.3907,76.10545277053352,-119.66285978374776,-66.41580818010429,127.65191871160097,-9.689644590429275,-7.989058927853212,141.81410350537348,-57.543682620283285
0.39075000000000004,76.10923741848711,-119.66361955909149,-66.4199530128886,127.65275079474131,-9.689284405598515,-7.989131235649803,141.81677568752795,-57.54255714156419
0.39080000000000004,76.11310379596294,-119.66432012671132,-66.42417526002886,127.65351584410512,-9.688928535934087,-7.989195717393815,141.81944182954282,-57.541391006637525
0.39085000000000003,76.11704961365949,-119.6649584457036,-66.42847234028717,127.654210987204,-9.688577273372328,-7.989252541500377,141.82209814306185,-57.54018433866925
0.3909,76.12107246915693,-119.66553156365416,-66.43284156586661,127.65483345092707,-9.688230903290348,-7.98930188727291,141.82474085386707,-57.538937318418256
0.39095,76.12516985091847,-119.66603662090701,-66.43728014682267,127.65538056555624,-9.687889704095829,-7.989343944649247,141.82736620760974,-57.53765018378271
0.391,76.12933914069343,-119.66647085446417,-66.44178519384933,127.65584976839466,-9.687553946844128,-7.989378913930446,141.82997047437132,-57.536323229811714
0.39105,76.13357761836936,-119.66683160208068,-66.4463537235314,127.65623860757673,-9.687223894837974,-7.989407005495993,141.83254995470188,-57.534956807925305
0.3911,76.13788246536647,-119.66711630596451,-66.45098266210557,127.65654474547004,-9.686899803260943,-7.989428439505509,141.8351009845419,-57.53355132554623
0.39115,76.14225076820541,-119.66732251641223,-66.45566884938712,127.65676596199596,-9.686581918818309,-7.989443445583713,141.83761994018124,-57.53210724565978
0.3912,76.14667952377154,-119.66744789535218,-66.46040904439973,127.65690015784756,-9.686270479371828,-7.989452262495364,141.8401032440501,-57.53062508577604
0.39125000000000004,76.15116564239683,-119.66749021960185,-66.46519992877793,127.65694535740744,-9.6859657136189,-7.989455137805562,141.84254736909608,-57.52910541757512
0.39130000000000004,76.1557059528742,-119.66744738407988,-66.47003811211889,127.65689971160616,-9.685667840755325,-7.989452327526227,141.8449488441593,-57.527548865885045
0.39135000000000003,76.16029720725305,-119.66731740476712,-66.47492013708943,127.65676150052104,-9.685377070163648,-7.9894440957538695,141.8473042590179,-57.525956107680784
0.3914,76.16493608441725,-119.66709842156662,-66.47984248328986,127.65652913585868,-9.68509360112743,-7.989430714292001,141.84961026869362,-57.52432787147764
0.39145,76.16961919606044,-119.66678870090011,-66.4848015735311,127.65620116316636,-9.684817622529371,-7.989412462266199,141.85186359882175,-57.52266493585171
0.3915,76.17434309070633,-119.66638663821134,-66.48979377810875,127.65577626393697,-9.68454931259762,-7.989389625725611,141.85406104989212,-57.52096812860775
0.39155,76.17910425854329,-119.66589076026607,-66.49481541989414,127.65525325750309,-9.684288838649152,-7.989362497236995,141.85619950175578,-57.51923832562661
0.3916,76.18389913732173,-119.66529972715267,-66.49986278048107,127.65463110262091,-9.684036356840675,-7.989331375468243,141.85827591844932,-57.51747644928723
0.39165,76.18872411617926,-119.66461233432999,-66.50493210421315,127.65390889909358,-9.683792011966146,-7.989296564763558,141.86028735194625,-57.515683467606195
0.3917,76.19357554169041,-119.66382751422678,-66.51001960445778,127.65308588893767,-9.683555937232645,-7.9892583747108645,141.86223094672485,-57.51386039252348
0.39175000000000004,76.19844972295805,-119.66294433776893,-66.51512146887931,127.65216145746908,-9.683328254078763,-7.98921711970012,141.86410394376074,-57.51200827850068
0.39180000000000004,76.20334293611448,-119.66196201583146,-66.52023386410686,127.65113513430968,-9.683109072007653,-7.989173118478229,141.86590368413886,-57.510128221305244
0.39185000000000003,76.20825143081431,-119.66087990013725,-66.52535294239863,127.65000659383092,-9.682898488415688,-7.989126693693657,141.8676276132694,-57.50822135599772
0.3919,76.21317143457246,-119.65969748437917,-66.53047484610245,127.64877565581759,-9.68269658847004,-7.989078171438363,141.8692732841353,-57.506288855703
0.39195,76.21809915840007,-119.65841440488748,-66.53559571342025,127.64744228567258,-9.682503444979847,-7.989027880785093,141.87083836085372,-57.50433192984211
0.392,76.22303080277953,-119.65703044100023,-66.54071168449154,127.64600659431579,-9.682319118288008,-7.988976153315605,141.87232062217046,-57.50235182218549
0.39205,76.2279625619555,-119.655545515668,-66.54581890575555,127.644468838322,-9.682143656199948,-7.988923322653925,141.873717964248,-57.50034980953221
0.3921,76.23289063038827,-119.65395969527725,-66.55091353649,127.6428294192653,-9.68197709389827,-7.98886972398801,141.8750284039576,-57.49832719948424
0.39215,76.23781120775958,-119.65227318966822,-66.55599175385547,127.641088883262,-9.68181945390414,-7.98881569359374,141.8762500815587,-57.496285328757416
0.3922,76.24272050394593,-119.65048635198481,-66.56104975790105,127.63924792034439,-9.681670746044905,-7.988761568359525,141.8773812632208,-57.49422556146824
0.39225000000000004,76.24761474542734,-119.64859967782388,-66.56608377799672,127.63730736312472,-9.681530967430632,-7.9887076853008505,141.87842034372693,-57.49214928678088
0.39230000000000004,76.25249017962145,-119.64661380489255,-66.57109007715054,127.63526818598085,-9.681400102470898,-7.988654381088332,141.87936584849248,-57.49005791737214
0.39235000000000003,76.2573430807079,-119.64452951193661,-66.57606495781879,127.63313150350012,-9.681278122889143,-7.98860199156345,141.88021643577184,-57.4879528872317
0.3924,76.26216975523921,-119.64234771748558,-66.58100476747822,127.63089856874643,-9.681164987761,-7.988550851260888,141.88097089859744,-57.485835649496345
0.39245,76.26696654647188,-119.64006947894963,-66.58590590288837,127.62857077188833,-9.681060643583516,-7.9885012929387065,141.8816281663294,-57.48370767479717
0.3925,76.27172984059747,-119.63769599065924,-66.59076481626101,127.62614963775488,-9.680965024336459,-7.988453647095651,141.882187306337,-57.4815704487311
0.39255,76.2764560713006,-119.6352285824221,-66.59557801971341,127.62363682393126,-9.680878051587218,-7.988408241509133,141.88264752521863,-57.47942547001524
0.3926,76.28114172465986,-119.6326687177402,-66.60034209005886,127.62103411850606,-9.680799634601021,-7.9883654007658595,141.88300816992225,-57.4772742484511
0.39265,76.28578334496699,-119.63001799128587,-66.60505367450547,127.61834343708253,-9.680729670461542,-7.988325445796644,141.8832687287357,-57.47511830241603
0.3927,76.29037753862582,-119.62727812718653,-66.60970949439572,127.61556682061473,-9.68066804423013,-7.988288693428163,141.88342883192985,-57.472959157184306
0.39275000000000004,76.29492097964842,-119.62445097620663,-66.61430635054876,127.61270643213072,-9.68061462909967,-7.988255455924083,141.8834882523321,-57.47079834246537
0.39280000000000004,76.29941041441492,-119.62153851307636,-66.61884112783942,127.60976455362055,-9.680569286575498,-7.9882260405442045,141.88344690563002,-57.468637390224856
0.39285000000000003,76.30384266559754,-119.61854283413592,-66.62331079891524,127.60674358324643,-9.680531866682317,-7.988200749110475,141.8833048504942,-57.466477832858686
0.3929,76.30821463768208,-119.61546615370317,-66.6277124295208,127.60364603127363,-9.680502208161315,-7.988179877570429,141.88306228848552,-57.46432120054635
0.39295,76.31252332060109,-119.61231080142957,-66.63204318188662,127.60047451701274,-9.680480138714477,-7.988163715583165,141.88271956378293,-57.462169019461285
0.393,76.31676579415445,-119.6090792189106,-66.63630031891125,127.59723176501495,-9.680465475243214,-7.988152546104343,141.88227716270785,-57.460022809551305
0.39305,76.32093923271219,-119.60577395579391,-66.64048120860804,127.5939206007753,-9.680458024104183,-7.988146644981355,141.88173571297966,-57.45788408211348
0.3931,76.32504090831026,-119.60239766685783,-66.64458332691329,127.59054394742503,-9.680457581396976,-7.988146280567223,141.8810959829266,-57.455754338126454
0.39315,76.32906819533056,-119.59895310761699,-66.64860426208918,127.58710482094949,-9.680463933241374,-7.988151713332504,141.88035888030942,-57.45363506572297
0.3932,76.33301857397281,-119.59544313059365,-66.6525417178846,127.58360632609043,-9.68047685608824,-7.988163195496743,141.87952545105844,-57.45152773821782
0.39325000000000004,76.33688963344589,-119.59187068161819,-66.65639351640529,127.5800516522922,-9.680496117040596,-7.988180970674025,141.87859687788634,-57.44943381223677
0.39330000000000004,76.34067907621683,-119.5882387949057,-66.66015760204345,127.57644406842321,-9.680521474173396,-7.988205273517489,141.87757447844012,-57.447354725218915
0.39335000000000003,76.34438472048359,-119.58455058945728,-66.66383204359182,127.57278691885244,-9.680552676891791,-7.988236329395119,141.87645970361567,-57.44529189381045
0.3934,76.3480045036285,-119.58080926431782,-66.66741503735066,127.56908361838141,-9.680589466277867,-7.988274354063553,141.8752541354384,-57.44324671167541
0.39345,76.35153648541979,-119.57701809373417,-66.6709049099603,127.56533764709454,-9.680631575459486,-7.988319553360373,141.8739594847258,-57.44122054736924
0.3935,76.35497885004315,-119.5731804232515,-66.6743001200444,127.56155254616867,-9.680678729998776,-7.9883721229171325,141.8725775889125,-57.43921474281366
0.39355,76.3583299094734,-119.56929966413462,-66.67759926120388,127.55773191200848,-9.680730648269497,-7.988432247873857,141.87111040918654,-57.43723061094998
0.3936,76.36158810544376,-119.56537928895555,-66.6808010635765,127.55387939157542,-9.680787041867301,-7.988500102619855,141.86956002785533,-57.43526943412208
0.39365,76.36475201153901,-119.56142282683602,-66.68390439552064,127.54999867738456,-9.680847616018406,-7.988575850548508,141.86792864548815,-57.43333246234092
0.3937,76.367820335801,-119.55743385771332,-66.68690826580887,127.5460935015281,-9.680912069992145,-7.9886596438147714,141.86621857751294,-57.43142091116119
0.39375000000000004,76.37079192186653,-119.55341600811472,-66.68981182432658,127.54216763124649,-9.680980097539999,-7.988751623131746,141.86443225129537,-57.4295359603838
0.39380000000000004,76.37366575105273,-119.54937294545468,-66.69261436373087,127.538224863015,-9.681051387321888,-7.988851917560299,141.86257220248382,-57.427678752113586
0.39385000000000003,76.37644094384449,-119.54530837273322,-66.69531532049257,127.53426901706102,-9.681125623351916,-7.98896064432782,141.86064107137133,-57.42585038910623
0.39390000000000003,76.37911676068678,-119.54122602394342,-66.69791427523545,127.5303039326125,-9.68120248545133,-7.989077908669071,141.85864159948153,-57.42405193350447
0.39395,76.38169260364197,-119.53712965785483,-66.70041095394448,127.52633346151745,-9.68128164969748,-7.989203803662635,141.85657662525222,-57.42228440492545
0.394,76.3841680168197,-119.53302305331067,-66.70280522793007,127.52236146342175,-9.681362788889675,-7.989338410111028,141.85444908033386,-57.42054877929343
0.39405,76.38654268704504,-119.52891000383084,-66.70509711403068,127.51839180025219,-9.68144557301438,-7.9894817964213525,141.85226198543202,-57.418845987439056
0.3941,76.38881644467254,-119.5247943115887,-66.70728677496278,127.51442833009025,-9.681529669709807,-7.989634018501516,141.8500184457001,-57.41717691351133
0.39415,76.39098926329052,-119.52067978294941,-66.70937451854469,127.51047490264466,-9.681614744745863,-7.98979511969526,141.8477216468509,-57.41554239410554
0.3942,76.39306126017301,-119.5165702222963,-66.71136079767933,127.5065353530015,-9.681700462493675,-7.989965130705194,141.84537485022776,-57.41394321676293
0.39425000000000004,76.39503269602831,-119.51246942677575,-66.71324620962321,127.5026134963333,-9.681786486405057,-7.990144069557511,141.84298138827046,-57.4123801189082
0.39430000000000004,76.39690397436378,-119.50838118143635,-66.71503149487039,127.4987131230153,-9.68187247949341,-7.990331941578899,141.84054466010645,-57.41085378700218
0.39435000000000003,76.39867564136259,-119.50430925288886,-66.71671753655426,127.49483799226631,-9.681958104808363,-7.990528739377449,141.83806812617067,-57.409364855197026
0.39440000000000003,76.40034838470974,-119.5002573848119,-66.71830535878969,127.49099182767816,-9.682043025920068,-7.990734442866249,141.83555530381412,-57.40791390474953
0.39445,76.40192303275684,-119.49622929232581,-66.71979612536164,127.4871783116108,-9.682126907395222,-7.990949019284971,141.83300976214036,-57.406501463071635
0.3945,76.40340055351678,-119.49222865626864,-66.72119113824452,127.4834010795124,-9.682209415272297,-7.99117242324373,141.8304351166671,-57.40512800281653
0.39455,76.40478205291728,-119.48825911890864,-66.72249183537551,127.47966371570827,-9.682290217541766,-7.99140459679958,141.82783502479774,-57.4037939415285
0.3946,76.4060687735776,-119.48432427781904,-66.72369978896448,127.47596974734202,-9.682368984613127,-7.991645469522968,141.82521318002554,-57.402499640713835
0.39465,76.40726209288263,-119.480427681194,-66.72481670309571,127.47232263980335,-9.68244538978693,-7.991894958609348,141.82257330697215,-57.401245405463705
0.3947,76.40836352093156,-119.47657282311532,-66.72584441121211,127.4687257921113,-9.682519109719545,-7.992152968995929,141.819919156316,-57.40003148410826
0.39475000000000005,76.40937469866653,-119.47276313767914,-66.72678487378687,127.46518253116741,-9.68258982487971,-7.992419393488257,141.81725449885568,-57.39885806756052
0.39480000000000004,76.41029739524076,-119.46900199511897,-66.72764017523336,127.46169610804492,-9.682657220007432,-7.992694112925925,141.81458312084436,-57.39772528935314
0.39485000000000003,76.41113350565705,-119.46529269644765,-66.72841252109676,127.45826969278896,-9.682720984560303,-7.992976996341254,141.8119088182204,-57.39663322526027
0.39490000000000003,76.41188504812217,-119.46163846857385,-66.72910423496822,127.45490636972151,-9.682780813153936,-7.9932679011476395,141.80923539108335,-57.39558189311881
0.39495,76.4125541609757,-119.45804246055391,-66.7297177549756,127.45160913390488,-9.682836406000112,-7.9935666733509,141.80656663889565,-57.39457125304165
0.395,76.4131430998771,-119.45450773806562,-66.73025563054804,127.44838088581916,-9.682887469329073,-7.993873147753536,141.80390635432394,-57.39360120715532
0.39505,76.41365423444971,-119.45103727974126,-66.73072051863925,127.44522442794374,-9.682933715810465,-7.994187148202396,141.8012583183526,-57.39267159992752
0.3951,76.41409004493076,-119.44763397295718,-66.73111517997026,127.44214246079333,-9.682974864960498,-7.994508487836136,141.79862629494102,-57.39178221837385
0.39515,76.41445311873431,-119.44430060899022,-66.73144247519379,127.43913757833384,-9.683010643540548,-7.994836969343616,141.79601402509897,-57.39093279215676
0.3952,76.4147461466299,-119.4410398801022,-66.731705360682,127.43621226535957,-9.683040785947947,-7.99517238525734,141.7934252223778,-57.390122994235
0.39525000000000005,76.41497191902229,-119.43785437490865,-66.73190688443057,127.43336889314601,-9.6830650345917,-7.995514518237341,141.79086356696914,-57.389352441105366
0.39530000000000004,76.41513332194938,-119.43474657481231,-66.73205018168952,127.43060971619602,-9.683083140259901,-7.995863141383688,141.78833270054676,-57.38862069337268
0.39535000000000003,76.41523333295525,-119.43171885109876,-66.7321384704814,127.42793686966557,-9.68309486247385,-7.996218018566804,141.7858362215983,-57.387927256506714
0.39540000000000003,76.41527501689853,-119.4287734605335,-66.73217504706862,127.42535236528214,-9.683099969829902,-7.996578904748589,141.78337767945743,-57.38727158129538
0.39545,76.41526152154849,-119.42591254303483,-66.73216328121885,127.42285808937996,-9.683098240329674,-7.996945546345091,141.78096056996952,-57.38665306482282
0.3955,76.41519607313637,-119.42313811837312,-66.73210661144154,127.42045579995334,-9.683089461694824,-7.997317681580212,141.77858833031135,-57.38607105125141
0.39555,76.41508197174322,-119.42045208279131,-66.73200854007352,127.41814712364612,-9.683073431669705,-7.997695040854825,141.7762643336553,-57.38552483264284
0.3956,76.41492258664391,-119.4178562072937,-66.73187262833596,127.41593355443621,-9.683049958307988,-7.9980773471425,141.77399188521375,-57.38501365015834
0.39565,76.41472135147465,-119.41535213419428,-66.73170249122794,127.41381645056373,-9.683018860246714,-7.998464316369439,141.77177421672175,-57.384536694940884
0.3957,76.41448175934707,-119.41294137516404,-66.73150179238247,127.41179703298978,-9.682979966964623,-7.998855657825719,141.7696144821518,-57.38409310934271
0.39575000000000005,76.4142073579483,-119.41062530944697,-66.73127423892561,127.40987638403017,-9.682933119022731,-7.99925107458317,141.76751575356275,-57.38368198819557
0.39580000000000004,76.41390174437169,-119.40840518098389,-66.73102357607767,127.4080554448878,-9.68287816829404,-7.99965026390385,141.7654810158824,-57.38330237993565
0.39585000000000004,76.41356856012098,-119.40628209761175,-66.73075358194923,127.40633501529874,-9.682814978171754,-8.000052917686933,141.76351316353143,-57.382953288122536
0.39590000000000003,76.41321148588521,-119.40425702898142,-66.73046806212098,127.40471575187829,-9.682743423764245,-8.000458722896909,141.76161499584322,-57.38263367275827
0.39595,76.4128342362272,-119.40233080495612,-66.73017084415281,127.40319816696397,-9.682663392074412,-8.00086736200782,141.7597892128417,-57.38234245174145
0.396,76.412440554483,-119.40050411525323,-66.72986577232622,127.40178262871954,-9.682574782156793,-8.001278513466271,141.75803841217964,-57.38207850252165
0.39605,76.41203420722313,-119.39877750749275,-66.72955670195769,127.40046935962594,-9.682477505265455,-8.001691852133204,141.7563650844984,-57.38184066355684
0.3961,76.41161897902568,-119.39715138701139,-66.72924749404844,127.39925843676932,-9.682371484977246,-8.002107049757923,141.75477161044248,-57.38162773605049
0.39615,76.41119866712495,-119.39562601639103,-66.72894200982398,127.39814979183429,-9.682256657300988,-8.002523775443242,141.75326025736675,-57.38143848566998
0.3962,76.4107770758209,-119.39420151433731,-66.72864410505066,127.39714321044558,-9.682132970770258,-8.00294169610825,141.75183317536667,-57.38127164420576
0.39625000000000005,76.4103580113294,-119.39287785649238,-66.72835762481628,127.3962383334681,-9.682000386513124,-8.003360476975683,141.75049239517594,-57.381125911503105
0.39630000000000004,76.40994527616547,-119.39165487478903,-66.72808639785389,127.39543465682418,-9.681858878311587,-8.003779782035187,141.74923982458367,-57.38099995723593
0.39635000000000004,76.40954266375326,-119.39053225770807,-66.72783423111706,127.39473153223534,-9.681708432636205,-8.004199274527261,141.74807724573466,-57.38089242280141
0.39640000000000003,76.40915395322953,-119.38950955136448,-66.72760490456473,127.39412816879053,-9.681549048664838,-8.004618617426026,141.7470063132329,-57.38080192333004
0.39645,76.40878290373894,-119.3885861592039,-66.72740216545148,127.39362363311147,-9.681380738287471,-8.005037473907569,141.74602855080056,-57.380727049567014
0.3965,76.40843324937123,-119.38776134359293,-66.72722972328692,127.39321685143435,-9.681203526084326,-8.005455507841395,141.745145349879,-57.380666369948536
0.39655,76.40810869377852,-119.38703422672606,-66.72709124448426,127.39290661098778,-9.681017449294247,-8.005872384261774,141.7443579674822,-57.380618432638876
0.3966,76.40781290470606,-119.38640379135074,-66.72699034694409,127.39269156119276,-9.680822557762008,-8.00628776984199,141.743667523851,-57.38058176755812
0.39665,76.40754950915053,-119.38586888311605,-66.72693059528679,127.3925702164941,-9.680618913863752,-8.006701333378048,141.743075001814,-57.38055488855064
0.3967,76.40732208785059,-119.38542821142282,-66.72691549542718,127.39254095767093,-9.680406592423436,-8.007112746248064,141.74258124452697,-57.38053629545503
0.39675,76.40713417031958,-119.38508035152071,-66.72694848971722,127.39260203440841,-9.680185680602396,-8.007521682887658,141.7421869545559,-57.38052447626173
0.39680000000000004,76.40698923001219,-119.38482374693007,-66.72703295223647,127.39275156818316,-9.679956277775723,-8.007927821253078,141.7418926933063,-57.38051790929618
0.39685000000000004,76.40689067896768,-119.38465671082973,-66.72717218357324,127.3929875541016,-9.679718495394466,-8.008330843271805,141.7416988793008,-57.380515065355354
0.39690000000000003,76.40684186337265,-119.38457742927005,-66.72736940655047,127.39330786457481,-9.679472456822186,-8.008730435304773,141.7416057884904,-57.38051440992915
0.39695,76.40684605863093,-119.38458396337529,-66.727627761469,127.39371025196237,-9.679218297161936,-8.009126288587098,141.7416135534499,-57.380514405369624
0.397,76.40690646450729,-119.38467425186168,-66.7279503014408,127.3941923515262,-9.678956163066502,-8.009518099664495,141.7417221628801,-57.380513513103985
0.39705,76.40702620105625,-119.38484611468242,-66.72833998853302,127.39475168551698,-9.678686212523255,-8.00990557083454,141.74193146248325,-57.3805101958259
0.3971,76.40720830366965,-119.38509725533203,-66.72879968903297,127.39538566589118,-9.678408614636684,-8.010288410559133,141.7422411542355,-57.38050291969463
0.39715,76.4074557190275,-119.38542526456926,-66.72933216964384,127.39609159845507,-9.678123549383658,-8.0106663338858,141.74265079734187,-57.380490156535586
0.3972,76.4077713010461,-119.38582762395784,-66.72994009369015,127.39686668681226,-9.677831207355961,-8.011039062854403,141.74315980903748,-57.38047038600201
0.39725,76.40815780631965,-119.38630170884844,-66.73062601682349,127.39770803573212,-9.67753178949618,-8.011406326883654,141.74376746464597,-57.38044209778681
0.39730000000000004,76.40861789080141,-119.38684479286366,-66.7313923839986,127.39861265603118,-9.677225506802834,-8.011767863167506,141.7444728995731,-57.38040379373978
0.39735000000000004,76.4091541056484,-119.38745405127689,-66.7322415256121,127.39957746831817,-9.676912580036316,-8.01212341704127,141.74527510991848,-57.38035399002785
0.39740000000000003,76.409768893528,-119.3881265650199,-66.73317565412297,127.40059930736388,-9.676593239405063,-8.012472742343943,141.746172953867,-57.38029121927465
0.39745,76.41046458563558,-119.38885932533113,-66.73419686140423,127.40167492710697,-9.676267724231344,-8.012815601775857,141.7471651540036,-57.38021403259703
0.3975,76.41124339770342,-119.3896492373387,-66.7353071150822,127.40280100456353,-9.67593628262121,-8.013151767224828,141.74825029818834,-57.380121001752045
0.39755,76.41210742734621,-119.39049312498342,-66.73650825624337,127.40397414508344,-9.675599171102851,-8.01348102010001,141.74942684228043,-57.38001072112022
0.3976,76.41305865103728,-119.39138773545892,-66.73780199677333,127.40519088709938,-9.675256654263944,-8.013803151640463,141.75069311225803,-57.379881809708515
0.39765,76.41409892084427,-119.39232974345055,-66.73918991646349,127.40644770665713,-9.674909004380805,-8.014117963206557,141.75204730603858,-57.37973291319033
0.3977,76.41522996251021,-119.39331575649268,-66.74067346148993,127.4077410230658,-9.674556501020307,-8.014425266573094,141.75348749696735,-57.37956270573042
0.39775,76.4164533723932,-119.3943423192772,-66.74225394173983,127.40906720346344,-9.674199430653385,-8.014724884186233,141.7550116358074,-57.379369891968715
0.39780000000000004,76.41777061537073,-119.39540591869866,-66.74393252912972,127.41042256812132,-9.67383808624099,-8.01501664942266,141.75661755387029,-57.37915320883539
0.39785000000000004,76.41918302310786,-119.39650298916618,-66.74571025629155,127.4118033959928,-9.673472766816309,-8.015300406826613,141.7583029665678,-57.37891142729904
0.39790000000000003,76.42069179146498,-119.39762991710205,-66.74758801439751,127.41320592942698,-9.673103777067512,-8.015576012324905,141.76006547581497,-57.37864335422949
0.39795,76.42229797946968,-119.39878304659838,-66.74956655257628,127.41462638003905,-9.672731426893415,-8.01584333344065,141.76190257425134,-57.37834783397948
0.398,76.42400250753123,-119.39995868442563,-66.75164647656104,127.41606093390082,-9.672356030970208,-8.016102249475162,141.76381164850812,-57.37802375008179
0.39805,76.42580615585817,-119.40115310506899,-66.75382824755432,127.41750575674976,-9.671977908303885,-8.016352651680744,141.76578998260806,-57.37767002688209
0.3981,76.4277095640295,-119.40236255652215,-66.75611218226042,127.41895699994166,-9.671597381769063,-8.016594443419498,141.76783476262452,-57.37728563094324
0.39815,76.42971322936022,-119.40358326512612,-66.75849845169975,127.42041080542013,-9.67121477766048,-8.01682754029401,141.7699430798861,-57.376869572650655
0.3982,76.4318175065702,-119.40481144117754,-66.76098708134992,127.42186331145096,-9.670830425220336,-8.017051870273372,141.7721119355313,-57.376420907540606
0.39825,76.43402260746554,-119.40604328444685,-66.76357795129404,127.4233106582404,-9.670444656171552,-8.017267373793484,141.77433824499323,-57.3759387376037
0.39830000000000004,76.4363285999806,-119.4072749891761,-66.76627079572881,127.42474899301577,-9.670057804251831,-8.017474003839643,141.77661884170087,-57.3754222126914
0.39835000000000004,76.43873540885022,-119.40850274995744,-66.76906520412068,127.42617447597488,-9.669670204729579,-8.017671726017413,141.7789504823999,-57.37487053155871
0.39840000000000003,76.44124281526594,-119.40972276686102,-66.77196062133243,127.42758328546023,-9.669282193933505,-8.01786051859919,141.78132985129267,-57.37428294308813
0.39845,76.44385045705879,-119.41093125081744,-66.77495634828374,127.42897162337124,-9.668894108775032,-8.018040372553756,141.78375356467544,-57.373658747388866
0.3985,76.4465578298635,-119.41212442930215,-66.77805154360259,127.43033572086561,-9.6685062862609,-8.018211291563444,141.78621817635803,-57.37299729662708
0.39855,76.44936428701345,-119.41329855130842,-66.78124522398845,127.43167184332265,-9.66811906302505,-8.018373292014205,141.78872018179868,-57.3722979961323
0.3986,76.45226904101277,-119.41444989296293,-66.78453626617171,127.432976295938,-9.667732774841042,-8.018526402975034,141.79125602362916,-57.3715603051063
0.39865,76.45527116468114,-119.41557476278993,-66.78792340853511,127.43424542894715,-9.667347756146045,-8.018670666157188,141.7938220967063,-57.37078373736623
0.3987,76.45836959186877,-119.41666950675793,-66.79140525229707,127.43547564260906,-9.666964339571757,-8.018806135851104,141.796414752747,-57.36996786218604
0.39875,76.46156311983916,-119.41773051379089,-66.79498026437925,127.4366633926448,-9.666582855459897,-8.018932878853919,141.79903030625258,-57.36911230467101
0.39880000000000004,76.46485041031814,-119.41875422065176,-66.79864677891622,127.43780519502336,-9.666203631401963,-8.019050974371547,141.80166503918338,-57.368216746449114
0.39885000000000004,76.4682299914973,-119.41973711708165,-66.80240299972662,127.4388976309873,-9.6658269917707,-8.019160513905646,141.8043152063625,-57.36728092609277
0.39890000000000003,76.47170026064643,-119.42067575092028,-66.8062470033941,127.43993735204698,-9.665453257252311,-8.019261601126676,141.80697704119,-57.3663046393293
0.39895,76.47525948553752,-119.42156673277704,-66.81017674113514,127.44092108449964,-9.665082744402397,-8.019354351722598,141.80964676033648,-57.36528773955757
0.399,76.47890580763021,-119.42240674107622,-66.81419004244562,127.44184563431209,-9.664715765184585,-8.019438893235836,141.81232056970023,-57.36423013784677
0.39905,76.48263724452231,-119.4231925266809,-66.81828461799135,127.44270789156445,-9.664352626530954,-8.019515364883514,141.8149946696113,-57.36313180309355
0.3991,76.48645169232766,-119.42392091746076,-66.82245806241755,127.44350483481658,-9.663993629910136,-8.019583917355808,141.81766525994811,-57.36199276219176
0.39915,76.49034692952223,-119.42458882295607,-66.82670785863525,127.44423353556188,-9.663639070886989,-8.019644712605762,141.82032854612487,-57.36081309972389
0.3992,76.49432061928641,-119.42519323862113,-66.83103138057189,127.44489116223691,-9.663289238714539,-8.019697923615803,141.82298074391252,-57.35959295807284
0.39925,76.49837031317676,-119.42573125017512,-66.8354258972607,127.44547498432762,-9.66294441591608,-8.019743734152472,141.8256180850659,-57.35833253710512
0.39930000000000004,76.50249345490934,-119.42620003777321,-66.83988857702884,127.44598237627918,-9.662604877880513,-8.019782338505964,141.8282368228579,-57.357032093777704
0.39935000000000004,76.50668738320908,-119.42659687992409,-66.84441649072764,127.44641082113604,-9.662270892481445,-8.01981394121196,141.83083323689522,-57.35569194200766
0.39940000000000003,76.51094933645963,-119.426919157453,-66.84900661677786,127.44675791421635,-9.66194271968178,-8.019838756763306,141.83340363894223,-57.35431245194014
0.39945,76.51527645614507,-119.42716435718773,-66.85365584496982,127.44702136648974,-9.661620611175245,-8.019857009301948,141.83594437785874,-57.35289404956771
0.3995,76.5196657907682,-119.42733007551561,-66.85836098074297,127.44719900781816,-9.66130481002524,-8.019868932302542,141.83845184468495,-57.35143721616029
0.39955,76.52411430074417,-119.42741402185095,-66.86311875043076,127.44728879008967,-9.660995550313453,-8.019874768238708,141.8409224781761,-57.349942487344826
0.3996,76.5286188618593,-119.42741402185229,-66.8679258050418,127.44728879009084,-9.6606930568175,-8.019874768238548,141.84335276935133,-57.34841045261944
0.39965,76.53317627028504,-119.42732802052903,-66.87277872560335,127.4471972122575,-9.660397544681697,-8.019869191728494,141.84573926678783,-57.346841754315705
0.3997,76.53778324716731,-119.42715408516749,-66.87767402805355,127.44701239122968,-9.660109219113762,-8.019858306062192,141.8480785815328,-57.345237086667105
0.39975,76.54243644267655,-119.42689040808526,-66.88260816757769,127.44673279422766,-9.659828275098885,-8.019842386142413,141.85036739157917,-57.343597195024735
0.39980000000000004,76.54713244163561,-119.42653530917642,-66.88757754452534,127.44635702320511,-9.659554897110302,-8.019821714028664,141.85260244701632,-57.341922874492035
0.39985000000000004,76.55186776773434,-119.42608723833307,-66.89257850887529,127.44588381686901,-9.659289258859054,-8.019796578535985,141.85478057431348,-57.34021496901453
0.39990000000000003,76.5566388885435,-119.42554477765195,-66.89760736550234,127.44531205247671,-9.659031523041186,-8.019767274824742,141.85689868085305,-57.338474370152376
0.39995,76.56144222108026,-119.42490664339442,-66.9026603799773,127.44464074737414,-9.658781841102948,-8.019734103979676,141.858953759554,-57.336702015612765
0.4,76.56627413605904,-119.42417168790469,-66.90773378302427,127.44386906048842,-9.658540353034777,-8.019697372583678,141.8609428927507,-57.33489888822189
0.40005,76.57113096375105,-119.42333890116072,-66.91282377658881,127.44299629344056,-9.658307187162247,-8.019657392279806,141.86286325663033,-57.33306601427112
0.4001,76.5760089990208,-119.4224074122297,-66.91792653905236,127.44202189155766,-9.658082459968437,-8.019614479327936,141.8647121251465,-57.331204462123765
0.40015,76.58090450616879,-119.42137649058637,-66.92303823023678,127.44094544474301,-9.657866275932026,-8.01956895415668,141.86648687371277,-57.32931534085923
0.4002,76.58581372504857,-119.4202455469985,-66.92815499768096,127.43976668790322,-9.657658727367606,-8.019521140904725,141.86818498322043,-57.32739979839096
0.40025,76.59073287568266,-119.41901413450897,-66.93327298137616,127.4384855014722,-9.657459894306516,-8.019471366963232,141.8698040433278,-57.32545902011733
0.40030000000000004,76.59565816391164,-119.4176819490239,-66.93838831953592,127.43710191153187,-9.657269844375719,-8.019419962507962,141.87134175597632,-57.32349422713676
0.40035000000000004,76.60058578710981,-119.4162488296576,-66.9434971544084,127.43561608968595,-9.65708863270141,-8.019367260028387,141.87279593873896,-57.32150667438853
0.40040000000000003,76.60551193886474,-119.41471475915495,-66.94859563702747,127.43402835301391,-9.656916301837263,-8.019313593858982,141.8741645276753,-57.31949764916413
0.40045000000000003,76.61043281513838,-119.4130798637117,-66.95367993344331,127.43233916341043,-9.65675288169506,-8.01925929969872,141.875445580481,-57.317468468984934
0.4005,76.6153446193159,-119.41134441289172,-66.95874622980834,127.43054912702821,-9.656598389507584,-8.01920471413648,141.8766372791193,-57.3154204798805
0.40055,76.620243567386,-119.4095088193312,-66.96379073757983,127.42865899350369,-9.656452829806197,-8.019150174172427,141.87773793234615,-57.31335505457676
0.4006,76.62512589401346,-119.40757363789857,-66.96880969960894,127.42666965463471,-9.656316194404548,-8.019096016736109,141.87874597825984,-57.31127359026355
0.40065,76.62998785711355,-119.4055395651967,-66.97379939469063,127.42458214340793,-9.656188462422927,-8.019042578211211,141.87965998633183,-57.309177506946995
0.4007,76.63482574362229,-119.40340743840795,-66.9787561433133,127.42239763236093,-9.65606960030901,-8.018990193952922,141.88047865953163,-57.30706824525316
0.40075,76.63963587489218,-119.4011782340394,-66.98367631300499,127.42011743185192,-9.655959561887215,-8.018939197812479,141.88120083616752,-57.304947264338246
0.40080000000000005,76.64441461132303,-119.39885306680931,-66.98855632289299,127.41774298847349,-9.655858288430045,-8.018889921664192,141.88182549143463,-57.30281604009021
0.40085000000000004,76.64915835830777,-119.39643318770445,-66.99339264957605,127.41527588263438,-9.65576570873174,-8.018842694929864,141.88235173897743,-57.30067606270366
0.40090000000000003,76.6538635708256,-119.39391998244449,-66.9981818316079,127.41271782655775,-9.655681739217709,-8.018797844113296,141.88277883206652,-57.298528834803676
0.40095000000000003,76.65852675847808,-119.39131496952885,-67.0029204744158,127.41007066186359,-9.65560628406231,-8.018755692334679,141.8831061646648,-57.2963758693288
0.401,76.66314449096521,-119.38861979779301,-67.00760525564662,127.40733635666149,-9.655539235318583,-8.018716558868476,141.88333327232124,-57.294218687157816
0.40105,76.66771340223526,-119.38583624447136,-67.0122329291523,127.40451700316613,-9.655480473082967,-8.018680758694744,141.8834598327762,-57.292058815298276
0.4011,76.67223019583761,-119.38296621234876,-67.01680033018278,127.40161481439473,-9.65542986565484,-8.018648602045966,141.8834856664521,-57.28989778446754
0.40115,76.67669164950951,-119.38001172710143,-67.02130437978023,127.39863212106955,-9.655387269729323,-8.018620393968062,141.88341073669199,-57.28773712697572
0.4012,76.68109461934768,-119.3769749346899,-67.02574208874354,127.39557136857727,-9.655352530604166,-8.018596433887334,141.88323514981934,-57.28557837476109
0.40125,76.68543604497623,-119.3738580978427,-67.03011056258575,127.39243511302399,-9.655325482390495,-8.018577015181258,141.882959154974,-57.283423056888566
0.40130000000000005,76.68971295329806,-119.37066359324409,-67.03440700503945,127.38922601800891,-9.655305948258585,-8.018562424764836,141.88258314377666,-57.28127269768291
0.40135000000000004,76.69392246291535,-119.36739390803123,-67.0386287222303,127.38594685071199,-9.655293740685027,-8.01855294268082,141.8821076497765,-57.27912881448375
0.40140000000000003,76.69806178853719,-119.36405163601303,-67.04277312682164,127.38260047771264,-9.65528866171557,-8.018548841699584,141.88153334765963,-57.27699291534384
0.40145000000000003,76.70212824431357,-119.36063947447046,-67.04683774105656,127.37918986140653,-9.655290503257014,-8.018550386936058,141.880861052369,-57.27486649721855
0.4015,76.70611924826247,-119.3571602198405,-67.05082020090099,127.3757180553074,-9.655299047361503,-8.018557835466874,141.88009171787752,-57.27275104353978
0.40155,76.7100323256706,-119.35361676394736,-67.05471825912623,127.37218819991526,-9.655314066544443,-8.018571435967846,141.87922643586919,-57.27064802225743
0.4016,76.71386511242383,-119.35001209007291,-67.0585297883167,127.36860351843443,-9.65533532410714,-8.01859142836153,141.87826643424887,-57.2685588838689
0.40165,76.71761535889551,-119.34634926822743,-67.06225278442705,127.36496731169778,-9.655362574468505,-8.018618043470312,141.8772130752827,-57.26648505908362
0.4017,76.72128093258873,-119.34263145130645,-67.0658853690677,127.36128295400222,-9.655395563521044,-8.01865150269577,141.87606785381232,-57.26442795710353
0.40175,76.724859821465,-119.33886187032888,-67.06942579247705,127.35755388802755,-9.65543402898796,-8.018692017698664,141.8748323950689,-57.262388963468744
0.40180000000000005,76.72835013690931,-119.33504382971644,-67.07287243611299,127.35378361981266,-9.655477700796334,-8.018739790096186,141.873508452327,-57.260369438034736
0.40185000000000004,76.73175011598892,-119.33118070306323,-67.07622381452336,127.34997571424672,-9.655526301465587,-8.018795011183478,141.87209790459045,-57.25837071329534
0.40190000000000003,76.73505812447416,-119.32727592776754,-67.07947857797869,127.34613378941803,-9.655579546495476,-8.018857861650474,141.87060275373472,-57.25639409219723
0.40195000000000003,76.73827265883801,-119.32333300050232,-67.08263551406121,127.34226151183553,-9.65563714477684,-8.018928511333199,141.86902512180356,-57.25444084648327
0.402,76.74139234837173,-119.31935547229283,-67.08569354936884,127.33836259126353,-9.655698799002858,-8.01900711897071,141.86736724803947,-57.25251221490927
0.40205,76.744415957477,-119.31534694301808,-67.0886517513864,127.33444077499165,-9.655764206090621,-8.019093831973564,141.86563148552585,-57.25060940127368
0.4021,76.74734238696128,-119.31131105689737,-67.09150932934497,127.33049984312123,-9.655833057616315,-8.01918878622386,141.86382029811963,-57.248733572999626
0.40215,76.75017067592658,-119.30725149687198,-67.09426563567625,127.32654360274523,-9.655905040250312,-8.01929210587326,141.86193625677652,-57.24688585927263
0.4022,76.75290000311382,-119.30317197938463,-67.09692016691017,127.32257588255364,-9.65597983620367,-8.019403903168955,141.85998203591672,-57.245067349448725
0.40225,76.75552968779772,-119.29907624951015,-67.09947256411502,127.31860052780999,-9.656057123682768,-8.01952427829978,141.85796040984388,-57.24327909169054
0.40230000000000005,76.75805919116492,-119.29496807499169,-67.10192261382272,127.31462139423375,-9.656136577342204,-8.019653319242055,141.855874248505,-57.24152209119866
0.40235000000000004,76.7604881167593,-119.29085124139381,-67.10427024800718,127.31064234304027,-9.656217868752153,-8.01979110164645,141.85372651368553,-57.23979730900243
0.40240000000000004,76.7628162111052,-119.28672954661677,-67.10651554424113,127.30666723533996,-9.656300666864094,-8.019937688723147,141.8515202547636,-57.23810566054929
0.40245000000000003,76.76504336429893,-119.28260679511185,-67.10865872582006,127.30269992626391,-9.656384638478862,-8.020093131152038,141.8492586041956,-57.23644801423812
0.4025,76.76716960977268,-119.27848679314296,-67.11070016104631,127.2987442601593,-9.656469448726394,-8.020257467016318,141.84694477343385,-57.23482519046102
0.40255,76.76919512458765,-119.27437334276651,-67.1126403630509,127.29480406450725,-9.656554761536798,-8.020430721740683,141.8445820480524,-57.23323796018366
0.4026,76.77112022906896,-119.27027023663098,-67.11447998894893,127.29088314469111,-9.656640240119996,-8.020612908060118,141.84217378320577,-57.231687043927174
0.40265,76.77294538619385,-119.26618125289008,-67.11621983874616,127.28698527889294,-9.656725547447712,-8.020804026002866,141.83972339904903,-57.230173110857365
0.4027,76.77467120126009,-119.26211014916171,-67.11786085453323,127.2831142120452,-9.65681034672688,-8.021004062883495,141.83723437550654,-57.2286967775688
0.40275,76.7762984207026,-119.2580606578568,-67.11940411881739,127.27927365118667,-9.656894301885213,-8.021212993329858,141.8347102477311,-57.22725860745664
0.40280000000000005,76.77782793118483,-119.25403648055301,-67.12085085313957,127.27546725986575,-9.65697707804531,-8.021430779312706,141.8321546009074,-57.22585910978507
0.40285000000000004,76.7792607584207,-119.25004128251146,-67.1222024164201,127.27169865271246,-9.657058342000676,-8.021657370200977,141.82957106502948,-57.224498738877564
0.40290000000000004,76.78059806546023,-119.24607868810341,-67.1234603027667,127.26797139094158,-9.65713776269354,-8.021892702838157,141.82696331015165,-57.22317789368719
0.40295000000000003,76.78184115131774,-119.24215227493254,-67.124626139637,127.26428897655782,-9.657215011680723,-8.022136701625259,141.82433504072702,-57.221896916964496
0.403,76.78299144895433,-119.23826556916435,-67.1257016853496,127.26065484779731,-9.657289763604725,-8.022389278632948,141.82168999061025,-57.22065609490778
0.40305,76.7840505232238,-119.23442204062263,-67.12668882656807,127.25707237435017,-9.657361696655737,-8.0226503337275,141.81903191784346,-57.219455656774144
0.4031,76.78502006882121,-119.23062509726721,-67.12758957579452,127.25354485197408,-9.657430493026704,-8.022919754706878,141.81636459892195,-57.21829577435365
0.40315,76.78590190764632,-119.22687808109146,-67.12840606827626,127.25007549856096,-9.657495839370021,-8.023197417469486,141.81369182393541,-57.217176561952165
0.4032,76.78669798637182,-119.22318426286452,-67.1291405591329,127.24666744904785,-9.657557427238926,-8.02348318618333,141.81101739084738,-57.21609807605148
0.40325,76.78741037364074,-119.21954683747542,-67.12979542011172,127.24332375095585,-9.657614953529007,-8.023776913480415,141.8083451000783,-57.215060315226665
0.4033,76.78804125704713,-119.21596891988943,-67.13037313613881,127.24004736056231,-9.657668120908328,-8.024078440672806,141.80567874948454,-57.21406322027067
0.40335000000000004,76.7885929401448,-119.21245353999466,-67.13087630190456,127.23684113796197,-9.657716638240222,-8.02438759796729,141.80302212841812,-57.21310667406634
0.40340000000000004,76.78906783907443,-119.20900363884465,-67.13130761807612,127.233707843561,-9.657760220998338,-8.024704204716345,141.80037901275176,-57.21219050189361
0.40345000000000003,76.78946847916062,-119.20562206439025,-67.13166988749056,127.23065013406334,-9.657798591670087,-8.025028069673061,141.79775315945682,-57.211314471634864
0.4035,76.78979749134821,-119.20231156699705,-67.13196601119579,127.22767055825334,-9.65783148015245,-8.025358991256285,141.79514830091227,-57.21047829398827
0.40355,76.79005760840232,-119.19907479624784,-67.13219898426676,127.224771554098,-9.657858624135566,-8.025696757850158,141.79256814016466,-57.20968162304266
0.4036,76.79025166106524,-119.19591429656431,-67.13237189158893,127.22195544465661,-9.65787976947633,-8.026041148092318,141.79001634517022,-57.20892405660901
0.40365,76.79038257401479,-119.19283250376293,-67.13248790345502,127.21922443495836,-9.657894670559802,-8.026391931195345,141.78749654371376,-57.20820513682405
0.4037,76.79045336170182,-119.18983174194096,-67.13255027105394,127.2165806092189,-9.657903090647897,-8.026748867277893,141.78501231853772,-57.20752435086774
0.40375,76.79046712406488,-119.18691421948293,-67.13256232184742,127.21402592717878,-9.657904802217471,-8.02711170769583,141.78256720166436,-57.20688113153051
0.4038,76.7904270421274,-119.18408202657055,-67.13252745484505,127.21156222197817,-9.657899587282378,-8.027480195407557,141.7801646699163,-57.20627485814988
0.40385000000000004,76.79033637345711,-119.1813371319526,-67.1324491357519,127.20919119728488,-9.657887237705234,-8.027854065332216,141.77780813973968,-57.20570485743289
0.40390000000000004,76.79019844754532,-119.1786813798599,-67.13233089205343,127.20691442458676,-9.657867555491865,-8.028233044726848,141.775500962104,-57.20517040433796
0.40395000000000003,76.79001666107368,-119.17611648806044,-67.13217630799956,127.20473334164153,-9.657840353074125,-8.028616853581077,141.77324641829898,-57.204670723245584
0.404,76.78979447305962,-119.17364404470825,-67.13198901948302,127.20264924971369,-9.657805453576612,-8.029005205005364,141.77104771465,-57.20420498890689
0.40405,76.78953539996212,-119.17126550643964,-67.13177270889501,127.20066331208727,-9.65776269106714,-8.02939780564761,141.76890797826005,-57.20377232767979
0.4041,76.78924301068201,-119.16898219648593,-67.13153109988774,127.19877655259367,-9.657711910794278,-8.029794356107734,141.7668302527074,-57.20337181880547
0.40415,76.78892092144002,-119.16679530216808,-67.1312679520336,127.19698985352773,-9.657652969406458,-8.030194551359608,141.76481749315658,-57.20300249559208
0.4042,76.78857279069891,-119.1647058739358,-67.13098705554268,127.19530395512828,-9.657585735156243,-8.030598081192487,141.7628725627909,-57.20266334692267
0.40425,76.78820231391371,-119.16271482343026,-67.13069222582565,127.19371945407597,-9.657510088088062,-8.031004630645697,141.76099822833046,-57.2023533186088
0.4043,76.78781321826266,-119.16082292211007,-67.13038729805454,127.19223680256871,-9.657425920208118,-8.031413880458578,141.75919715601268,-57.202071314875106
0.40435000000000004,76.78740925742812,-119.15903080070335,-67.13007612178978,127.19085630823214,-9.657333135638346,-8.031825507528792,141.7574719082939,-57.20181620000886
0.40440000000000004,76.78699420613606,-119.15733894758905,-67.12976255538271,127.18957813295266,-9.657231650753362,-8.03223918536358,141.75582493951984,-57.201586799858255
0.40445000000000003,76.78657185488423,-119.1557477086049,-67.1294504605864,127.18840229315768,-9.657121394297855,-8.032654584552796,141.75425859289732,-57.20138190357992
0.4045,76.78614600453112,-119.15425728654401,-67.12914369704089,127.1873286597763,-9.65700230749025,-8.033071373232241,141.7527750971285,-57.201200265366836
0.40455,76.78572046080482,-119.15286774038569,-67.12884611670029,127.18635695794096,-9.656874344104532,-8.033489217555259,141.75137656277877,-57.201040606146215
0.4046,76.78529902904499,-119.15157898592004,-67.12856155850884,127.18548676809327,-9.656737470536173,-8.033907782173243,141.75006497994207,-57.200901615504435
0.40465,76.78488550865723,-119.15039079530662,-67.12829384280657,127.18471752601285,-9.65659166585068,-8.034326730706185,141.7488422148551,-57.200781953477374
0.4047,76.78448368772517,-119.14930279752122,-67.12804676591212,127.18404852374515,-9.656436921813043,-8.034745726223914,141.74771000734344,-57.20068025248254
0.40475,76.78409733775251,-119.14831447925519,-67.12782409485399,127.18347891098355,-9.656273242898534,-8.035164431728333,141.746669968719,-57.200595119307145
0.4048,76.78373020806661,-119.14742518499189,-67.12762956177768,127.1830076956168,-9.656100646288941,-8.035582510624918,141.7457235788029,-57.200525137031846
0.40485000000000004,76.7833860206987,-119.14663411852142,-67.12746685885371,127.18263374573165,-9.655919161845015,-8.035999627210222,141.74487218441604,-57.20046886710839
0.40490000000000004,76.78306846503013,-119.14594034386178,-67.12733963296516,127.18235579100734,-9.655728832064998,-8.036415447145488,141.74411699724465,-57.20042485138751
0.40495000000000003,76.78278119239164,-119.14534278633306,-67.12725148036499,127.1821724242618,-9.655529712026661,-8.036829637928687,141.7434590918096,-57.200391614197
0.405,76.78252781117183,-119.1448402346608,-67.12720594186806,127.18208210403758,-9.655321869303764,-8.037241869376796,141.74289940457766,-57.20036766447295
0.40505,76.78231188138201,-119.14443134212596,-67.12720649750642,127.18208315621101,-9.655105383875636,-8.037651814084974,141.74243873197747,-57.20035149786726
0.4051,76.78213690972765,-119.14411462874355,-67.12725656171752,127.18217377664206,-9.654880348010142,-8.038059147898519,141.74207772955546,-57.20034159890903
0.40515,76.78200634474034,-119.14388848354847,-67.12735947860915,127.1823520339239,-9.654646866131223,-8.038463550375404,141.74181691125588,-57.2003364431691
0.4052,76.78192357154775,-119.14375116636816,-67.12751851687223,127.18261587160214,-9.65440505467555,-8.038864705233943,141.74165664807384,-57.20033449943571
0.40525,76.78189190741912,-119.14370081087148,-67.12773686549878,127.18296311168467,-9.654155041920383,-8.039262300813128,141.74159716820273,-57.20033423190628
0.4053,76.78191459684798,-119.14373542690079,-67.12801762904259,127.18339145740967,-9.653896967805426,-8.03965603050884,141.74163855632892,-57.20033410237975
0.40535000000000004,76.78199480685693,-119.14385290320979,-67.12836382312301,127.18389849642006,-9.653630983733917,-8.040045593210257,141.74178075338935,-57.20033257246225
0.40540000000000004,76.7821356228112,-119.14405101091961,-67.12877837045806,127.18448170465362,-9.653357252353164,-8.04043069373397,141.74202355720897,-57.20032810575739
0.40545000000000003,76.78234004363794,-119.14432740612757,-67.12926409630884,127.18513844936292,-9.65307594732912,-8.040811043235337,141.74236662210552,-57.200319170072675
0.4055,76.78261097782304,-119.14467963360367,-67.12982372472901,127.18586599323052,-9.652787253094022,-8.041186359626856,141.7428094598303,-57.200304239599866
0.40555,76.78295123929318,-119.1451051303055,-67.13045987470751,127.18666149828256,-9.652491364585677,-8.041556367977051,141.74335144029587,-57.20028179709422
0.4056,76.7833635431024,-119.14560122864506,-67.13117505612865,127.18752202954224,-9.652188486973744,-8.041920800897161,141.74399179198932,-57.20025033606561
0.40565,76.78385050200765,-119.14616516081108,-67.13197166664634,127.18844455974066,-9.651878835361321,-8.042279398929576,141.7447296037561,-57.20020836289813
0.4057,76.78441462242392,-119.14679406231294,-67.13285198793903,127.18942597322267,-9.65156263448487,-8.04263191090974,141.7455638255939,-57.20015439900979
0.40575,76.78505830090333,-119.14748497610414,-67.13381818251143,127.19046307043082,-9.651240118391934,-8.04297809432664,141.74649327021845,-57.200086982960265
0.4058,76.78578382100275,-119.14823485709681,-67.13487229089698,127.1915525727671,-9.650911530105795,-8.043317715670247,141.7475166151692,-57.20000467251179
0.40585000000000004,76.78659334956772,-119.14904057601106,-67.13601622828098,127.19269112676729,-9.650577121286764,-8.043650550756194,141.74863240404053,-57.19990604674191
0.40590000000000004,76.78748893406072,-119.1498989242191,-67.13725178219457,127.1938753092724,-9.65023715186616,-8.043976385053274,141.74983904911542,-57.199789708018514
0.40595000000000003,76.78847249952385,-119.15080661820994,-67.13858060984258,127.19510163219341,-9.649891889681317,-8.044295013983412,141.7511348334827,-57.199654284015104
0.406,76.7895458456039,-119.15176030402391,-67.14000423550841,127.1963665472361,-9.649541610095495,-8.044606243212193,141.75251791316325,-57.19949842969738
0.40605,76.7907106444623,-119.15275656246375,-67.14152404886144,127.19766645139377,-9.649186595600849,-8.044909888930002,141.75398632036874,-57.19932082917827
0.4061,76.79196843795631,-119.15379191354593,-67.14314130253386,127.19899769165437,-9.648827135422483,-8.045205778108416,141.75553796572703,-57.19912019765328
0.40615,76.79332063561657,-119.15486282161918,-67.14485711051276,127.2003565703683,-9.648463525103816,-8.045493748749113,141.75717064150052,-57.19889528321022
0.4062,76.7947685128349,-119.15596570055072,-67.14667244674978,127.20173935066546,-9.64809606608519,-8.045773650114716,141.75888202497478,-57.198644868581376
0.40625,76.79631320858307,-119.15709691844825,-67.14858814330263,127.20314226138767,-9.64772506528048,-8.046045342939392,141.76066968120338,-57.19836777295232
0.4063,76.7979557242859,-119.15825280321546,-67.15060488965277,127.20456150284778,-9.647350834633219,-8.04630869963226,141.76253106707844,-57.19806285355979
0.40635000000000004,76.79969692215784,-119.15942964757568,-67.15272323148024,127.20599325203135,-9.646973690677655,-8.046563604455635,141.76446353466315,-57.19772900735455
0.40640000000000004,76.80153752382482,-119.16062371425964,-67.15494356973629,127.20743366794915,-9.646593954088571,-8.046809953689491,141.76646433481667,-57.19736517260196
0.40645000000000003,76.80347810975714,-119.16183124163909,-67.15726616053621,127.20887889742048,-9.646211949220959,-8.047047655781384,141.76853062163275,-57.19697033030357
0.40650000000000003,76.80551911792466,-119.16304844870353,-67.15969111427049,127.21032508017764,-9.64582800365417,-8.047276631474078,141.7706594559042,-57.19654350573807
0.40655,76.80766084346163,-119.16427154067888,-67.16221839573862,127.21176835459755,-9.645442447723015,-8.047496813918654,141.7728478096736,-57.1960837697987
0.4066,76.80990343836139,-119.16549671442739,-67.16484782431596,127.21320486320008,-9.645055614045443,-8.047708148772646,141.77509257061553,-57.195590240271486
0.40665,76.81224691079922,-119.16672016363073,-67.16757907374291,127.21463075790332,-9.644667837056298,-8.047910594272565,141.777390546034,-57.19506208319148
0.4067,76.81469112568605,-119.16793808452151,-67.17041167316268,127.21604220581894,-9.644279452523392,-8.04810412129743,141.77973846798739,-57.194498513899774
0.40675,76.81723580448632,-119.1691466810634,-67.17334500741038,127.21743539447147,-9.643890797075912,-8.048288713408056,141.78213299754964,-57.19389879822899
0.4068,76.81988052559485,-119.17034217037916,-67.17637831787042,127.21880653724918,-9.643502207724469,-8.048464366870023,141.78457072958227,-57.19326225355219
0.40685000000000004,76.82262472534516,-119.17152078830617,-67.17951070396757,127.22015187896749,-9.64311402137758,-8.048631090661292,141.7870481979539,-57.19258824964441
0.40690000000000004,76.82546769822983,-119.17267879447819,-67.1827411238607,127.22146770093518,-9.642726574369156,-8.048788906456968,141.78956187993398,-57.19187620970736
0.40695000000000003,76.82840859834754,-119.17381247786804,-67.18606839637292,127.22275032646766,-9.642340201974655,-8.048937848599616,141.79210820163686,-57.19112561107766
0.40700000000000003,76.83144644054488,-119.17491816200284,-67.18949120261013,127.22399612605433,-9.641955237934782,-8.04907796405147,141.79468354302426,-57.190335985966506
0.40705,76.83458010145198,-119.17599221008557,-67.19300808746581,127.22520152240996,-9.641572013986167,-8.049209312324384,141.79728424276968,-57.18950692221425
0.4071,76.8378083216859,-119.17703103037279,-67.19661746230574,127.22636299577204,-9.641190859380151,-8.049331965399269,141.7999066039699,-57.18863806370408
0.40715,76.84112970711155,-119.17803108110355,-67.2003176066878,127.22747708872363,-9.640812100423787,-8.049446007620041,141.8025468989666,-57.18772911099708
0.4072,76.84454273100616,-119.17898887559564,-67.20410667099621,127.22854041117195,-9.640436060009954,-8.049551535576251,141.80520137479718,-57.186779821696824
0.40725,76.84804573650177,-119.1799009872845,-67.20798267934438,127.22954964524983,-9.640063057157397,-8.049648657965298,141.80786625874606,-57.18579001070676
0.4073,76.8516369383521,-119.18076405444425,-67.21194353178824,127.23050154987965,-9.63969340656389,-8.049737495435329,141.81053776326144,-57.1847595506474
0.40735000000000005,76.85531442606626,-119.18157478510727,-67.21598700791697,127.23139296552486,-9.6393274181493,-8.049818180417544,141.81321209177807,-57.18368837185268
0.40740000000000004,76.8590761663498,-119.18232996169235,-67.22011076972896,127.23222081862708,-9.638965396620867,-8.04989085693472,141.81588544391798,-57.18257646253799
0.40745000000000003,76.86292000580494,-119.18302644553923,-67.2243123647643,127.2329821259362,-9.638607641040633,-8.049955680396934,141.81855402075172,-57.18142386885966
0.40750000000000003,76.86684367455261,-119.18366118147328,-67.22858923016062,127.23367399885603,-9.638254444391999,-8.05001281738272,141.82121403058264,-57.18023069466856
0.40755,76.87084478883872,-119.18423120205485,-67.23293869566443,127.23429364745326,-9.637906093174301,-8.050062445398417,141.82386169391452,-57.1789971015397
0.4076,76.87492085477724,-119.18473363184403,-67.2373579877912,127.23483838447322,-9.637562866986045,-8.050104752629165,141.82649324904665,-57.17772330841986
0.40765,76.87906927199903,-119.18516569151468,-67.24184423386872,127.23530562918363,-9.637225038130323,-8.050139937668932,141.8291049574897,-57.176409591274634
0.4077,76.88328733685177,-119.1855247017439,-67.24639446562033,127.23569291098227,-9.636892871231463,-8.050168209238377,141.83169310894837,-57.175056282839506
0.40775,76.88757224687659,-119.18580808708292,-67.25100562402653,127.2359978729725,-9.636566622850072,-8.05018978588956,141.83425402697907,-57.17366377193402
0.4078,76.89192110437135,-119.18601337959453,-67.25567456324549,127.23621827528711,-9.636246541125882,-8.050204895692548,141.83678407395507,-57.1722325030358
0.40785000000000005,76.89633092050461,-119.18613822235315,-67.26039805508228,127.2363519982665,-9.635932865422348,-8.050213775913344,141.8392796562138,-57.17076297563844
0.40790000000000004,76.90079861998899,-119.1861803728298,-67.26517279400692,127.23639704550418,-9.635625825982101,-8.050216672674354,141.84173722940938,-57.169255743395254
0.40795000000000003,76.90532104486338,-119.18613770604729,-67.26999540125608,127.23635154665351,-9.63532564360732,-8.050213840606231,141.84415330318825,-57.167711413516294
0.40800000000000003,76.90989495941649,-119.1860082176284,-67.27486243007809,127.23621376011228,-9.635032529338416,-8.050205542483912,141.84652444639264,-57.16613064575559
0.40805,76.91451705475424,-119.18579002663212,-67.27977037059733,127.23598207548568,-9.634746684156934,-8.05019204885354,141.8488472918921,-57.16451415147411
0.4081,76.9191839531289,-119.18548137824077,-67.2847156544273,127.23565501588944,-9.634468298701595,-8.05017363764865,141.8511185411601,-57.1628626927521
0.40815,76.92389221333154,-119.18508064624108,-67.28969466033978,127.23523124003361,-9.634197552991779,-8.050150593792505,141.8533349692535,-57.161177081096774
0.4082,76.92863833510829,-119.1845863353485,-67.29470371893179,127.23470954414393,-9.63393461617652,-8.050123208795416,141.8554934291303,-57.15945817644825
0.40825,76.93341876424547,-119.18399708334717,-67.29973911795257,127.2340888636852,-9.633679646292915,-8.050091780338034,141.85759085617542,-57.15770688591945
0.4083,76.93822989794867,-119.18331166298071,-67.30479710791171,127.23336827482895,-9.633432790036968,-8.050056611848248,141.859624272676,-57.15592416238325
0.40835000000000005,76.94306808939334,-119.18252898376612,-67.30987390683059,127.2325469958376,-9.633194182562741,-8.050018012071474,141.86159079178293,-57.15411100332505
0.40840000000000004,76.94792965342818,-119.18164809348723,-67.31496570614587,127.23162438811548,-9.632963947282304,-8.049976294628275,141.86348762182874,-57.15226844923571
0.40845000000000004,76.95281087163895,-119.18066817955658,-67.32006867594471,127.23059995712786,-9.63274219569426,-8.049931777571242,141.8653120701879,-57.15039758219396
0.40850000000000003,76.95770799737844,-119.17958857023777,-67.32517897015164,127.22947335316861,-9.63252902722682,-8.04988478293084,141.8670615470022,-57.1484995244312
0.40855,76.96261726165145,-119.1784087354811,-67.33029273256115,127.22824437173809,-9.632324529090319,-8.04983563625696,141.8687335690456,-57.14657543652296
0.4086,76.96753487792743,-119.1771282877912,-67.33540610176783,127.22691295394937,-9.632128776159613,-8.04978466615822,141.87032576303483,-57.144626515952616
0.40865,76.97245704777588,-119.17574698273604,-67.34051521691119,127.22547918656775,-9.631941830864715,-8.049732203831663,141.8718358690858,-57.14265399531879
0.4087,76.97737996645161,-119.17426471922833,-67.3456162233527,127.22394330182166,-9.631763743098917,-8.049678582593325,141.87326174395295,-57.14065914051127
0.40875,76.98229982778646,-119.17268153982941,-67.35070527762993,127.22230567723341,-9.631594550156544,-8.049624137403983,141.87460136391155,-57.13864324912848
0.4088,76.98721283019329,-119.17099763050413,-67.35577855352464,127.22056683489615,-9.631434276668633,-8.049569204392,141.87585282778426,-57.13660764839867
0.40885000000000005,76.99211518171956,-119.16921332047025,-67.36083224714257,127.21872744084588,-9.631282934577001,-8.049514120375603,141.87701435953224,-57.13455369344544
0.40890000000000004,76.99700310537673,-119.16732908175838,-67.36586258226234,127.21678830414236,-9.6311405231144,-8.049459222383986,141.87808431075425,-57.13248276539744
0.40895000000000004,77.00187284495678,-119.1653455283702,-67.37086581615546,127.21475037554747,-9.631007028801315,-8.04940484717729,141.8790611631144,-57.13039626924603
0.40900000000000003,77.00672066979584,-119.16326341563382,-67.37583824432245,127.2126147464021,-9.630882425473414,-8.049351330768236,141.87994353036547,-57.12829563210419
0.40905,77.01154288048805,-119.1610836389647,-67.38077620617653,127.2103826469089,-9.63076667431151,-8.049299007944231,141.88073016039064,-57.12618230101406
0.4091,77.0163358141186,-119.15880723259885,-67.38567609021959,127.20805544438828,-9.630659723899052,-8.049248211789367,141.88141993696263,-57.12405774091215
0.40915,77.02109584912074,-119.1564353682879,-67.39053433882125,127.20563464150166,-9.630561510299492,-8.049199273213778,141.88201188126848,-57.12192343271476
0.4092,77.02581941096778,-119.15396935337199,-67.39534745382956,127.20312187385174,-9.630471957138225,-8.049152520479758,141.88250515336745,-57.119780870984435
0.40925,77.03050297682434,-119.15141062913415,-67.40011200110371,127.2005189078709,-9.630390975720653,-8.049108278736737,141.88289905332172,-57.11763156201186
0.4093,77.03514308065724,-119.1487607687044,-67.40482461550454,127.19782763826353,-9.630318465152724,-8.049066869559093,141.8831930222015,-57.11547702164361
0.40935000000000005,77.03973631843505,-119.14602147466923,-67.40948200595028,127.19505008515483,-9.630254312484764,-8.049028610485584,141.88338664289185,-57.113318773015735
0.40940000000000004,77.04427935249782,-119.14319457691953,-67.41408095962223,127.19218839149245,-9.630198392875604,-8.048993814572913,141.8834796406524,-57.11115834462146
0.40945000000000004,77.04876891671356,-119.14028202981068,-67.41861834694738,127.18924481975587,-9.630150569766165,-8.04896278994521,141.88347188352827,-57.108997267961406
0.40950000000000003,77.05320182099705,-119.13728590945115,-67.42309112592164,127.1862217488091,-9.630110695075423,-8.048935839357915,141.8833633825249,-57.10683707543846
0.40955,77.05757495563529,-119.13420841089645,-67.4274963462224,127.1831216706662,-9.630078609412909,-8.048913259769726,141.88315429160102,-57.10467929829749
0.4096,77.06188529614087,-119.13105184473199,-67.43183115384045,127.17994718664575,-9.630054142300454,-8.048895341913743,141.8828449074369,-57.10252546425193
0.40965,77.06612990714483,-119.12781863407169,-67.43609279472439,127.17670100396313,-9.630037112420458,-8.048882369891405,141.88243566903267,-57.10037709552719
0.4097,77.07030594673655,-119.12451131099859,-67.44027861886624,127.17338593176143,-9.630027327870318,-8.048874620762852,141.881927157083,-57.09823570662965
0.40975,77.07441067066837,-119.12113251283054,-67.44438608423317,127.17000487698434,-9.630024586435189,-8.048872364153821,141.88132009313335,-57.09610280212299
0.4098,77.07844143586965,-119.11768497868368,-67.44841275999094,127.16656084055977,-9.630028675878725,-8.048875861876045,141.88061533861386,-57.093979874703344
0.40985,77.08239570460975,-119.11417154524291,-67.45235633036862,127.16305691279142,-9.630039374241168,-8.048885367548454,141.87981389356133,-57.09186840288001
0.40990000000000004,77.08627104790459,-119.11059514289649,-67.4562145977475,127.15949626913778,-9.630056450157092,-8.048901126241306,141.87891689523855,-57.08976984899181
0.40995000000000004,77.0900651488756,-119.10695879166074,-67.45998548568984,127.15588216578817,-9.630079663185763,-8.048923374127412,141.8779256165534,-57.0876856571928
0.41000000000000003,77.09377580638112,-119.10326559656718,-67.4636670422323,127.15221793470833,-9.630108764148847,-8.048952338141127,141.87684146417615,-57.08561725122677
0.41005,77.09740093774887,-119.09951874362818,-67.46725744225795,127.14850697929101,-9.63014349549091,-8.048988235662812,141.87566597665662,-57.08356603263259
0.4101,77.10093858198887,-119.09572149506313,-67.47075499034814,127.14475276926689,-9.630183591640758,-8.049031274203726,141.87440082218237,-57.0815333786234
0.41015,77.10438690262022,-119.09187718461257,-67.47415812323014,127.14095883572628,-9.630228779390121,-8.04908165111367,141.87304779620337,-57.07952064011485
0.4102,77.10774418997941,-119.08798921312048,-67.47746541169343,127.13712876642134,-9.63027877828605,-8.049139553300794,141.87160881900087,-57.07752913998694
0.41025,77.1110088640574,-119.08406104325802,-67.48067556303376,127.13326620022106,-9.630333301023652,-8.049205156963014,141.87008593282496,-57.075560170976864
0.4103,77.11417947645131,-119.08009619491939,-67.48378742259115,127.12937482225911,-9.63039205386013,-8.049278627339696,141.86848129911593,-57.07361499401831
0.41035,77.11725471246264,-119.0760982401878,-67.48679997543154,127.12545835866449,-9.630454737031137,-8.049360118476663,141.86679719544563,-57.07169483643544
0.41040000000000004,77.12023339319704,-119.07207079796368,-67.48971234802336,127.12152057096786,-9.630521045173696,-8.049449773004206,141.86503601217763,-57.06980089006083
0.41045000000000004,77.12311447687874,-119.06801752927335,-67.49252380911147,127.11756525121241,-9.630590667767304,-8.04954772193901,141.86320024927215,-57.067934309767615
0.41050000000000003,77.1258970606334,-119.06394213168284,-67.49523377106469,127.11359621617613,-9.630663289568783,-8.04965408449326,141.86129251259533,-57.06609621164499
0.41055,77.12858038168022,-119.05984833413477,-67.49784179061525,127.1096173020415,-9.630738591064981,-8.04976896790673,141.85931551026349,-57.06428767146544
0.4106,77.13116381826555,-119.05573989188723,-67.50034756933836,127.10563235918337,-9.630816248927184,-8.04989246729612,141.85727204893243,-57.06250972326052
0.41065,77.13364689085135,-119.05162058071295,-67.50275095438408,127.1016452462288,-9.630895936467294,-8.05002466551582,141.8551650296054,-57.060763357646366
0.4107,77.13602926250908,-119.04749419195703,-67.50505193840151,127.09765982500066,-9.63097732410763,-8.0501656330436,141.85299744372938,-57.05904952060571
0.41075,77.13831073952174,-119.04336452697973,-67.50725065967539,127.0936799548593,-9.631060079846373,-8.050315427879562,141.85077236888912,-57.05736911206271
0.4108,77.14049127175629,-119.03923539155451,-67.50934740202686,127.08970948701523,-9.631143869729453,-8.050474095460718,141.84849296433796,-57.05572298452453
0.41085,77.14257095248499,-119.0351105909061,-67.51134259415555,127.08575225950835,-9.631228358329485,-8.0506416686022,141.84616246676688,-57.05411194204878
0.41090000000000004,77.14455001850602,-119.03099392383699,-67.51323680928795,127.0818120912806,-9.631313209218103,-8.050818167443593,141.84378418547038,-57.05253673890798
0.41095000000000004,77.14642884968319,-119.0268891775427,-67.51503076423536,127.07789277696794,-9.63139808544783,-8.051003599425231,141.8413614977742,-57.05099807860089
0.41100000000000003,77.14820796835505,-119.02280012236231,-67.51672531832483,127.07399808164016,-9.631482650030271,-8.051197959277818,141.83889784433737,-57.04949661289258
0.41105,77.14988803877759,-119.01873050598998,-67.51832147236352,127.07013173501522,-9.631566566414106,-8.051401229025192,141.83639672401927,-57.048032940723544
0.4111,77.15146986595892,-119.01468404863435,-67.5198203669919,127.06629742664994,-9.631649498967013,-8.051613378015613,141.83386168921095,-57.046607607531875
0.41115,77.15295439464674,-119.0106644374402,-67.52122328119624,127.06249880040191,-9.631731113450472,-8.051834362961737,141.8312963406294,-57.04522110436061
0.4112,77.15434270800155,-119.00667532116704,-67.52253163050587,127.0587394491684,-9.631811077495694,-8.052064128001339,141.82870432215552,-57.0438738671268
0.41125,77.15563602592532,-119.00272030539294,-67.52374696484802,127.05502291017625,-9.631889061077377,-8.052302604783277,141.8260893159247,-57.04256627612204
0.4113,77.15683570348122,-118.99880294689017,-67.52487096649926,127.05135265944494,-9.631964736981997,-8.05254971255474,141.82345503677024,-57.04129865529908
0.41135,77.15794322887098,-118.9949267488943,-67.52590544759705,127.0477321071792,-9.632037781273931,-8.052805358284859,141.82080522717533,-57.04007127190401
0.41140000000000004,77.15896022131322,-118.99109515613756,-67.52685234755714,127.0441645929314,-9.632107873756105,-8.053069436793848,141.81814365197133,-57.038884336089446
0.41145000000000004,77.15988842883031,-118.98731154959262,-67.52771373040508,127.0406533804918,-9.632174698425208,-8.053341830899184,141.81547409274265,-57.03773800049446
0.41150000000000003,77.16072972563506,-118.98357924217429,-67.52849178171293,127.03720165376355,-9.632237943922103,-8.053622411589258,141.81280034281556,-57.03663236017014
0.41155,77.16148610956012,-118.97990147363632,-67.52918880558639,127.03381251183696,-9.632297303973742,-8.05391103820067,141.8101262015941,-57.03556745231334
0.4116,77.16215969920525,-118.976281406014,-67.52980722137661,127.0304889646349,-9.632352477828647,-8.054207558620902,141.80745546919837,-57.03454325621563
0.41165,77.16275273085891,-118.97272211944366,-67.53034956017314,127.02723392895132,-9.63240317068581,-8.054511809507666,141.80479194129526,-57.03355969337138
0.4117,77.16326755540516,-118.96922660726896,-67.53081846129203,127.02405022378233,-9.632449094113165,-8.054823616513335,141.80213940332055,-57.03261662743389
0.41175,77.16370663491169,-118.96579777221886,-67.53121666845321,127.02094056676036,-9.632489966458511,-8.05514279454149,141.799501625426,-57.03171386451505
0.4118,77.1640725391476,-118.96243842215307,-67.53154702589771,127.01790757015844,-9.632525513249881,-8.05546914800535,141.7968823570229,-57.03085115341389
0.41185,77.16436794196358,-118.9591512658085,-67.53181247437834,127.01495373691426,-9.632555467585263,-8.055802471105755,141.79428532125067,-57.03002818589202
0.41190000000000004,77.16459561742985,-118.9559389094496,-67.53201604691658,127.01208145757855,-9.632579570513258,-8.056142548128884,141.79171421007004,-57.02924459723014
0.41195000000000004,77.16475843592582,-118.95280385269174,-67.53216086452433,127.00929300643736,-9.632597571401494,-8.056489153745625,141.78917267863488,-57.028499966619485
0.41200000000000003,77.16485936006312,-118.94974848512429,-67.53225013177145,127.00659053846243,-9.632609228291692,-8.05684205333812,141.78666434024268,-57.02779381778586
0.41205,77.1649014404282,-118.94677508312581,-67.53228713218168,127.00397608645751,-9.632614308246533,-8.057201003331656,141.78419276134667,-57.027125619717715
0.4121,77.16488781129902,-118.94388580612767,-67.53227522362113,127.00145155766607,-9.632612587677917,-8.05756575153843,141.7817614560896,-57.02649478728209
0.41215,77.16482168615363,-118.94108269405584,-67.53221783348692,126.99901873157827,-9.632603852666728,-8.057936037522396,141.77937388171142,-57.02590068217104
0.4122,77.16470635309776,-118.93836766417445,-67.53211845383025,126.99667925713791,-9.632587899267518,-8.05831159296343,141.7770334334096,-57.02534261374451
0.41225,77.16454517020094,-118.935742508225,-67.53198063640384,126.99443465026667,-9.63256453379713,-8.058692142041597,141.7747434393968,-57.024819839970085
0.4123,77.16434156071867,-118.93320889032347,-67.53180798760714,126.99228629215554,-9.632533573111537,-8.059077401832033,141.77250715653076,-57.02433156856885
0.41235,77.16409900820628,-118.93076834407437,-67.53160416334045,126.99023542677598,-9.632494844865851,-8.059467082701653,141.77032776522788,-57.023876958026726
0.41240000000000004,77.16382105157624,-118.92842227070831,-67.53137286381661,126.98828315943418,-9.632448187759612,-8.059860888725847,141.7682083652029,-57.023455118850926
0.41245000000000004,77.16351128008651,-118.92617193713123,-67.53111782832106,126.98643045524089,-9.632393451765486,-8.060258518109634,141.7661519710969,-57.023065114831425
0.41250000000000003,77.16317332817793,-118.92401847374224,-67.53084282983419,126.98467813735411,-9.632330498343753,-8.060659663611906,141.76416150782757,-57.022705964303725
0.41255000000000003,77.1628108703673,-118.92196287334144,-67.53055166972848,126.98302688633076,-9.632259200638817,-8.061064012989284,141.76223980688394,-57.02237664163353
0.4126,77.16242761597923,-118.92000598934743,-67.53024817231933,126.9814772387821,-9.632179443659895,-8.06147124943464,141.76038960195356,-57.0220760786053
0.41265,77.16202730385925,-118.91814853461113,-67.52993617941449,126.98002958664073,-9.632091124444779,-8.061881052029529,141.75861352503895,-57.021803165949535
0.4127,77.16161369713501,-118.91639108071978,-67.5296195449301,126.97868417692408,-9.63199415220493,-8.062293096204304,141.75691410301152,-57.02155675496252
0.41275,77.16119057774928,-118.91473405669464,-67.52930212929279,126.9774411108877,-9.631888448456495,-8.062707054193062,141.75529375353204,-57.021335659071326
0.4128,77.16076174115844,-118.91317774878243,-67.52898779402726,126.97630034428758,-9.631773947131185,-8.063122595505185,141.7537547819787,-57.02113865558433
0.41285,77.1603309909431,-118.91172229994761,-67.52868039627384,126.97526168734235,-9.631650594669265,-8.063539387394727,141.75229937807623,-57.020964487406864
0.41290000000000004,77.15990213329377,-118.91036770941732,-67.52838378319568,126.97432480474674,-9.6315183500981,-8.063957095329458,141.75092961250135,-57.0208118648118
0.41295000000000004,77.15947897174843,-118.90911383314783,-67.52810178666061,126.97348921662163,-9.631377185087851,-8.064375383473763,141.7496474343982,-57.02067946732863
0.41300000000000003,77.15906530166237,-118.90796038360098,-67.52783821766917,126.97275429876133,-9.631227083993197,-8.064793915160351,141.7484546681699,-57.02056594557246
0.41305000000000003,77.15866490482816,-118.90690693031642,-67.52759686095216,126.97211928368758,-9.631068043876033,-8.065212353371122,141.74735301101921,-57.02046992319817
0.4131,77.15828154420193,-118.90595290070605,-67.52738146969467,126.9715832619259,-9.63090007450728,-8.065630361219789,141.7463440307342,-57.020389998868374
0.41315,77.15791895835932,-118.90509758045022,-67.52719576000263,126.97114518287415,-9.630723198356694,-8.06604760242393,141.74542916299325,-57.020324748226315
0.4132,77.15758085635784,-118.9043401149386,-67.52704340580027,126.97080385672928,-9.630537450557588,-8.066463741790665,141.7446097097678,-57.020272725961576
0.41325,77.15727091239401,-118.90367951028038,-67.52692803353618,126.97055795597052,-9.63034287885785,-8.066878445690097,141.74388683725317,-57.0202324678515
0.4133,77.15699276048524,-118.90311463459842,-67.52685321693129,126.97040601712604,-9.630139543553959,-8.067291382527603,141.74326157405164,-57.020202492857294
0.41335,77.15674998951474,-118.90264422001226,-67.5268224721137,126.97034644323462,-9.629927517401056,-8.067702223222355,141.74273481013162,-57.02018130524931
0.41340000000000005,77.15654613788804,-118.90226686402593,-67.52683925237362,126.97037750569285,-9.629706885514432,-8.068110641666921,141.74230729507715,-57.02016739673358
0.41345000000000004,77.15638468864609,-118.90198103175022,-67.52690694340176,126.97049734694815,-9.629477745244353,-8.068516315197893,141.74197963728682,-57.0201592486077
0.41350000000000003,77.1562690645329,-118.90178505817113,-67.52702885849365,126.9707039832237,-9.62924020603927,-8.068918925052555,141.74175230318738,-57.02015533394257
0.41355000000000003,77.15620262294006,-118.90167715017196,-67.52720823364837,126.97099530699126,-9.628994389291721,-8.069318156819259,141.74162561617496,-57.020154119752156
0.4136,77.15618865138897,-118.9016553894994,-67.52744822322758,126.97136909039094,-9.628740428161422,-8.069713700891493,141.74159975664165,-57.02015406918869
0.41365,77.15623036266689,-118.90171773523056,-67.5277518952765,126.971822988132,-9.628478467390421,-8.070105252901428,141.74167476139598,-57.02015364374582
0.4137,77.15633089026733,-118.9018620266467,-67.52812222717273,126.97235454080312,-9.628208663094608,-8.070492514156447,141.74185052359147,-57.02015130544788
0.41375,77.15649328410721,-118.90208598660874,-67.52856210156591,126.97296117867356,-9.627931182541305,-8.07087519206483,141.7421267932275,-57.02014551905589
0.4138,77.15672050591844,-118.90238722438845,-67.52907430200413,126.97364022493606,-9.627646203914328,-8.071253000547603,141.74250317701754,-57.02013475426394
0.41385,77.15701542525709,-118.90276323936303,-67.52966150920068,126.97438889981409,-9.627353916056407,-8.071625660451046,141.74297913931886,-57.020117487876085
0.41390000000000005,77.1573808153736,-118.9032114245436,-67.53032629717022,126.97520432448376,-9.627054518203389,-8.071992899940147,141.74355400284804,-57.02009220599334
0.41395000000000004,77.15781934910996,-118.90372907003922,-67.53107112940916,126.97608352492443,-9.626748219700817,-8.072354454885222,141.74422694935828,-57.0200574061772
0.41400000000000003,77.15833359537483,-118.9043133672944,-67.5318983556712,126.97702343653518,-9.626435239703651,-8.072710069240754,141.74499702128077,-57.020011599586745
0.41405000000000003,77.15892601524435,-118.90496141277022,-67.5328102083762,126.97802090817547,-9.626115806868158,-8.073059495405234,141.7458631226969,-57.01995331311985
0.4141,77.15959895853767,-118.90567021215377,-67.533808799514,126.97907270673072,-9.6257901590237,-8.07340249457692,141.74682402101234,-57.019881091508985
0.41415,77.16035466061813,-118.90643668480676,-67.53489611778316,126.98017552189938,-9.625458542834988,-8.073738837092582,141.74787834895565,-57.019793499392556
0.4142,77.16119523892178,-118.90725766779748,-67.53607402546865,126.98132597055005,-9.625121213453186,-8.074068302752497,141.7490246060797,-57.01968912338619
0.41425,77.16212269021999,-118.90812992072784,-67.53734425606969,126.98252060186385,-9.624778434150343,-8.07439068113596,141.75026116132997,-57.01956657407928
0.4143,77.16313888768644,-118.90905013019912,-67.53870841174087,126.98375590209943,-9.624430475945578,-8.07470577190031,141.75158625520422,-57.019424488017535
0.41435,77.16424557807608,-118.91001491442464,-67.5401679608539,126.98502829948771,-9.624077617222195,-8.075013385063066,141.75299800209632,-57.01926152967898
0.41440000000000005,77.16544437957043,-118.91102082831932,-67.54172423624371,126.98633416959622,-9.623720143326713,-8.075313341276871,141.75449439340386,-57.019076393327886
0.41445000000000004,77.16673677914876,-118.9120643680969,-67.54337843298102,126.98766984017755,-9.623358346167743,-8.07560547208063,141.7560732999643,-57.01886780492033
0.41450000000000004,77.16812413061928,-118.91314197641998,-67.54513160682082,126.9890315965606,-9.622992523798493,-8.075889620140543,141.75773247531467,-57.01863452390638
0.41455000000000003,77.16960765281591,-118.91425004751117,-67.54698467282464,126.99041568698695,-9.622622979991297,-8.07616563947575,141.75946955900886,-57.01837534496661
0.4146,77.17118842752389,-118.91538493205611,-67.5489384037136,126.99181832771774,-9.622250023810311,-8.076433395661615,141.76128207961253,-57.01808909979372
0.41465,77.1728673983229,-118.91654294266722,-67.55099342915649,126.99323570869264,-9.62187396916639,-8.076692766025399,141.763167458668,-57.017774658685234
0.4147,77.17464536902942,-118.91772035895363,-67.55315023465599,126.99466399877251,-9.621495134373431,-8.0769436398189,141.76512301411003,-57.01743093218442
0.41475,77.17652300248285,-118.91891343280462,-67.55540916078579,126.99609935117893,-9.621113841697074,-8.077185918374285,141.76714596404784,-57.0170568726505
0.4148,77.1785008199291,-118.92011839389681,-67.55777040303845,126.99753790914588,-9.620730416890694,-8.077419515249025,141.76923343105946,-57.016651475674415
0.41485,77.18057919985827,-118.92133145482401,-67.56023401111848,126.99897581116696,-9.620345188739838,-8.077644356342905,141.771382445872,-57.01621378159559
0.41490000000000005,77.18275837776858,-118.922548816641,-67.56279988918119,127.00040919664991,-9.619958488587374,-8.077860380008891,141.77358995189255,-57.01574287679462
0.41495000000000004,77.18503844580317,-118.92376667427183,-67.56546779593727,127.00183421140942,-9.619570649865873,-8.078067537137596,141.77585280955554,-57.01523789499835
0.41500000000000004,77.18741935235546,-118.92498122176912,-67.56823734473089,127.00324701299607,-9.61918200762461,-8.078265791226949,141.77816780052743,-57.01469801856167
0.41505000000000003,77.18990090256102,-118.92618865793855,-67.57110800451356,127.00464377637599,-9.618792898047529,-8.078455118437411,141.78053163269908,-57.01412247952824
0.4151,77.19248275822737,-118.92738519159163,-67.57407910024614,127.00602069921325,-9.618403657981254,-8.078635507621595,141.78294094455944,-57.01351056079908
0.41515,77.19516443840467,-118.92856704695893,-67.57714981395218,127.00737400730213,-9.618014624452512,-8.078806960343167,141.78539231005198,-57.012861597118295
0.4152,77.19794532028175,-118.92973046917925,-67.58031918609424,127.00869996005318,-9.617626134187548,-8.078969490873915,141.78788224367003,-57.012174975964435
0.41525,77.20082463967312,-118.93087172945565,-67.58358611653455,127.00999485562723,-9.617238523138575,-8.079123126171583,141.79040720504963,-57.01145013850649
0.4153,77.20380149247829,-118.93198713050828,-67.58694936647973,127.01125503635346,-9.61685212599859,-8.07926790584518,141.79296360433892,-57.010686580294895
0.41535,77.2068748358265,-118.93307301179537,-67.5904075600957,127.01247689389044,-9.61646727573082,-8.079403882095031,141.79554780720034,-57.00988385200762
0.41540000000000005,77.21004348938988,-118.9341257546387,-67.5939591862959,127.01365687427914,-9.616084303093961,-8.079531119640407,141.79815613982322,-57.00904156011757
0.41545000000000004,77.213306137457,-118.93514178751813,-67.59760260128884,127.01479148314618,-9.61570353616816,-8.079649695628026,141.80078489449096,-57.0081593673391
0.41550000000000004,77.21666133039797,-118.93611759102093,-67.60133603050397,127.01587729054101,-9.61532529989399,-8.079759699520052,141.8034303345252,-57.00723699320438
0.41555000000000003,77.22010748691655,-118.93704970290385,-67.60515757130989,127.0169109358725,-9.614949915606655,-8.079861232968629,141.8060886997521,-57.006274214397614
0.4156,77.22364289643038,-118.93793472305595,-67.60906519585252,127.01788913272702,-9.61457770057786,-8.079954409671075,141.80875621195372,-57.00527086502381
0.41565,77.2272657211357,-118.93876931822629,-67.61305675356655,127.01880867343408,-9.61420896756915,-8.080039355207791,141.81142907994808,-57.00422683693273
0.4157,77.2309739990186,-118.93955022688795,-67.61712997463712,127.0196664337515,-9.61384402438148,-8.080116206863504,141.8141035052984,-57.00314207975198
0.41575,77.23476564644193,-118.94027426380067,-67.62128247302101,127.0204593772336,-9.61348317342094,-8.080185113432886,141.8167756875361,-57.00201660099782
0.4158,77.23863846099994,-118.94093832454612,-67.62551174973107,127.02118455955342,-9.613126711268887,-8.080246235007298,141.81944182950568,-57.00085046608933
0.41585,77.24259012501966,-118.94153939000132,-67.62981519676326,127.02183913274978,-9.612774928256435,-8.08029974274843,141.82209814300808,-56.99964379813024
0.41590000000000005,77.24661820842874,-118.94207453055105,-67.6341901003729,127.02242034919585,-9.612428108055854,-8.080345818644767,141.82474085387895,-56.998396777848285
0.41595000000000004,77.25072017247216,-118.94254091031837,-67.63863364519742,127.02292556556984,-9.61208652727471,-8.080384655251438,141.82736620754244,-56.99710964325154
0.41600000000000004,77.25489337337491,-118.94293579117792,-67.64314291831423,127.02335224659633,-9.611750455060701,-8.08041645541841,141.82997047435285,-56.995782689255705
0.41605000000000003,77.25913506576043,-118.94325653663434,-67.64771491303571,127.023697968634,-9.611420152724746,-8.080441431999608,141.83254995468783,-56.99441626736533
0.4161,77.26344240700678,-118.94350061560782,-67.65234653364531,127.02396042315947,-9.611095873361489,-8.0804598075516,141.83510098447402,-56.99301078501749
0.41615,77.267812460975,-118.94366560599897,-67.65703459947977,127.02413742001623,-9.610777861495244,-8.080471814017281,141.83761994018408,-56.99156670509054
0.4162,77.27224220219676,-118.94374919815768,-67.66177584946624,127.02422689055204,-9.610466352730533,-8.0804776923943,141.84010324400217,-56.99008454523706
0.41625,77.27672852047581,-118.94374919815897,-67.66656694706184,127.02422689055315,-9.61016157341402,-8.080477692394144,141.84254736905237,-56.988564877035195
0.4163,77.2812682248674,-118.94366353092263,-67.67140448454964,127.02413560300867,-9.609863740317772,-8.080472072086023,141.844948844156,-56.98700832531726
0.41635,77.28585804857133,-118.94349024317339,-67.67628498824466,127.02395134070272,-9.60957306032669,-8.080461097529291,141.84730425895233,-56.98541556715513
0.4164,77.29049465349567,-118.94322750620805,-67.68120492335055,127.02367254860378,-9.609289730145147,-8.080445042395738,141.84961026867717,-56.983787330915696
0.41645000000000004,77.2951746347757,-118.94287361851528,-67.6861606987551,127.02329780609527,-9.60901393602061,-8.080424187579945,141.851863598793,-56.98212439530046
0.41650000000000004,77.29989452604453,-118.94242700816395,-67.6911486725731,127.02282582896409,-9.608745853471442,-8.080398820800127,141.85406104983394,-56.98042758808084
0.41655000000000003,77.30465080397079,-118.94188623506962,-67.69616515692587,127.02225547125846,-9.608485647044933,-8.080369236188838,141.8561995017493,-56.978697785056234
0.4166,77.30943989341208,-118.9412499930398,-67.701206423333,127.02158572691347,-9.608233470079057,-8.08033573387367,141.8582759183964,-56.97693590875626
0.41665,77.31425817267852,-118.94051711160014,-67.70626870819466,127.0208157311512,-9.607989464483877,-8.08029861955106,141.86028735190985,-56.97514292705886
0.4167,77.3191019782856,-118.93968655771846,-67.71134821774187,127.01994476176996,-9.607753760543755,-8.080258204051479,141.86223094670703,-56.97331985196037
0.41675,77.32396761058403,-118.93875743720628,-67.71644113385771,127.01897224010386,-9.60752647672631,-8.080214802897604,141.86410394370114,-56.97146773797893
0.4168,77.32885133879722,-118.93772899603445,-67.72154361927896,127.01789773188845,-9.607307719518262,-8.080168735854011,141.86590368411973,-56.96958768074118
0.41685,77.33374940624445,-118.93660062141758,-67.72665182297077,127.01672094789221,-9.607097583273712,-8.080120326474578,141.86762761323106,-56.967680815456504
0.4169,77.33865803602927,-118.93537184261416,-67.731761885954,127.01544174425442,-9.606896150075288,-8.08006990164024,141.86927328408632,-56.96574831517267
0.41695000000000004,77.3435734359973,-118.93404233169291,-67.73686994637244,127.014060122788,-9.60670348962487,-8.080017791095056,141.8708383608359,-56.96379138927282
0.41700000000000004,77.34849180438138,-118.93261190393812,-67.74197214524324,127.0125762309148,-9.606519659138153,-8.079964326976663,141.8723206221186,-56.96181128166162
0.41705000000000003,77.3534093352569,-118.93108051809543,-67.74706463199132,127.01099036143913,-9.606344703265586,-8.079909843343671,141.8737179642146,-56.95980926898197
0.4171,77.35832222364918,-118.92944827652025,-67.75214356961885,127.00930295222221,-9.606178654030328,-8.079854675701995,141.87502840392824,-56.957786658929386
0.41715,77.36322667134554,-118.92771542491032,-67.75720514056677,127.00751458543607,-9.606021530778794,-8.079799160525683,141.87625008150744,-56.95574478823748
0.4172,77.36811889201327,-118.92588235204852,-67.76224555185611,127.00562598682745,-9.605873340157189,-8.07974363477889,141.87738126319496,-56.95368502090204
0.41725,77.37299511660005,-118.92394958924794,-67.767261040499,127.00363802468532,-9.605734076101069,-8.079688435437363,141.87842034368512,-56.95160874624495
0.4173,77.37785159895489,-118.92191780949608,-67.77224787911422,127.00155170850316,-9.605603719840676,-8.079633899007053,141.87936584845036,-56.94951737683842
0.41735,77.38268462077767,-118.9197878266457,-67.77720238084436,126.99936818769457,-9.605482239933327,-8.079580361048832,141.88021643574262,-56.9474123466678
0.4174,77.38749049720374,-118.91756059413942,-67.78212090490135,126.99708874983754,-9.60536959230242,-8.079528155698075,141.88097089855148,-56.945295108977604
0.41745000000000004,77.39226558198008,-118.9152372036776,-67.78699986167601,126.99471481886754,-9.605265720304088,-8.079477615189878,141.8816281662945,-56.94316713424439
0.41750000000000004,77.39700627246317,-118.91281888375374,-67.7918357176565,126.9922479531429,-9.605170554806698,-8.079429069389107,141.88218730630044,-56.94102990818135
0.41755000000000003,77.40170901506924,-118.9103069977534,-67.79662500078102,126.9896898430695,-9.605084014288252,-8.079382845316037,141.88264752517628,-56.938884929494556
0.4176,77.40637031005515,-118.9077030421451,-67.80136430510183,126.98704230883185,-9.605006004953324,-8.079339266686729,141.88300816988746,-56.93673370788654
0.41765,77.4109867165745,-118.90500864431954,-67.80605029570792,126.98430729776949,-9.604936420866593,-8.079298653449916,141.88326872869604,-56.934577761889834
0.4177,77.41555485772953,-118.90222556018111,-67.81067971362783,126.98148688151109,-9.60487514410171,-8.079261321329978,141.88342883189114,-56.932418616647695
0.41775,77.42007142506215,-118.89935567183335,-67.8152493801494,126.97858325321621,-9.604822044912751,-8.079227581382877,141.883488252294,-56.93025780190577
0.4178,77.42453318356186,-118.8964009847215,-67.81975620164748,126.97559872426966,-9.604776981914387,-8.079197739548158,141.88344690559276,-56.92809684970935
0.41785,77.42893697613887,-118.89336362485514,-67.82419717385272,126.97253572107243,-9.604739802286128,-8.079172096217338,141.88330485045418,-56.925937292299466
0.4179,77.43327972799669,-118.89024583586871,-67.82856938600712,126.9693967816745,-9.604710341989593,-8.079150945805758,141.88306228844752,-56.92378066000715
0.41795000000000004,77.43755845131496,-118.88704997561425,-67.83287002531631,126.96618455194708,-9.60468842599863,-8.079134576332823,141.88271956374751,-56.921628478939695
0.41800000000000004,77.4417702491707,-118.88377851304048,-67.8370963806183,126.96290178205487,-9.60467386855241,-8.079123269014353,141.882277162664,-56.9194822689874
0.41805000000000003,77.44591231982601,-118.88043402456267,-67.8412458464082,126.95955132242302,-9.604666473417803,-8.079117297860368,141.88173571294712,-56.91734354159388
0.4181,77.44998196078572,-118.87701919033458,-67.8453159266186,126.9561361196201,-9.604666034167138,-8.079116929285492,141.88109598288708,-56.91521379758212
0.41815,77.45397657237814,-118.87353679065303,-67.84930423790207,126.95265921238553,-9.604672334476037,-8.07912242173253,141.88035888026658,-56.913094525170784
0.4182,77.45789366177118,-118.86998970173816,-67.853208513346,126.94912372703949,-9.604685148425231,-8.079134025301268,141.87952545103042,-56.910987197704856
0.41825,77.46173084631785,-118.86638089181014,-67.85702660549111,126.94553287320612,-9.604704240826763,-8.079151981395942,141.87859687783876,-56.908893271677904
0.4183,77.46548585691609,-118.86271341689812,-67.86075648935862,126.94188993927766,-9.604729367557495,-8.079176522379532,141.87757447840627,-56.906814184689665
0.41835,77.46915654147449,-118.85899041627103,-67.86439626557105,126.93819828751494,-9.604760275903468,-8.079207871243865,141.87645970358398,-56.90475135328359
0.4184,77.47274086766109,-118.85521510826975,-67.86794416273698,126.93446134956325,-9.604796704924077,-8.079246241293527,141.87525413538768,-56.90270617111443
0.41845000000000004,77.4762369260128,-118.8513907855163,-67.87139854019301,126.93068262135687,-9.604838385819823,-8.079291835840541,141.8739594847031,-56.90068000685554
0.41850000000000004,77.47964293264002,-118.84752081023858,-67.87475789032551,126.92686565815498,-9.6048850423145,-8.079344847916412,141.8725775888684,-56.89867420226736
0.41855000000000003,77.48295723157251,-118.84360860969322,-67.87802084052038,126.9230140696915,-9.604936391052123,-8.079405459998279,141.8711104091444,-56.89669007040786
0.4186,77.48617829740252,-118.83965767097548,-67.88118615540859,126.91913151472221,-9.604992141993943,-8.079473843746701,141.86956002783506,-56.89472889360596
0.41865,77.48930473721944,-118.83567153631915,-67.88425273838263,126.91522169608359,-9.605051998836794,-8.079550159764436,141.86792864543273,-56.89279192178145
0.4187,77.49233529265496,-118.83165379799425,-67.88721963322332,126.91128835536038,-9.605115659431616,-8.079634557366111,141.86621857748807,-56.89088037063751
0.41875,77.49526884180791,-118.82760809302351,-67.89008602559574,126.90733526738966,-9.605182816212205,-8.079727174366084,141.86443225126328,-56.88899541985253
0.4188,77.49810440058808,-118.82353809832969,-67.89285124395147,126.90336623521331,-9.605253156636625,-8.079828136883616,141.86257220242996,-56.8871382115622
0.41885,77.50084112434973,-118.81944752520687,-67.89551476072236,126.89938508436897,-9.605326363627375,-8.079937559162095,141.86064107135948,-56.88530984859304
0.4189,77.50347830898855,-118.81534011416102,-67.89807619296312,126.89539565756695,-9.605402116025441,-8.080055543405928,141.8586415994303,-56.883511392957445
0.41895000000000004,77.50601539188492,-118.81121962970819,-67.90053530283855,126.89140180934731,-9.60548008904636,-8.080182179639094,141.8565766252163,-56.88174386438993
0.41900000000000004,77.5084519528751,-118.80708985472828,-67.90289199813421,126.88740740029881,-9.605559954740922,-8.080317545570535,141.85444908031835,-56.88000823877446
0.41905000000000003,77.51078771466327,-118.80295458539125,-67.90514633219888,126.8834162918812,-9.605641382464382,-8.08046170648995,141.8522619853703,-56.878305446885776
0.41910000000000003,77.51302254332101,-118.79881762559967,-67.90729850397727,126.87943234077153,-9.60572403934374,-8.080614715171844,141.85001844568748,-56.87663637299293
0.41915,77.51515644850272,-118.79468278149643,-67.90934885774942,126.87545939329563,-9.605807590753285,-8.08077661179918,141.84772164681468,-56.87500185357197
0.4192,77.51718958330231,-118.79055385632847,-67.9112978825123,126.87150128023951,-9.605891700790098,-8.080947423910962,141.84537485017586,-56.873402676217125
0.41925,77.51912224418716,-118.78643464471611,-67.91314621143574,126.8675618110733,-9.605976032751414,-8.081127166357176,141.84298138826836,-56.87183957839327
0.4193,77.52095487048496,-118.78232892744253,-67.91489462087063,126.86364476872387,-9.606060249614325,-8.081315841281302,141.84054466004747,-56.87031324645321
0.41935,77.52268804374944,-118.77824046612518,-67.91654402923486,126.8597539042436,-9.606144014514584,-8.081513438118424,141.8380681261457,-56.86882431466854
0.4194,77.52432248703028,-118.77417299760107,-67.91809549580452,126.85589293120563,-9.606226991225746,-8.081719933604525,141.8355553037994,-56.86737336422857
0.41945000000000005,77.52585906372052,-118.770130228948,-67.91955021908254,126.85206552076555,-9.60630884463803,-8.081935291817501,141.83300976207593,-56.865960922521495
0.41950000000000004,77.52729877640569,-118.76611583198793,-67.92090953517116,126.8482752962093,-9.606389241234552,-8.08215946422135,141.83043511666756,-56.86458746229936
0.41955000000000003,77.52864276544385,-118.76213343805017,-67.92217491587797,126.84452582778813,-9.606467849565886,-8.082392389737981,141.82783502475473,-56.86325340099065
0.41960000000000003,77.52989230726826,-118.75818663305074,-67.9233479665469,126.84082062788744,-9.606544340721415,-8.082633994836698,141.82521317998126,-56.86195910017536
0.41965,77.53104881266972,-118.75427895204506,-67.9244304238723,126.83716314567778,-9.606618388797422,-8.082884193632712,141.82257330697644,-56.860704864949945
0.4197,77.53211382472486,-118.75041387445931,-67.92542415336477,126.83355676247476,-9.606689671360131,-8.0831428880154,141.81991915625065,-56.85949094356101
0.41975,77.53308901659294,-118.74659481911607,-67.92633114668718,126.83000478690064,-9.606757869905772,-8.083409967784586,141.81725449884527,-56.858317527037435
0.4198,77.53397618921746,-118.7428251391365,-67.92715351890632,126.82651044994326,-9.60682267031115,-8.08368531080674,141.8145831208261,-56.857184748826754
0.41985,77.53477726865016,-118.73910811754698,-67.9278935053667,126.82307690073924,-9.606883763283449,-8.083968783192296,141.8119088181585,-56.85609268471443
0.4199,77.53549430339714,-118.73544696229155,-67.928553458599,126.81970720177287,-9.606940844798148,-8.084260239481267,141.80923539109602,-56.85504135260397
0.41995000000000005,77.5361294614898,-118.73184480175514,-67.92913584495827,126.81640432460928,-9.606993616531541,-8.084559522854118,141.80656663884426,-56.85403071250252
0.42000000000000004,77.5366850273476,-118.72830468050479,-67.92964324106083,126.81317114585846,-9.607041786286782,-8.084866465353633,141.80390635429225,-56.853060666625005
0.42005000000000003,77.53716339861568,-118.72482955459039,-67.93007833020866,126.81001044271261,-9.607085068407029,-8.085180888122192,141.80125831835966,-56.852131059409146
0.42010000000000003,77.53756708267535,-118.72142228769175,-67.93044389849119,126.80692488935055,-9.607123184184163,-8.08550260165883,141.79862629487215,-56.851241677828206
0.42015,77.5378986931122,-118.71808564689849,-67.93074283085812,126.80391705298551,-9.607155862254096,-8.08583140608709,141.79601402510457,-56.85039225163697
0.4202,77.53816094601876,-118.71482229863412,-67.93097810703672,126.80098939007317,-9.607182838982085,-8.08616709143904,141.79342522235288,-56.84958245370565
0.42025,77.53835665607664,-118.71163480521405,-67.93115279723695,126.79814424317053,-9.607203858839698,-8.086509437956462,141.79086356691482,-56.848811900568826
0.4203,77.53848873260982,-118.70852562082548,-67.93127005784382,126.79538383722551,-9.60721867476604,-8.086858216400003,141.788332700569,-56.84808015285664
0.42035,77.53856017540316,-118.70549708824188,-67.93133312688184,126.79271027661915,-9.607227048521317,-8.087213188377186,141.78583622153948,-56.84738671596815
0.4204,77.53857407046385,-118.70255143555444,-67.93134531944006,126.79012554223752,-9.607228751023785,-8.087574106683078,141.78337767944188,-56.84673104076835
0.42045000000000005,77.53853358561241,-118.6996907727128,-67.93131002293521,126.78763148835985,-9.607223562677222,-8.087940715647035,141.78096056997492,-56.84611252430116
0.42050000000000004,77.53844196598405,-118.69691708888001,-67.93123069230145,126.78522984038203,-9.607211273682609,-8.088312751501986,141.77858833024376,-56.84553051071346
0.42055000000000003,77.5383025294236,-118.69423224937213,-67.93111084508769,126.78292219212886,-9.607191684335902,-8.08868994275669,141.77626433367578,-56.84498429212396
0.42060000000000003,77.53811866173594,-118.69163799298518,-67.93095405642222,126.78071000356567,-9.607164605313743,-8.089072010580503,141.7739918851807,-56.84447310962743
0.42065,77.53789381191467,-118.68913592977907,-67.93076395397392,126.77859459898458,-9.607129857940734,-8.089458669205452,141.77177421668014,-56.843996154408124
0.4207,77.53763148718632,-118.68672753843623,-67.93054421274073,126.77657716476163,-9.607087274445584,-8.089849626325401,141.76961448217918,-56.843552568822496
0.42075,77.53733524805149,-118.68441416441321,-67.93029854985284,126.77465874793067,-9.60703669819868,-8.09024458351748,141.76751575349937,-56.84314144765922
0.4208,77.53700870323354,-118.68219701800224,-67.93003071929922,126.77284025466787,-9.606977983934323,-8.090643236665635,141.7654810158849,-56.84276183941157
0.42085,77.53665550448774,-118.68007717239239,-67.92974450652844,126.77112244878168,-9.606910997959313,-8.091045276389268,141.76351316353097,-56.84241274759795
0.4209,77.53627934148342,-118.67805556248342,-67.92944372314263,126.7695059509733,-9.606835618340796,-8.091450388489815,141.76161499578242,-56.84209313222513
0.42095000000000005,77.53588393650081,-118.67613298327576,-67.92913220141968,126.76799123766811,-9.606751735081133,-8.091858254392372,141.75978921287472,-56.841801911221665
0.42100000000000004,77.53547303913605,-118.67431008880821,-67.92881378886152,126.76657864040844,-9.606659250274546,-8.092268551600206,141.75803841213803,-56.84153796199061
0.42105000000000004,77.53505042102135,-118.67258739141181,-67.92849234277611,126.76526834556792,-9.606558078245254,-8.09268095415609,141.7563650844737,-56.841300123028205
0.42110000000000003,77.53461987037512,-118.67096526064455,-67.92817172470427,126.7640603937455,-9.606448145670855,-8.09309513310093,141.75477161047058,-56.84108719553055
0.42115,77.53418518669929,-118.66944392306374,-67.92785579501474,126.76295468001133,-9.60632939168455,-8.09351075694762,141.75326025730254,-56.840897945136845
0.4212,77.53375017532731,-118.6680234618098,-67.92754840736336,126.76195095395786,-9.606201767963961,-8.093927492148033,141.75183317538685,-56.84073110368249
0.42125,77.53331864199207,-118.66670381632676,-67.92725340319367,126.76104881989549,-9.606065238798354,-8.09434500356878,141.7504923951677,-56.84058537097673
0.4213,77.53289438748737,-118.66548478277954,-67.92697460634756,126.76024773774942,-9.605919781139827,-8.094762954969877,141.74923982453433,-56.84045941670381
0.42135,77.53248120217049,-118.66436601402144,-67.92671581753353,126.75954702350059,-9.60576538463695,-8.095181009479132,141.74807724577633,-56.84035188227933
0.4214,77.5320828606262,-118.66334702022792,-67.92648080897848,126.75894585030318,-9.605602051647745,-8.095598830075236,141.74700631318476,-56.84026138280037
0.42145000000000005,77.5317031163161,-118.6624271697075,-67.92627331907823,126.75844324977292,-9.605429797237877,-8.096016080065416,141.74602855079473,-56.84018650904059
0.42150000000000004,77.53134569614753,-118.66160568949739,-67.92609704698867,126.75803811306046,-9.605248649158872,-8.096432423563046,141.7451453499036,-56.84012582942583
0.42155000000000004,77.5310142952963,-118.66088166678739,-67.92595564748906,126.75772919275681,-9.605058647807256,-8.096847525969403,141.74435796742233,-56.84007789210777
0.42160000000000003,77.53071257185235,-118.66025405005178,-67.92585272568226,126.75751510449619,-9.604859846170102,-8.097261054444404,141.74366752388627,-56.840041227033694
0.42165,77.53044414163192,-118.65972165046742,-67.92579183188532,126.75739432885135,-9.604652309746596,-8.097672678383915,141.74307500179722,-56.84001434802384
0.4217,77.53021257311622,-118.65928314387902,-67.92577645666005,126.75736521376868,-9.604436116456167,-8.09808206988964,141.7425812444935,-56.83999575492762
0.42175,77.53002138224724,-118.65893707235617,-67.92581002571907,126.75742597658932,-9.604211356528147,-8.098488904233173,141.74218695460112,-56.8399839357383
0.4218,77.529874027519,-118.65868184647677,-67.92589589514694,126.75757470679778,-9.6039781323721,-8.09889286032095,141.7418926932555,-56.839977368768984
0.42185,77.5297739050626,-118.65851574760232,-67.92603734662941,126.7578093687516,-9.603736558433186,-8.09929362114925,141.741698879314,-56.839974524829096
0.4219,77.52972434369777,-118.65843693010225,-67.92623758266788,126.75812780435629,-9.603486761029878,-8.09969087425403,141.74160578850805,-56.83997386940129
0.42195000000000005,77.52972860037195,-118.65844342428372,-67.92649972219954,126.75852773644236,-9.603228878172397,-8.100084312158646,141.7416135533996,-56.83997386484343
0.42200000000000004,77.52978985539959,-118.65853313896106,-67.92682679603176,126.75900677176972,-9.602963059367868,-8.100473632808605,141.74172216292683,-56.839972972578636
0.42205000000000004,77.52991120794822,-118.65870386446979,-67.92722174254081,126.7595624044716,-9.602689465407416,-8.100858540001795,141.74193146245844,-56.83996965530005
0.42210000000000003,77.53009567174271,-118.65895327598209,-67.92768740360613,126.76019201979324,-9.602408268136573,-8.101238743811178,141.74224115422078,-56.83996237916855
0.42215,77.53034617059234,-118.65927893653253,-67.92822652037938,126.7608928975266,-9.602119650212959,-8.101613960994069,141.74265079738603,-56.839949616006045
0.4222,77.5306655343925,-118.65967830072067,-67.9288417295485,126.76166221611919,-9.601823804843997,-8.101983915398513,141.74315980898817,-56.839929845477705
0.42225,77.5310564950683,-118.66014871825678,-67.92953555955556,126.7624970566118,-9.601520935512717,-8.10234833835506,141.74376746467652,-56.839901557258806
0.4223,77.53152168255538,-118.66068743761743,-67.93031042686495,126.76339440667385,-9.601211255690462,-8.102706969056408,141.74447289958255,-56.83986325321291
0.42235,77.532063621293,-118.66129161019525,-67.93116863276369,126.76435116512835,-9.600894988529346,-8.103059554933077,141.74527510988162,-56.83981344950549
0.4224,77.53268472642257,-118.66195829412183,-67.93211235987438,126.7653641461305,-9.600572366548182,-8.103405852008667,141.7461729539205,-56.839750678744345
0.42245000000000005,77.53338730042526,-118.66268445855329,-67.9331436691245,126.76643008380138,-9.600243631300756,-8.103745625248099,141.7471651539738,-56.8396734920732
0.42250000000000004,77.53417352994596,-118.6634669880634,-67.93426449691528,126.76754563695698,-9.599909033030698,-8.104078648893555,141.74825029819235,-56.83958046122531
0.42255000000000004,77.53504548246113,-118.66430268686071,-67.93547665214217,126.76870739364274,-9.599568830318935,-8.104404706782056,141.74942684231993,-56.83947018059016
0.42260000000000003,77.53600510357491,-118.6651882835559,-67.93678181386352,126.76991187621343,-9.599223289711377,-8.104723592657527,141.75069311221506,-56.83934126918849
0.42265,77.53705421413007,-118.66612043570353,-67.93818152878701,126.77115554616448,-9.598872685343059,-8.105035110460946,141.75204730608246,-56.83919237265913
0.4227,77.53819450754722,-118.66709573450872,-67.93967720899907,126.77243480911791,-9.598517298548137,-8.105339074609168,141.75348749696877,-56.83902216520422
0.42275,77.53942754763943,-118.66811070985541,-67.94127013018236,126.77374602011685,-9.598157417457081,-8.105635310261409,141.75501163578704,-56.83882935144365
0.4228,77.54075476612988,-118.66916183503088,-67.94296142953951,126.77508548859562,-9.597793336590366,-8.105923653564764,141.75661755392528,-56.838612668301785
0.42285,77.54217746077873,-118.67024553186737,-67.94475210434217,126.7764494837574,-9.597425356436554,-8.106203951890048,141.75830296653731,-56.83837088677932
0.4229,77.54369679356058,-118.67135817585378,-67.94664301053537,126.77783423990213,-9.597053783025206,-8.106476064048353,141.76006547583646,-56.83810281370024
0.42295,77.5453137888,-118.67249610114897,-67.94863486130497,126.77923596163798,-9.59667892749507,-8.106739860488979,141.7619025742836,-56.83780729345014
0.42300000000000004,77.54702933200792,-118.67365560597376,-67.95072822636266,126.78065082946289,-9.596301105645267,-8.106995223489122,141.76381164847595,-56.83748320956012
0.42305000000000004,77.54884416839431,-118.67483295776732,-67.95292353090157,126.78207500508258,-9.595920637492766,-8.107242047315223,141.76578998266078,-56.83712948634686
0.42310000000000003,77.55075890185537,-118.67602439847607,-67.95522105504284,126.7835046368542,-9.595537846812512,-8.107480238378137,141.76783476261951,-56.83674509042051
0.42315,77.55277399427813,-118.67722615003197,-67.95762093360084,126.78493586539703,-9.595153060677283,-8.107709715365038,141.76994307988355,-56.836329032125796
0.4232,77.55488976459581,-118.67843441955702,-67.96012315559987,126.7863648289097,-9.594766608995961,-8.107930409352676,141.7721119355838,-56.83588036700599
0.42325,77.55710638858228,-118.67964540488025,-67.96272756454252,126.78778766878933,-9.594378824039723,-8.10814226390908,141.77433824496583,-56.83539819708476
0.4233,77.5594238985323,-118.68085529993009,-67.96543385856056,126.78920053510151,-9.593990039971786,-8.108345235171422,141.776618841737,-56.834881672158076
0.42335,77.56184218306973,-118.68206030005692,-67.9682415906964,126.79059959196526,-9.593600592373344,-8.108539291908349,141.77895048242445,-56.83432999102651
0.4234,77.56436098757962,-118.6832566075947,-67.97115016981743,126.79198102316091,-9.59321081776223,-8.108724415566174,141.7813298512739,-56.83374240256824
0.42345,77.56697991433073,-118.68444043712944,-67.97415886121246,126.79334103742316,-9.592821053118294,-8.108900600293673,141.78375356473222,-56.83311820685116
0.42350000000000004,77.56969842311631,-118.68560802093207,-67.97726678771477,126.7946758738834,-9.59243163540155,-8.109067852951352,141.78621817635008,-56.83245675610513
0.42355000000000004,77.57251583215006,-118.68675561437823,-67.98047293107675,126.79598180747927,-9.592042901073325,-8.10922619310105,141.78872018181247,-56.83175745560425
0.42360000000000003,77.57543131876453,-118.68787950114952,-67.98377613314507,126.79725515412741,-9.591655185619501,-8.109375652977901,141.79125602367637,-56.831019764566925
0.42365,77.57844392085367,-118.68897599863962,-67.98717509778318,126.7984922760849,-9.591268823070479,-8.109516277445271,141.7938220966862,-56.83024319684883
0.4237,77.58155253812521,-118.69004146313304,-67.99066839259812,126.79968958706405,-9.59088414552709,-8.10964812393102,141.7964147527931,-56.82942732164945
0.42375,77.58475593356349,-118.69107229496234,-67.99425445087358,126.80084355730723,-9.590501482689895,-8.109771262344887,141.7990303062704,-56.82857176414202
0.4238,77.58805273544603,-118.69206494372466,-67.99793157405927,126.80195071870423,-9.590121161386769,-8.109885774979611,141.80166503917965,-56.82767620592909
0.42385,77.5914414390234,-118.69301591322015,-68.0016979339117,126.80300766961422,-9.589743505111688,-8.109991756394033,141.80431520641864,-56.82674038554997
0.4239,77.5949204087993,-118.6939217664943,-68.00555157523725,126.80401107977232,-9.589368833562023,-8.110089313278008,141.80697704118288,-56.82576409880806
0.42395,77.59848788092505,-118.69477913073158,-68.00949041874064,126.80495769503263,-9.588997462184368,-8.110178564301034,141.80964676036405,-56.8247471990264
0.42400000000000004,77.60214196546939,-118.69558470198446,-68.0135122637425,126.80584434192835,-9.588629701726887,-8.110259639943838,141.81232056974045,-56.82368959730893
0.42405000000000004,77.60588064939076,-118.69633524996335,-68.01761479159516,126.80666793227503,-9.588265857795616,-8.110332682311657,141.81499466960176,-56.82259126257782
0.42410000000000003,77.60970179922752,-118.6970276225659,-68.02179556880722,126.80742546749961,-9.587906230420336,-8.110397844933692,141.81766525999922,-56.821452221648514
0.42415,77.61360316409389,-118.69765875037807,-68.02605205046417,126.8081140429209,-9.587551113629738,-8.11045529254282,141.82032854613843,-56.820272559195665
0.4242,77.61758237911498,-118.6982256510708,-68.03038158408603,126.80873085191348,-9.587200795028947,-8.110505200842654,141.82298074392324,-56.8190524175475
0.42425,77.62163696849,-118.69872543358551,-68.03478141309482,126.80927318984311,-9.586855555395163,-8.110547756257565,141.82561808511807,-56.817791996560004
0.4243,77.62576434922113,-118.69915530229797,-68.03924868094632,126.80973845796431,-9.586515668274828,-8.11058315566634,141.82823682285508,-56.81649155326153
0.42435,77.62996183478946,-118.69951256096948,-68.04378043519424,126.81012416709342,-9.58618139959523,-8.110611606123946,141.83083323693273,-56.815151401469016
0.4244,77.63422663875495,-118.69979461658352,-68.04837363146622,126.81042794114823,-9.58585300728874,-8.110633324564764,141.83340363897597,-56.8137719114052
0.42445,77.63855587905732,-118.69999898304201,-68.05302513813615,126.81064752053847,-9.58553074092117,-8.110648537496468,141.835944377861,-56.81235350904871
0.42450000000000004,77.64294658183249,-118.7001232846977,-68.05773174049118,126.81078076537335,-9.585214841341312,-8.110657480675634,141.83845184473682,-56.81089667561247
0.42455000000000004,77.64739568572315,-118.7001652597344,-68.06249014538628,126.81082565850777,-9.58490554033688,-8.110660398773353,141.84092247818865,-56.80940194682242
0.42460000000000003,77.6519000463992,-118.70012276337833,-68.06729698609756,126.81078030840632,-9.584603060301674,-8.110657545027973,141.84335276937395,-56.807869912088954
0.42465,77.65645644071107,-118.69999377096303,-68.07214882678527,126.81064295184605,-9.58430761392581,-8.11064918088297,141.84573926683422,-56.80630121377127
0.4247,77.66106157157654,-118.699776380791,-68.07704216769072,126.8104119564082,-9.584019403885838,-8.110635575617184,141.84807858153735,-56.80469654614978
0.42475,77.66571207254202,-118.69946881685306,-68.08197344998025,126.81008582281298,-9.583738622561775,-8.110617005959945,141.85036739162175,-56.80305665447852
0.4248,77.67040451245994,-118.69906943135807,-68.08693906069782,126.80966318705632,-9.58346545176215,-8.110593755698236,141.85260244704546,-56.80138233395757
0.42485,77.67513540066209,-118.69857670704963,-68.09193533819956,126.80914282232335,-9.583200062462515,-8.110566115273702,141.85478057432724,-56.79967442849201
0.4249,77.67990119160949,-118.69798925940327,-68.09695857704254,126.8085236407711,-9.582942614566983,-8.110534381367819,141.85689868090176,-56.79793382960279
0.42495,77.68469829010859,-118.69730583856692,-68.10200503343138,126.80780469504887,-9.582693256677189,-8.110498856481923,141.85895375956883,-56.79616147509081
0.42500000000000004,77.68952305647804,-118.69652533114056,-68.10707093059679,126.80698517964535,-9.582452125881264,-8.110459848504801,141.8609428927819,-56.794358347683506
0.42505000000000004,77.6943718114815,-118.69564676179196,-68.11215246391914,126.8060644320681,-9.582219347562349,-8.110417670276169,141.8628632566706,-56.7925254737257
0.42510000000000003,77.69924084186567,-118.69466929459092,-68.11724580665165,126.80504193373254,-9.58199503521403,-8.110372639141595,141.8647121251601,-56.79066392160516
0.42515000000000003,77.70412640544332,-118.69359223424175,-68.12234711515832,126.8039173107417,-9.581779290285006,-8.11032507649995,141.86648687375592,-56.78877480031076
0.4252,77.70902473640692,-118.6924150270665,-68.12745253437572,126.80269033441462,-9.581572202031207,-8.11027530734811,141.86818498324743,-56.78685925785914
0.42525,77.71393205088508,-118.69113726175739,-68.13255820349569,126.80136092157355,-9.581373847389406,-8.110223659816159,141.86980404335137,-56.78491847958957
0.4253,77.71884455205884,-118.68975867001441,-68.13766026119004,126.79992913471793,-9.581184290868814,-8.110170464703511,141.87134175601972,-56.782953686583696
0.42535,77.72375843574079,-118.68827912689315,-68.14275485128213,126.79839518189908,-9.581003584458664,-8.110116055005884,141.87279593875877,-56.78096613386604
0.4254,77.72866989579295,-118.68669865097245,-68.1478381282396,126.79675941641476,-9.58083176755337,-8.11006076544233,141.8741645277106,-56.77895710862061
0.42545,77.7335751293571,-118.68501740438278,-68.15290626245817,126.79502233636374,-9.580668866898947,-8.11000493198092,141.87544558051633,-56.7769279284413
0.42550000000000004,77.7384703425257,-118.68323569249961,-68.15795544597412,126.79318458385693,-9.580514896551572,-8.10994889135731,141.87663727914176,-56.774879939360574
0.42555000000000004,77.74335175554302,-118.68135396356405,-68.16298189768249,126.79124694416366,-9.580369857860555,-8.109892980599524,141.87773793238625,-56.772814514022066
0.42560000000000003,77.74821560820057,-118.67937280805054,-68.16798186873525,126.78921034459627,-9.580233739465333,-8.109837536545728,141.87874597828772,-56.77073304973262
0.42565000000000003,77.75305816535317,-118.6772929577551,-68.17295164804241,126.78707585312091,-9.580106517310764,-8.109782895365765,141.87965998636176,-56.76863696641292
0.4257,77.75787572197315,-118.67511528485916,-68.17788756729024,126.78484467694393,-9.579988154682937,-8.109729392084734,141.88047865956906,-56.766527704699705
0.42575,77.76266460863232,-118.67284080060523,-68.18278600637186,126.78251816070873,-9.579878602260479,-8.10967736010346,141.88120083619404,-56.764406723818574
0.4258,77.76742119667192,-118.67047065387086,-68.18764339848823,126.7800977845976,-9.579777798183699,-8.10962713072673,141.8818254914695,-56.76227549954043
0.42585,77.7721419032181,-118.66800612961322,-68.1924562350718,126.77758516230402,-9.579685668146304,-8.109579032690789,141.8823517390102,-56.76013552216239
0.4259,77.77682319655239,-118.66544864689872,-68.19722107105729,126.7749820385946,-9.579602125495127,-8.109533391695821,141.8827788320962,-56.7579882942775
0.42595,77.7814616008722,-118.66279975702317,-68.20193452951253,126.7722902869664,-9.57952707135972,-8.10949052994318,141.8831061646993,-56.755835328771155
0.42600000000000005,77.78605370134977,-118.66006114124586,-68.20659330656085,126.76951190692202,-9.57946039478896,-8.109450765676119,141.8833332723526,-56.75367814663175
0.42605000000000004,77.79059614908297,-118.65723460833912,-68.21119417617402,126.76664902106738,-9.57940197290894,-8.109414412728267,141.8834598328084,-56.75151827475735
0.42610000000000003,77.79508566561307,-118.65432209216569,-68.21573399451209,126.76370387224206,-9.579351671101005,-8.109381780076339,141.88348566648435,-56.74935724391516
0.42615000000000003,77.79951904785548,-118.65132564876238,-68.22020970466664,126.76067882016359,-9.57930934318885,-8.109353171401194,141.88341073672527,-56.74719658645227
0.4262,77.80389317250199,-118.64824745351085,-68.22461834085242,126.75757633816583,-9.5792748316496,-8.109328884654923,141.88323514985004,-56.74503783420432
0.42625,77.80820500042871,-118.64508979807212,-68.22895703259074,126.75439900971055,-9.579247967837983,-8.109309211638418,141.88295915500683,-56.74288251634994
0.4263,77.81245158122032,-118.6418550869826,-68.2332230089979,126.75114952456747,-9.579228572222407,-8.109294437584875,141.88258314381062,-56.74073215715076
0.42635,77.81663005711229,-118.6385458344177,-68.23741360246615,126.74783067517295,-9.579216454646165,-8.109284840755217,141.88210764980448,-56.73858827392486
0.4264,77.82073766722678,-118.63516466049221,-68.24152625263395,126.74444535253375,-9.579211414592805,-8.109280692041576,141.88153334769618,-56.73645237481818
0.42645,77.82477175150196,-118.63171428752436,-68.24555851002845,126.74099654210657,-9.579213241473504,-8.109282254582205,141.88086105239913,-56.73432595667087
0.42650000000000005,77.82872975430926,-118.62819753630376,-68.24950803938137,126.73748731969116,-9.579221714927925,-8.109289783387368,141.88009171790668,-56.73221050298946
0.42655000000000004,77.83260922831661,-118.62461732188554,-68.25337262318179,126.73392084686111,-9.579236605134827,-8.109303524975564,141.8792264359079,-56.7301074817303
0.42660000000000003,77.8364078378049,-118.620976649585,-68.25715016466366,126.73030036660897,-9.579257673141294,-8.109323717023917,141.87826643427275,-56.72801834331136
0.42665000000000003,77.84012336202059,-118.61727861068414,-68.26083869081904,126.72662919871522,-9.579284671201552,-8.1093505880311,141.87721307531825,-56.72594451854715
0.4267,77.84375369843946,-118.61352637792186,-68.26443635531044,126.72291073491033,-9.579317343129047,-8.109384356988437,141.87606785384656,-56.72388741656487
0.42675,77.84729686558433,-118.60972320116393,-68.26794144092196,126.71914843423794,-9.579355424662383,-8.109425233073972,141.87483239509095,-56.72184842290996
0.4268,77.85075100598361,-118.6058724026292,-68.27135236214411,126.71534581797876,-9.579398643839491,-8.109473415349571,141.873508452369,-56.71982889750475
0.42685,77.8541143887809,-118.60197737219728,-68.27466766739514,126.71150646467788,-9.579446721385755,-8.109529092480594,141.8720979046147,-56.71783017274185
0.4269,77.85738541211225,-118.59804156269144,-68.27788604100165,126.7076340051599,-9.579499371110614,-8.109592442468468,141.87060275376317,-56.715853551649325
0.42695,77.86056260553715,-118.59406848477649,-68.28100630522242,126.70373211717025,-9.579556300314724,-8.109663632393728,141.8690251218448,-56.713900305951114
0.42700000000000005,77.86364463199374,-118.59006170213956,-68.28402742178721,126.69980452032205,-9.579617210206546,-8.109742818182465,141.8673672480556,-56.71197167434958
0.42705000000000004,77.86663028975428,-118.58602482635564,-68.28694849342729,126.69585497073865,-9.579681796327014,-8.109830144383018,141.86563148556567,-56.71006886073661
0.42710000000000004,77.86951851417741,-118.58196151167337,-68.28976876519413,126.69188725563056,-9.579749748983307,-8.10992574395717,141.86382029815002,-56.70819303245449
0.42715000000000003,77.87230837911457,-118.57787544999648,-68.29248762542576,126.68790518809438,-9.5798207536888,-8.110029738097866,141.8619362567944,-56.70634531871528
0.4272,77.87499909834011,-118.5737703654449,-68.29510460672981,126.6839126014945,-9.579894491610338,-8.11014223604956,141.85998203596296,-56.70452680891772
0.42725,77.87759002662243,-118.56965000914282,-68.2976193866005,126.6799133441007,-9.579970640021942,-8.110263334957892,141.85796040985963,-56.702738551134196
0.4273,77.88008066059274,-118.56551815395515,-68.30003178782864,126.67591127368527,-9.580048872764134,-8.110393119730086,141.85587424853546,-56.70098155065307
0.42735,77.8824706395794,-118.56137858892279,-68.30234177887203,126.67191025183476,-9.580128860707326,-8.110531662911967,141.8537265137255,-56.699256768464444
0.4274,77.88475974599034,-118.55723511409778,-68.30454947376943,126.66791413868602,-9.580210272220926,-8.11067902458823,141.85152025477237,-56.69756511998575
0.42745,77.88694790569802,-118.55309153500676,-68.30665513205363,126.6639267873014,-9.58029277364443,-8.110835252294605,141.8492586042402,-56.695907473702526
0.42750000000000005,77.88903518817028,-118.54895165719508,-68.30865915840911,126.65995203814579,-9.580376029761219,-8.111000380950667,141.84694477345644,-56.694284649911616
0.42755000000000004,77.89102180626679,-118.54481928100864,-68.31056210198952,126.65599371382108,-9.580459704277255,-8.111174432812419,141.84458204806882,-56.69269741962844
0.42760000000000004,77.89290811605302,-118.5406981959481,-68.31236465575513,126.65205561338409,-9.580543460297893,-8.111357417435984,141.84217378325366,-56.691146503392254
0.42765000000000003,77.8946946162211,-118.53659217543776,-68.31406765541303,126.64814150710619,-9.580626960808136,-8.111549331668401,141.8397233990549,-56.689632570294854
0.4277,77.89638194737614,-118.53250497146601,-68.31567207822432,126.64425513111614,-9.580709869151775,-8.111750159650102,141.8372343755409,-56.68815623702479
0.42775,77.8979708912107,-118.52844030906581,-68.31717904170176,126.64040018190326,-9.58079184950893,-8.11195987283746,141.83471024776583,-56.68671806691284
0.4278,77.89946236926617,-118.52440188128264,-68.31858980188967,126.6365803113269,-9.58087256737647,-8.112178430044231,141.8321546009103,-56.68531856922381
0.42785,77.90085744172357,-118.5203933437125,-68.31990575168237,126.63279912121199,-9.580951690041188,-8.112405777499465,141.8295710650782,-56.683958198342076
0.4279,77.90215730587018,-118.51641830933808,-68.32112841881612,126.62906015826195,-9.581028887054071,-8.112641848923865,141.8269633101638,-56.68263735313157
0.42795,77.90336329434015,-118.51248034354599,-68.32225946363873,126.62536690917146,-9.581103830701453,-8.11288656562544,141.8243350407444,-56.68135637641146
0.42800000000000005,77.90447687331137,-118.50858295879462,-68.3233006768422,126.6217227954031,-9.581176196469237,-8.113139836608418,141.82168999065627,-56.68011555436818
0.42805000000000004,77.90549964034335,-118.50472960984197,-68.32425397683713,126.61813116854819,-9.581245663506227,-8.113401558706196,141.81903191783994,-56.67891511621212
0.42810000000000004,77.90643332213811,-118.50092368875715,-68.32512140705897,126.61459530548369,-9.581311915079127,-8.11367161672651,141.81636459896086,-56.67775523381171
0.42815000000000003,77.90727977210608,-118.4971685199785,-68.32590513308257,126.61111840359297,-9.581374639023505,-8.113949883614465,141.81369182396102,-56.67663602140304
0.4282,77.90804096766402,-118.49346735583336,-68.32660743947515,126.60770357646862,-9.581433528188905,-8.11423622063526,141.81101739084718,-56.67555753549195
0.42825,77.9087190074871,-118.48982337167013,-68.32723072661277,126.60435384923936,-9.581488280874352,-8.114530477569232,141.80834510012858,-56.67451977468512
0.4283,77.90931610849294,-118.48623966144349,-68.32777750723457,126.60107215437023,-9.581538601258378,-8.11483249292672,141.80567874948488,-56.67352267971203
0.42835,77.90983460268448,-118.48271923340066,-68.32825040286527,126.59786132758019,-9.58158419981923,-8.115142094179474,141.8030221284388,-56.672566133516696
0.4284,77.91027693386374,-118.47926500557008,-68.32865214011707,126.59472410357236,-9.581624793746686,-8.11545909800226,141.80037901279192,-56.67164996134908
0.42845,77.91064565410697,-118.47587980187018,-68.32898554676136,126.59166311240712,-9.581660107345618,-8.115783310536962,141.7977531594454,-56.670773931074734
0.42850000000000005,77.9109434201819,-118.47256634794054,-68.32925354775598,126.58868087560806,-9.581689872425898,-8.116114527667504,141.79514830095547,-56.66993775344241
0.42855000000000004,77.91117298973055,-118.46932726723539,-68.32945916104377,126.58577980254289,-9.581713828686796,-8.11645253530742,141.79256814017808,-56.669141082489254
0.42860000000000004,77.91133721737299,-118.46616507747822,-68.32960549328864,126.58296218718823,-9.581731724084362,-8.116797109710008,141.79001634516982,-56.66838351605314
0.42865000000000003,77.91143905064222,-118.46308218683794,-68.32969573545085,126.58023020461928,-9.581743315191373,-8.11714801778138,141.78749654376247,-56.66766459628054
0.4287,77.91148152577294,-118.46008089066866,-68.32973315822878,126.57758590808277,-9.581748367544193,-8.117505017414073,141.78501231852619,-56.66698381030936
0.42875,77.91146776340953,-118.45716336825245,-68.32972110743489,126.5750312260855,-9.581746655974653,-8.117867857833039,141.7825672016897,-56.6663405909802
0.4288,77.91140096414343,-118.45433167951987,-68.3296629992115,126.5725679594681,-9.58173796493195,-8.118236279948196,141.7801646699468,-56.66573431760088
0.42885,77.91128440397502,-118.45158776237238,-68.32956231518672,126.57019777910023,-9.581722088788313,-8.118610016727816,141.77780813972294,-56.66516431687083
0.4289,77.91112142964515,-118.44893342974262,-68.32942259751313,126.56792222331707,-9.581698832132018,-8.11898879357448,141.7755009621497,-56.664629863792
0.42895,77.9109154538813,-118.44637036702234,-68.32924744383664,126.56574269574011,-9.581668010044691,-8.119372328717763,141.77324641829878,-56.66413018269107
0.42900000000000005,77.91066995054946,-118.44390012983627,-68.32904050218484,126.56366046345217,-9.581629448364621,-8.119760333615911,141.77104771465181,-56.66366444835117
0.42905000000000004,77.91038844968489,-118.44152414157752,-68.32880546574958,126.56167665493999,-9.581582983935302,-8.1201525133625,141.7689079783035,-56.66323178713248
0.42910000000000004,77.9100745324991,-118.43924369158304,-68.32854606766263,126.55979225869305,-9.581528464836465,-8.120548567110012,141.76683025268554,-56.66283127824396
0.42915000000000003,77.90973182627717,-118.43705993325747,-68.32826607567635,126.55800812175329,-9.581465750600822,-8.120948188495765,141.7648174931864,-56.66246195504167
0.4292,77.90936399920601,-118.43497388228842,-68.32796928679262,126.55632494836581,-9.581394712413367,-8.121351066077382,141.7628725628086,-56.66212280637178
0.42925,77.9089747551892,-118.43298641545215,-68.32765952189467,126.55474329923058,-9.581315233294552,-8.121756883778419,141.76099822831168,-56.66181277805025
0.4293,77.90856782853093,-118.43109826915052,-68.32734062026297,126.55326359048422,-9.581227208267975,-8.1221653213337,141.75919715605752,-56.66153077432816
0.42935,77.90814697865966,-118.42931003842907,-68.32701643415189,126.55188609317781,-9.581130544507786,-8.122576054748691,141.75747190828,-56.66127565945159
0.4294,77.90771598478223,-118.42762217624728,-68.32669082331012,126.55061093300647,-9.581025161472116,-8.122988756759153,141.75582493952575,-56.6610462593021
0.42945,77.90727864046345,-118.42603499260139,-68.32636764944576,126.54943808989596,-9.580910991017692,-8.123403097294583,141.7542585929314,-56.660841363030706
0.4295,77.90683874829662,-118.42454865430419,-68.32605077080147,126.54836739825632,-9.580787977495158,-8.123818743952125,141.7527750970991,-56.66065972480823
0.42955000000000004,77.90640011444523,-118.42316318465771,-68.32574403661478,126.54739854712285,-9.580656077830463,-8.124235362465127,141.7513765628119,-56.66050006559638
0.42960000000000004,77.90596654323058,-118.4218784633299,-68.32545128164624,126.54653108051072,-9.580515261584358,-8.124652617180786,141.75006497994505,-56.660361074949776
0.42965000000000003,77.90554183176528,-118.42069422675188,-68.32517632076875,126.54576439828986,-9.58036551099653,-8.125070171537983,141.74884221483714,-56.660241412919035
0.4297,77.90512976448332,-118.4196100682506,-68.32492294347206,126.54509775679426,-9.580206821011272,-8.12548768854365,141.74771000738426,-56.660139711931116
0.42975,77.90473410781247,-118.41862543875641,-68.32469490852928,126.54453027001166,-9.580039199283185,-8.125904831255252,141.74666996869254,-56.6600545787502
0.4298,77.90435860480962,-118.41773964763338,-68.3244959386417,126.54406091089145,-9.579862666167895,-8.126321263258085,141.74572357881368,-56.65998459647929
0.42985,77.90400696978827,-118.41695186346305,-68.32432971509611,126.54368851260683,-9.579677254692177,-8.126736649143762,141.74487218443758,-56.65992832655492
0.4299,77.90368288310412,-118.41626111547238,-68.32419987259678,126.54341177046096,-9.579483010507364,-8.127150654988586,141.74411699721082,-56.65988431083244
0.42995,77.90338998588251,-118.41566629474607,-68.32410999405869,126.54322924357386,-9.579279991823837,-8.127562948827805,141.74345909184368,-56.65985107364374
0.43,77.9031318748087,-118.41516615581398,-68.32406360547925,126.54313935694087,-9.579068269329413,-8.12797320112692,141.7428994045658,-56.659827123917715
0.43005000000000004,77.90291209710156,-118.41475931857225,-68.32406417101409,126.54314040382472,-9.578847926087455,-8.128381085252515,141.74243873196244,-56.65981095731355
0.43010000000000004,77.90273414536398,-118.41444427001927,-68.32411508794463,126.54323054795437,-9.578619057419365,-8.128786277935065,141.7420777295887,-56.65980105835501
0.43015000000000003,77.90260145267821,-118.41421936658985,-68.32421968190886,126.54340782631914,-9.57838177076936,-8.12918845972929,141.74181691121956,-56.65979590261533
0.4302,77.90251738773912,-118.41408283644994,-68.324381202189,126.54367015191995,-9.578136185550138,-8.12958731547,141.74165664808854,-56.659793958880925
0.43025,77.90248524996153,-118.41403278190735,-68.324602816986,126.5440153166244,-9.577882432975562,-8.129982534717005,141.74159716820995,-56.65979369134985
0.4303,77.90250826492401,-118.4140671823097,-68.3248876090526,126.54444099451032,-9.57762065587141,-8.130373812200633,141.74163855629408,-56.65979356182507
0.43035,77.90258957968145,-118.4141838967383,-68.32523857120792,126.54494474499185,-9.577351008473535,-8.130760848253543,141.7417807534209,-56.65979203190685
0.4304,77.90273225829459,-118.4143806671199,-68.32565860208567,126.54552401635688,-9.577073656208931,-8.13114334923696,141.74202355718333,-56.659787565204674
0.43045,77.90293927756902,-118.41465512151674,-68.32615050211069,126.54617614947752,-9.576788775458326,-8.131521027960769,141.7423666220949,-56.659778629517945
0.4305,77.90321352265666,-118.41500477733109,-68.32671696934815,126.5468983814191,-9.576496553308534,-8.131893604087976,141.74280945985225,-56.659763699044035
0.43055000000000004,77.90355778311007,-118.41542704499585,-68.32736059582726,126.54768784953376,-9.576197187282823,-8.132260804537887,141.7433514402531,-56.65974125654107
0.43060000000000004,77.90397474883736,-118.41591923160001,-68.32808386377502,126.54854159547159,-9.57589088506238,-8.132622363871546,141.74399179200617,-56.65970979550953
0.43065000000000003,77.90446700622897,-118.41647854464799,-68.32888914203808,126.54945656931731,-9.575577864190908,-8.132978024669299,141.74472960374823,-56.659667822345085
0.4307,77.90503703462905,-118.41710209618861,-68.32977868286672,126.55042963408896,-9.575258351762344,-8.13332753790031,141.74556382556062,-56.65961385845675
0.43075,77.9056872026356,-118.41778690676723,-68.3307546185335,126.55145757003906,-9.57493258410211,-8.133670663271811,141.74649327024437,-56.659546442402934
0.4308,77.90641976483421,-118.41852990973389,-68.33181895840711,126.55253707930929,-9.574600806427123,-8.134007169575375,141.7475166151319,-56.659464131959545
0.43085,77.90723685861025,-118.41932795566127,-68.33297358611128,126.55366479067457,-9.574263272498994,-8.134336835013277,141.74863240403437,-56.65936550618529
0.4309,77.90814050097492,-118.4201778166752,-68.33422025671138,126.55483726418903,-9.573920244263567,-8.134659447513817,141.74983904912423,-56.659249167462086
0.43095,77.9091325858764,-118.42107619120645,-68.3355605944007,126.55605099624198,-9.573571991475687,-8.13497480503554,141.75113483343685,-56.659113743464374
0.431,77.91021488137682,-118.42201970859993,-68.33699609005838,126.55730242445144,-9.573218791318451,-8.135282715851487,141.75251791317973,-56.65895788914126
0.43105000000000004,77.91138902714604,-118.42300493387971,-68.33852809913877,126.55858793270367,-9.572860928007303,-8.135582998823907,141.75398632034654,-56.6587802886252
0.43110000000000004,77.91265653223996,-118.42402837276495,-68.34015783985464,126.55990385642676,-9.572498692385349,-8.13587548366179,141.75553796569724,-56.65857965709956
0.43115000000000003,77.91401877278487,-118.42508647648309,-68.34188639127281,126.56124648764435,-9.57213238151203,-8.136160011161284,141.7571706415177,-56.65835474265165
0.4312,77.91547699015614,-118.42617564691638,-68.34371469191915,126.56261208035173,-9.571762298237008,-8.136436433435321,141.75888202492936,-56.65810432803198
0.43125,77.9170322891873,-118.42729224173004,-68.3456435384149,126.56399685585097,-9.571388750772398,-8.136704614120946,141.76066968120034,-56.657827232397985
0.4313,77.91868563649724,-118.42843257944308,-68.34767358424423,126.56539700801822,-9.571012052252994,-8.136964428575142,141.7625310670735,-56.65752231300413
0.43135,77.92043785928024,-118.42959294482054,-68.3498053389894,126.56680870887176,-9.570632520290884,-8.137215764051218,141.7644635346173,-56.65718846680598
0.4314,77.92228964400273,-118.43076959403182,-68.35203916747923,126.56822811389198,-9.570250476523562,-8.137458519860152,141.76646433482958,-56.65682463204271
0.43145,77.92424153543482,-118.43195876001685,-68.35437528927713,126.56965136752903,-9.56986624615769,-8.137692607512161,141.76853062159853,-56.656429789751655
0.4315,77.92629393599462,-118.43315665790416,-68.35681377849056,126.57107460874869,-9.569480157504083,-8.137917950844464,141.7706594558786,-56.6560029651877
0.43155000000000004,77.92844710499327,-118.43435949027135,-68.35935456347991,126.57249397639977,-9.569092541513315,-8.138134486128424,141.77284780967955,-56.65554322924007
0.43160000000000004,77.93070115841493,-118.43556345266516,-68.36199742711199,126.57390561482559,-9.568703731302993,-8.138342162160393,141.7750925705656,-56.655049699725154
0.43165000000000003,77.93305606872114,-118.43676473895951,-68.36474200703674,126.57530567929491,-9.568314061684395,-8.138540940335384,141.77739054603197,-56.65452154263412
0.43170000000000003,77.93551166477556,-118.43795954674015,-68.36758779608799,126.57669034144043,-9.567923868687561,-8.13873079470028,141.77973846796877,-56.65395797334478
0.43175,77.93806763229018,-118.43914408280365,-68.37053414320908,126.57805579479593,-9.5675334890811,-8.138911711992286,141.7821329975063,-56.65335825768183
0.4318,77.94072351409068,-118.44031456845191,-68.37358025419624,126.57939826010957,-9.567143259894438,-8.139083691657659,141.7845707295888,-56.65272171299199
0.43185,77.94347871083032,-118.44146724492646,-68.37672519289116,126.5807139907775,-9.566753517939121,-8.139246745851022,141.78704819791068,-56.65204770909776
0.4319,77.94633248193216,-118.44259837876533,-68.37996788260527,126.58199927818582,-9.56636459932689,-8.139400899420481,141.78956187991207,-56.65133566915628
0.43195,77.94928394644698,-118.4437042670447,-68.38330710745151,126.58325045691485,-9.565976838995454,-8.139546189870142,141.79210820163073,-56.65058507052032
0.432,77.95233208450523,-118.4447812427329,-68.38674151427676,126.58446391004075,-9.565590570228505,-8.139682667307833,141.79468354297293,-56.64979544542302
0.43205000000000005,77.95547573866375,-118.44582567985444,-68.39026961447962,126.58563607422784,-9.565206124184153,-8.139810394373372,141.7972842427663,-56.648966381655484
0.43210000000000004,77.95871361550486,-118.4468339986412,-68.39388978608184,126.58676344479065,-9.564823829423073,-8.139929446149425,141.79990660393952,-56.64809752315587
0.43215000000000003,77.96204428766505,-118.44780267067219,-68.39760027622573,126.58784258072826,-9.564444011439374,-8.140039910056041,141.80254689892683,-56.647188570450474
0.43220000000000003,77.96546619562487,-118.44872822383996,-68.40139920342372,126.58887010956374,-9.56406699220112,-8.14014188572379,141.80520137479522,-56.64623928113673
0.43225,77.96897765009635,-118.44960724731588,-68.40528456040727,126.58984273217054,-9.563693089689108,-8.140235484854639,141.8078662586974,-56.64524947016399
0.4323,77.9725768344116,-118.45043639641668,-68.40925421696593,126.59075722747792,-9.56332261744568,-8.14032083106128,141.8105377632416,-56.6442190100919
0.43235,77.97626180696176,-118.45121239731878,-68.41330592283103,126.5916104570102,-9.562955884130725,-8.140398059691414,141.81321209176022,-56.64314783129802
0.4324,77.98003050418623,-118.45193205175886,-68.41743731110839,126.5923993693959,-9.56259319307784,-8.14046731763702,141.81588544386807,-56.642035921996616
0.43245,77.98388074332327,-118.45259224156236,-68.42164590145495,126.59312100468497,-9.56223484186834,-8.140528763122628,141.81855402074405,-56.64088332830005
0.4325,77.98781022555549,-118.45318993307032,-68.42592910365136,126.59377249855297,-9.561881121904163,-8.140582565482628,141.82121403054373,-56.63969015412461
0.43255000000000005,77.99181653941098,-118.45372218147988,-68.4302842214173,126.59435108639978,-9.561532317993704,-8.140628904919824,141.82386169387843,-56.63845656099117
0.43260000000000004,77.99589716395019,-118.45418613501609,-68.4347084560002,126.59485410726302,-9.561188707950045,-8.140667972246941,141.82649324903485,-56.637182767861226
0.43265000000000003,78.00004947258026,-118.4545790389857,-68.43919891038932,126.59527900760473,-9.560850562190952,-8.140699968619005,141.82910495743909,-56.63586905073549
0.43270000000000003,78.00427073669997,-118.45489823971366,-68.44375259334271,126.59562334495753,-9.56051814335726,-8.14072510524386,141.83169310892862,-56.634515742284265
0.43275,78.00855812949865,-118.4551411882923,-68.44836642355918,126.59588479137604,-9.560191705939475,-8.14074360308375,141.83425402695087,-56.633123231384985
0.4328,78.01290873017717,-118.4553054442288,-68.45303723426463,126.59606113676934,-9.559871495912562,-8.14075569254049,141.83678407390835,-56.63169196249558
0.43285,78.0173195278992,-118.45538867890889,-68.45776177750844,126.5961502920358,-9.559557750390775,-8.14076161312687,141.83927965619995,-56.63022243507885
0.4329,78.02178742616132,-118.45538867890797,-68.46253672887464,126.596150292035,-9.559250697286707,-8.140761613126983,141.8417372293651,-56.628715202852725
0.43295,78.026309247275,-118.45530334914308,-68.46735869228671,126.59605929838557,-9.558950554988298,-8.14075594924241,141.84415330315488,-56.62717087296841
0.433,78.0308817366971,-118.45513071584782,-68.47222420464841,126.59587560207575,-9.558657532048688,-8.140744886227909,141.84652444637126,-56.62559010520135
0.43305000000000005,78.03550156786046,-118.45486892938116,-68.47712974097232,126.59559762589546,-9.558371826888179,-8.140728696514255,141.8488472918424,-56.62397361093795
0.43310000000000004,78.04016534679515,-118.45451626686464,-68.48207171928188,126.59522392668481,-9.558093627513298,-8.140707659820139,141.85111854113816,-56.62232215219582
0.43315000000000003,78.04486961691111,-118.45407113463196,-68.48704650566121,126.59475319738718,-9.5578231112499,-8.140682062755234,141.8533349692178,-56.6206365405493
0.43320000000000003,78.04961086409233,-118.45353207048554,-68.49205041960424,126.59418426889721,-9.5575604444881,-8.14065219841165,141.85549342908715,-56.618917635908296
0.43325,78.05438552149597,-118.45289774578656,-68.4970797390471,126.59351611173508,-9.55730578244889,-8.140618365948518,141.85759085615433,-56.61716634536105
0.4333,78.0591899747303,-118.45216696734879,-68.50213070576889,126.59274783751297,-9.5570592689614,-8.14058087016417,141.85962427262984,-56.615383621846846
0.43335,78.06402056704486,-118.45133867911373,-68.50719953078656,126.59187870017837,-9.556821036258327,-8.140540021064636,141.86159079175061,-56.613570462777524
0.4334,78.06887360435897,-118.45041196368625,-68.51228239956995,126.5909080971082,-9.556591204789031,-8.140496133421962,141.86348762179918,-56.61172790868389
0.43345,78.07374536072174,-118.44938604360819,-68.5173754776748,126.58983556993385,-9.556369883046957,-8.140449526325629,141.86531207014116,-56.6098570416598
0.4335,78.07863208347534,-118.4482602824828,-68.52247491605942,126.5886608052125,-9.556157167415929,-8.14040052272967,141.86706154697606,-56.60795898387468
0.43355000000000005,78.08352999859041,-118.44703418588733,-68.52757685655646,126.58738363488021,-9.555953142033948,-8.140349448992891,141.86873356900574,-56.606034895982276
0.43360000000000004,78.0884353161835,-118.44570740203484,-68.53267743751333,126.58600403644967,-9.555757878670217,-8.140296634414804,141.87032576299464,-56.60408597541374
0.43365000000000004,78.09334423569616,-118.44427972233119,-68.53777279906872,126.58452213309891,-9.555571436627492,-8.140242410767659,141.87183586905743,-56.60211345476296
0.43370000000000003,78.09825295145484,-118.44275108163437,-68.54285908880051,126.58293819345735,-9.55539386265434,-8.140187111822963,141.873261743908,-56.60011859997863
0.43375,78.10315765806442,-118.44112155834617,-68.54793246718418,126.58125263122425,-9.55522519088024,-8.140131072878118,141.87460136387838,-56.598102708576505
0.4338,78.10805455569948,-118.43939137434366,-68.55298911293215,126.5794660046226,-9.555065442767336,-8.140074630278932,141.87585282774893,-56.59606710785187
0.43385,78.11293985571677,-118.43756089459079,-68.55802522863897,126.57757901553228,-9.554914627077816,-8.140018120941487,141.8770143594893,-56.594013152913796
0.4339,78.11780978586442,-118.435630626683,-68.56303704600097,126.57559250855593,-9.554772739863468,-8.139961881872903,141.87808431072287,-56.59194222484169
0.43395,78.12266059569569,-118.4336012201136,-68.56802083122399,126.5735074698047,-9.554639764471718,-8.139906249691043,141.87906116307352,-56.58985572871214
0.434,78.1274885620132,-118.43147346529706,-68.57297289044723,126.57132502544393,-9.554515671565975,-8.139851560146889,141.8799435303273,-56.587755091562535
0.43405000000000005,78.13228999396108,-118.42924829253705,-68.57788957478878,126.56904644018353,-9.55440041917232,-8.139798147646435,141.88073016035625,-56.585641760462025
0.43410000000000004,78.1370612384619,-118.42692677062003,-68.58276728572712,126.56667311539427,-9.554293952734803,-8.139746344774213,141.88141993692105,-56.58351720038398
0.43415000000000004,78.14179868534481,-118.42451010532122,-68.58760248014977,126.5642065871434,-9.554196205195035,-8.139696481822192,141.88201188123278,-56.58138289216378
0.43420000000000003,78.14649877239736,-118.42199963773734,-68.59239167530899,126.56164852405507,-9.554107097088384,-8.139648886317726,141.88250515332948,-56.57924033044468
0.43425,78.1511579906231,-118.41939684227654,-68.59713145396884,126.55900072483587,-9.55402653665427,-8.139603882559308,141.88289905328233,-56.577091021478594
0.4343,78.15577288903206,-118.41670332467005,-68.60181846906225,126.55626511582435,-9.553954419969855,-8.139561791154216,141.88319302216485,-56.57493648108981
0.43435,78.16034007965956,-118.41392081962877,-68.60644944856348,126.55344374819191,-9.553890631096117,-8.139522928563085,141.88338664285314,-56.57277823248313
0.4344,78.1648562424129,-118.41105118835623,-68.61102120017051,126.55053879500495,-9.553835042242389,-8.139487606648691,141.88347964061424,-56.57061780407859
0.43445,78.16931812966078,-118.40809641598418,-68.61553061571077,126.54755254821886,-9.553787513950004,-8.13945613223472,141.88347188349007,-56.56845672741571
0.4345,78.1737225710201,-118.40505860864315,-68.61997467573237,126.5444874153098,-9.553747895287746,-8.139428806666633,141.88336338248763,-56.56629653491036
0.43455000000000005,78.17806647774769,-118.40193999054216,-68.62435045367778,126.5413459159265,-9.553716024069912,-8.139405925384347,141.88315429156162,-56.56413875774676
0.43460000000000004,78.18234684713603,-118.39874290080667,-68.6286551200511,126.5381306783086,-9.553691727084933,-8.139387777501904,141.88284490739957,-56.561984923714306
0.43465000000000004,78.18656076689687,-118.39546979006863,-68.63288594655502,126.53484443546405,-9.553674820341897,-8.139374645395355,141.88243566899573,-56.55983655499314
0.43470000000000003,78.19070541915097,-118.39212321709482,-68.63704030981805,126.53149002139781,-9.553665109332933,-8.139366804302965,141.88192715704213,-56.55769516608072
0.43475,78.19477808454845,-118.38870584506216,-68.64111569523928,126.5280703669944,-9.553662389309185,-8.139364521932235,141.88132009309905,-56.55556226159544
0.4348,78.19877614611423,-118.38522043778252,-68.64510970054157,126.5245884958607,-9.553666445572665,-8.13936805807817,141.88061533857413,-56.55343933416122
0.43485,78.20269709289744,-118.3816698558398,-68.6490200391157,126.52104752009696,-9.553677053781756,-8.139377664257118,141.87981389352228,-56.55132786233795
0.4349,78.20653852367107,-118.37805705240402,-68.65284454340194,126.51745063574867,-9.553693980269154,-8.13939358334462,141.87891689520563,-56.54922930846262
0.43495,78.21029815023351,-118.37438506913382,-68.65658116785718,126.51380111836707,-9.55371698237632,-8.139416049233235,141.87792561651017,-56.54714511664337
0.435,78.213973800706,-118.37065703181649,-68.6602279919097,126.51010231831562,-9.553745808796297,-8.139445286499129,141.87684146414261,-56.54507671069572
0.43505000000000005,78.21756342267139,-118.36687614586275,-68.66378322273846,126.50635765594352,-9.553780199932929,-8.139481510080769,141.87566597662064,-56.54302549209899
0.43510000000000004,78.22106508598507,-118.36304569186767,-68.66724519771579,126.50257061684417,-9.553819888269333,-8.139524924976463,141.8744008221394,-56.540992838076974
0.43515000000000004,78.22447698562128,-118.35916902083109,-68.67061238687253,126.49874474678066,-9.553864598748792,-8.13957572594954,141.87304779617463,-56.5389800995897
0.43520000000000003,78.22779744420602,-118.35524954943008,-68.6738833950405,126.49488364668292,-9.553914049165552,-8.139634097252811,141.87160881895855,-56.53698859944125
0.43525,78.23102491434639,-118.35129075522438,-68.67705696377882,126.49099096759146,-9.55396795056759,-8.139700212367027,141.87008593278833,-56.53501963044013
0.4353,78.2341579809589,-118.34729617156289,-68.68013197329394,126.4870704053154,-9.554026007664946,-8.139774233752497,141.8684812990865,-56.53307445349208
0.43535,78.23719536315657,-118.34326938270665,-68.68310744390406,126.48312569532698,-9.554087919252549,-8.139856312620285,141.86679719539947,-56.531154295888406
0.4354,78.24013591611907,-118.33921401866678,-68.68598253748141,126.47916060738099,-9.554153378637679,-8.139946588714208,141.86503601214994,-56.52926034953533
0.43545,78.24297863277492,-118.33513374998078,-68.68875655869981,126.4751789400953,-9.554222074075092,-8.140045190114517,141.86320024923558,-56.527393769231374
0.4355,78.24572264511247,-118.33103228264454,-68.69142895589971,126.47118451569932,-9.554293689212756,-8.140152233054764,141.861292512553,-56.52555567110322
0.43555000000000005,78.24836722553539,-118.32691335267616,-68.69399932199545,126.46718117443184,-9.554367903539983,-8.140267821755623,141.85931551024052,-56.523747130943086
0.43560000000000004,78.25091178784335,-118.32278072088718,-68.69646739499989,126.46317276916578,-9.554444392843484,-8.140392048278578,141.8572720488872,-56.52196918271708
0.43565000000000004,78.25335588802909,-118.31863816757337,-68.6988330583588,126.4591631599668,-9.554522829670317,-8.140524992393432,141.85516502957407,-56.520222817116135
0.43570000000000003,78.25569922501651,-118.3144894869884,-68.70109634122586,126.45515620845342,-9.554602883790649,-8.140666721464989,141.85299744370207,-56.51850898007693
0.43575,78.2579416409648,-118.31033848213082,-68.70325741829397,126.45115577248909,-9.554684222670847,-8.140817290358267,141.85077236884194,-56.516828571517394
0.4358,78.26008312157133,-118.30618895921197,-68.70531660962708,126.44716570057064,-9.554766511944294,-8.140976741358664,141.84849296431744,-56.515182444000125
0.43585,78.26212379609895,-118.30204472223465,-68.70727438021196,126.44318982634843,-9.554849415887007,-8.141145104113775,141.8461624667285,-56.51357140151193
0.4359,78.26406393711015,-118.29790956771517,-68.70913133921302,126.43923196330515,-9.554932597897107,-8.14132239558997,141.84378418543193,-56.51199619837271
0.43595,78.26590396019066,-118.29378727909314,-68.71088823921977,126.43529589914174,-9.555015720970891,-8.141508620048624,141.84136149775608,-56.510457538076956
0.436,78.26764442326728,-118.2896816215003,-68.71254597508245,126.4313853905399,-9.555098448184888,-8.14170376903956,141.8388978442899,-56.508956072350756
0.43605,78.26928602585313,-118.28559633636671,-68.71410558268009,126.42750415778163,-9.555180443173061,-8.141907821414897,141.8363967239957,-56.50749240019568
0.43610000000000004,78.2708296080714,-118.28153513600833,-68.71556823746504,126.42365587936412,-9.55526137060633,-8.142120743355763,141.8338616891838,-56.506067067002036
0.43615000000000004,78.27227614939964,-118.27750169851676,-68.71693525272973,126.41984418694076,-9.555340896669973,-8.142342488424008,141.83129634058383,-56.50468056382244
0.43620000000000003,78.27362676734725,-118.27349966236638,-68.71820807781062,126.41607265999255,-9.555418689536666,-8.14257299762617,141.82870432214264,-56.50333332660397
0.43625,78.27488271582166,-118.26953262130273,-68.71938829598096,126.41234482079999,-9.555494419840763,-8.142812199497214,141.82608931588373,-56.5020257355868
0.4363,78.2760453833459,-118.26560411929653,-68.72047762220095,126.40866412950106,-9.555567761144976,-8.14306001020451,141.82345503673852,-56.500758114766676
0.43635,78.2771162911134,-118.26171764534678,-68.72147790070757,126.40503397901028,-9.55563839040583,-8.143316333663476,141.82080522716058,-56.499530731377824
0.4364,78.27809709078367,-118.25787662867698,-68.72239110235058,126.40145769035416,-9.555705988433118,-8.143581061677175,141.81814365192326,-56.49834379555005
0.43645,78.2789895621652,-118.25408443378036,-68.72321932182231,126.39793850787032,-9.555770240342895,-8.143854074089894,141.81547409272804,-56.49719745996944
0.4365,78.27979561067367,-118.2503443555849,-68.72396477466678,126.39447959454046,-9.555830836006896,-8.14413523895553,141.8128003427873,-56.4960918196411
0.43655,78.28051726461106,-118.24665961491407,-68.72462979411873,126.39108402764379,-9.555887470492355,-8.144424412729704,141.81012620155312,-56.495026911777586
0.43660000000000004,78.28115667229582,-118.24303335374304,-68.72521682779912,126.38775479421227,-9.55593984449673,-8.144721440469205,141.80745546919215,-56.49400271569158
0.43665000000000004,78.28171609899627,-118.23946863081723,-68.72572843422303,126.38449478687252,-9.55598766477324,-8.145026156055287,141.80479194125235,-56.49301915283541
0.43670000000000003,78.28219792371385,-118.23596841733418,-68.7261672791667,126.38130679976464,-9.556030644547182,-8.145338382430452,141.80213940329799,-56.49207608690514
0.43675,78.28260463579821,-118.2325355925802,-68.72653613187295,126.37819352442715,-9.556068503925282,-8.145657931846916,141.79950162541277,-56.49117332399114
0.4368,78.28293883140712,-118.22917294000011,-68.72683786111479,126.37515754613838,-9.556100970292334,-8.145984606138267,141.79688235697665,-56.49031061287748
0.43685,78.2832032098026,-118.22588314314052,-68.72707543110207,126.3722013401378,-9.556127778700542,-8.14631819699724,141.79428532124547,-56.4894876453686
0.4369,78.28340056953687,-118.22266878179943,-68.72725189729218,126.36932726807396,-9.556148672244683,-8.14665848627452,141.79171421003986,-56.488704056699135
0.43695,78.28353380443876,-118.2195323285098,-68.72737040200957,126.36653757479856,-9.556163402429195,-8.147005246288712,141.78917267860152,-56.487959426085915
0.437,78.28360589951883,-118.21647614482973,-68.72743416999795,126.36383438497809,-9.55617172952087,-8.147358240148368,141.78666434024137,-56.48725327726456
0.43705,78.28361992672562,-118.21350247811102,-68.72744650383642,126.36121970020318,-9.556173422889241,-8.147717222092144,141.78419276130322,-56.48658507918339
0.43710000000000004,78.28357904055564,-118.2106134583066,-68.72741077921937,126.35869539614227,-9.55616826133626,-8.148081937835649,141.78176145607762,-56.48595424675592
0.43715000000000004,78.28348647359115,-118.20781109480617,-68.72733044018206,126.35626321974044,-9.556156033409083,-8.148452124934236,141.779373881698,-56.48536014164451
0.43720000000000003,78.28334553188145,-118.20509727377423,-68.727208994179,126.35392478693106,-9.556136537702457,-8.148827513156814,141.7770334333681,-56.48480207320967
0.43725,78.28315959024707,-118.20247375531397,-68.72705000710248,126.35168158018266,-9.556109583144575,-8.149207824868686,141.7747434394003,-56.48427929944713
0.4373,78.28293208748784,-118.1999421709892,-68.72685709821971,126.34953494641762,-9.556074989268154,-8.149592775428376,141.77250715649853,-56.48379102803811
0.43735,78.28266652147767,-118.19750402161907,-68.72663393500898,126.34748609521044,-9.556032586468685,-8.149982073591392,141.7703277652046,-56.483336417499466
0.4374,78.2823664441985,-118.19516067494612,-68.72638422795448,126.34553609687062,-9.555982216244033,-8.150375421924513,141.76820836520474,-56.482914578327055
0.43745,78.28203545667763,-118.19291336387157,-68.72611172525615,126.3436858811007,-9.555923731421526,-8.150772517229084,141.7661519710547,-56.4825245742992
0.4375,78.28167720388676,-118.19076318462292,-68.72582020752124,126.34193623559617,-9.55585699636558,-8.151173050973217,141.76416150782657,-56.48216542377896
0.43755,78.28129536952079,-118.1887110951385,-68.72551348234843,126.3402878048667,-9.555781887172365,-8.151576709728202,141.76223980686913,-56.481836101106374
0.43760000000000004,78.28089367079582,-118.18675791386111,-68.72519537895083,126.33874108947843,-9.555698291844992,-8.15198317561732,141.76038960191966,-56.48153553807668
0.43765000000000004,78.2804758531421,-118.18490431840237,-68.7248697426895,126.33729644516858,-9.555606110452613,-8.152392126766166,141.75861352504927,-56.481262625426076
0.43770000000000003,78.28004568486617,-118.18315084467179,-68.7245404295923,126.33595408243224,-9.555505255273868,-8.152803237760454,141.75691410297833,-56.48101621443275
0.43775000000000003,78.27960695183145,-118.18149788614782,-68.72421130091172,126.33471406625881,-9.55539565091977,-8.153216180110931,141.75529375352014,-56.480795118544464
0.4378,78.27916345201103,-118.17994569318233,-68.72388621756807,126.33357631589955,-9.555277234442975,-8.153630622717255,141.75375478198166,-56.480598115057745
0.43785,78.27871899013954,-118.17849437280756,-68.72356903471349,126.3325406051496,-9.55514995542607,-8.154046232341965,141.75229937803812,-56.48042394687698
0.4379,78.27827737228557,-118.17714388847986,-68.7232635962326,126.33160656256366,-9.55501377605298,-8.154462674083792,141.75092961251065,-56.4802713242872
0.43795,78.2778424004036,-118.17589406012146,-68.72297372923917,126.33077367197356,-9.554868671164455,-8.154879611852062,141.74964743438156,-56.48013892680135
0.438,78.27741786699434,-118.17474456449393,-68.72270323870272,126.33004127334237,-9.554714628291617,-8.15529670884847,141.74845466814597,-56.48002540504612
0.43805,78.27700754964539,-118.17369493549535,-68.72245590197026,126.32940856353828,-9.554551647675117,-8.155713628042934,141.74735301103425,-56.47992938267197
0.43810000000000004,78.27661520567335,-118.1727445649504,-68.7222354634078,126.32887459760384,-9.554379742265564,-8.156130032653433,141.74634403070178,-56.47984945834005
0.43815000000000004,78.27624456682665,-118.17189270344933,-68.72204562912424,126.32843829007706,-9.554198937702418,-8.156545586627693,141.74542916299347,-56.479784207700305
0.43820000000000003,78.27589933388782,-118.17113846132689,-68.7218900616072,126.32809841644409,-9.554009272280636,-8.156959955117202,141.74460970977003,-56.47973218543571
0.43825000000000003,78.27558317150705,-118.1704808100724,-68.7217723746135,126.32785361502985,-9.553810796893568,-8.157372804957443,141.74388683722205,-56.479691927325405
0.4383,78.27529970292422,-118.16991858367562,-68.72169612796229,126.32770238881515,-9.55360357496197,-8.157783805139454,141.74326157406966,-56.479661952331924
0.43835,78.27505250481535,-118.16945048031056,-68.72166482247123,126.327643107591,-9.55338768234414,-8.158192627280423,141.74273481011355,-56.479640764722475
0.4384,78.27484510226299,-118.16907506427111,-68.72168189503643,126.32767401036409,-9.553163207226579,-8.158598946092962,141.74230729506488,-56.47962685620531
0.43845,78.27468096365516,-118.16879076786755,-68.72175071365476,126.32779320771233,-9.552930250000383,-8.15900243984479,141.74197963730455,-56.47961870808181
0.4385,78.27456349583407,-118.16859589377528,-68.72187457271798,126.32799868459531,-9.552688923116097,-8.159402790820046,141.74175230315774,-56.47961479341587
0.43855,78.27449603920823,-118.1684886174281,-68.72205668828205,126.32828830319588,-9.552439350926203,-8.15979968576776,141.74162561618678,-56.47961357922584
0.43860000000000005,78.27448186298113,-118.16846698952337,-68.72230019347472,126.32865980587309,-9.552181669506457,-8.160192816349669,141.7415997566425,-56.47961352866236
0.43865000000000004,78.2745241605674,-118.16852893895171,-68.72260813410425,126.32911081852977,-9.551916026463134,-8.16058187957808,141.74167476137396,-56.479613103218
0.43870000000000003,78.27462604497339,-118.16867227560206,-68.7229834642501,126.32963885384838,-9.551642580723339,-8.16096657824626,141.7418505236159,-56.47961076492107
0.43875000000000003,78.27479054441552,-118.16889469352795,-68.7234290421077,126.33024131488057,-9.551361502307826,-8.161346621352637,141.74212679320928,-56.479604978529956
0.4388,78.27502059802504,-118.16919377428945,-68.72394762593491,126.3309154988031,-9.551072972090147,-8.161721724513624,141.74250317701748,-56.47959421373749
0.43885,78.27531905159968,-118.16956699025684,-68.7245418700604,126.33165860062493,-9.550777181539338,-8.162091610368018,141.742979139337,-56.47957694735061
0.4389,78.27568865364326,-118.1700117083407,-68.72521432119697,126.33246771731389,-9.550474332446282,-8.162456008973207,141.74355400282397,-56.47955166546809
0.43895,78.27613205139913,-118.17052519367603,-68.72596741476045,126.33333985186275,-9.550164636638675,-8.162814658186708,141.74422694937982,-56.479516865649586
0.439,78.2766517870666,-118.17110461347578,-68.72680347138812,126.3342719175163,-9.549848315678478,-8.163167304040519,141.74499702128014,-56.47947105906046
0.43905,78.2772502942728,-118.17174704117264,-68.72772469372615,126.33526074227511,-9.549525600546676,-8.163513701102431,141.74586312268562,-56.47941277259427
0.43910000000000005,78.27792989450822,-118.17244946044896,-68.72873316319318,126.33630307327381,-9.54919673131508,-8.16385361282481,141.7468240210408,-56.47934055098206
0.43915000000000004,78.27869279388774,-118.1732087696099,-68.72983083708314,126.33739558149121,-9.548861956804592,-8.164186811881311,141.74787834893917,-56.47925295886774
0.43920000000000003,78.27954108001795,-118.17402178600905,-68.73101954578662,126.3385348664991,-9.548521534231334,-8.164513080490027,141.74902460609158,-56.47914858285878
0.43925000000000003,78.28047671894743,-118.17488525048154,-68.73230099010571,126.33971746120407,-9.548175728841713,-8.16483221072255,141.75026116134725,-56.47902603354971
0.4393,78.2815015524845,-118.17579583210065,-68.7336767389513,126.34093983690208,-9.547824813533202,-8.165144004801423,141.75158625518787,-56.4788839474932
0.43935,78.28261729550107,-118.17675013282742,-68.73514822703346,126.34219840820774,-9.547469068467644,-8.165448275380285,141.75299800212557,-56.47872098915101
0.4394,78.28382553348936,-118.17774469235452,-68.73671675281737,126.3434895381654,-9.54710878067201,-8.165744845810863,141.7544943934023,-56.47853585280211
0.43945,78.28512772038138,-118.17877599310515,-68.7383834767507,126.34480954349873,-9.546744243630695,-8.166033550393546,141.75607329996464,-56.478327264395915
0.4395,78.2865251763754,-118.17984046511559,-68.74014941950804,126.3461546997298,-9.546375756867404,-8.16631423461417,141.75773247534485,-56.47809398337614
0.43955,78.28801908613836,-118.18093449121298,-68.74201546061862,126.34752124657567,-9.54600362551976,-8.166586755362658,141.7594695589961,-56.47783480444277
0.43960000000000005,78.28961049711246,-118.18205441213235,-68.74398233720815,126.34890539327003,-9.545628159904316,-8.166850981137689,141.7612820796348,-56.477548559264356
0.43965000000000004,78.29130031794416,-118.18319653167418,-68.74605064286719,126.35030332390637,-9.545249675077011,-8.167106792232182,141.76316745868388,-56.47723411815694
0.43970000000000004,78.29308931733358,-118.18435712204789,-68.7482208269518,126.35171120295408,-9.544868490381802,-8.167354080906158,141.7651230141029,-56.4768903916618
0.43975000000000003,78.29497812281593,-118.18553242909721,-68.75049319381635,126.35312518063488,-9.54448492899959,-8.167592751537612,141.7671459640823,-56.47651633211856
0.4398,78.29696721990182,-118.18671867767361,-68.75286790241479,126.35454139843284,-9.544099317487046,-8.167822720759238,141.76923343105847,-56.476110935149364
0.43985,78.29905695145932,-118.18791207703582,-68.75534496614743,126.35595599461335,-9.54371198531193,-8.168043917577501,141.77138244588372,-56.47567324106632
0.4399,78.30124751708631,-118.18910882616832,-68.75792425270076,126.35736510964101,-9.543323264385576,-8.168256283472664,141.77358995192253,-56.475202336263074
0.43995,78.30353897296986,-118.19030511925847,-68.7606054843809,126.35876489174194,-9.542933488589014,-8.168459772483462,141.77585280954872,-56.47469735447666
0.44,78.30593123173803,-118.19149715107868,-68.76338823843923,126.36015150235042,-9.542542993298827,-8.168654351271735,141.7781678005578,-56.47415747802966
0.44005,78.30842406253342,-118.1926811223832,-68.76627194762182,126.36152112155199,-9.542152114911653,-8.168839999168744,141.78053163271366,-56.47358193900008
0.44010000000000005,78.31101709147826,-118.19385324536768,-68.76925590111581,126.36286995357433,-9.541761190362475,-8.16901670820664,141.78294094456254,-56.47297002027222
0.44015000000000004,78.31370980205864,-118.19500974899395,-68.77233924540975,126.36419423212172,-9.541370556648902,-8.169184483127752,141.78539231008895,-56.47232105658407
0.44020000000000004,78.31650153594718,-118.19614688438529,-68.77552098559866,126.36549022576513,-9.540980550348527,-8.169343341379859,141.78788224367128,-56.4716344354417
0.44025000000000003,78.31939149396207,-118.19726093017312,-68.77879998682025,126.36675424326343,-9.540591507141807,-8.169493313090278,141.7904072050713,-56.47090959797626
0.4403,78.32237873707082,-118.19834819774923,-68.78217497573527,126.36798263877138,-9.540203761335565,-8.169634441022101,141.79296360436766,-56.470146039764174
0.44035,78.32546218790185,-118.19940503655577,-68.78564454251712,126.36917181707146,-9.539817645384758,-8.16976678051567,141.79554780720096,-56.46934331148401
0.4404,78.32864063215277,-118.20042783925517,-68.78920714273094,126.3703182386629,-9.539433489421844,-8.169890399407691,141.79815613985923,-56.46850101958092
0.44045,78.33191272032302,-118.20141304685578,-68.79286109953583,126.37141842479113,-9.539051620787182,-8.170005377935357,141.8007848945051,-56.46761882681141
0.4405,78.33527696975115,-118.2023571538006,-68.79660460619074,126.37246896242434,-9.538672363560437,-8.170111808623714,141.80343033453832,-56.46669645267704
0.44055,78.33873176654826,-118.20325671292375,-68.80043572844387,126.37346650907496,-9.538296038104429,-8.1702097961512,141.80608869978946,-56.46573367386314
0.44060000000000005,78.34227536803468,-118.20410834036966,-68.80435240743019,126.37440779757345,-9.537922960604494,-8.170299457203782,141.808756211959,-56.46473032449977
0.44065000000000004,78.34590590518167,-118.20490872041633,-68.80835246255943,126.37528964072283,-9.53755344262223,-8.170380920306538,141.81142907997767,-56.46368629639921
0.44070000000000004,78.34962138518831,-118.20565461016183,-68.81243359453724,126.37610893580393,-9.537187790651089,-8.170454325642059,141.8141035053257,-56.46260153921774
0.44075000000000003,78.35341969446317,-118.20634284417541,-68.81659338878316,126.3768626690261,-9.536826305680025,-8.17051982485062,141.8167756875449,-56.461476060473004
0.4408,78.35729860151135,-118.20697033896593,-68.82082931874587,126.37754791978114,-9.53646928276551,-8.170577580815142,141.81944182954462,-56.460309925552934
0.44085,78.36125576013747,-118.20753409738161,-68.82513874952497,126.37816186481055,-9.536117010612513,-8.170627767428925,141.82209814302323,-56.459103257603054
0.4409,78.36528871285091,-118.20803121289025,-68.82951894168828,126.37870178223804,-9.535769771162675,-8.170670569347742,141.82474085390078,-56.457856237319554
0.44095,78.3693948942358,-118.20845887367793,-68.83396705504103,126.37916505540655,-9.53542783919477,-8.170706181728635,141.82736620757885,-56.45656910271407
0.441,78.37357163471682,-118.2088143666823,-68.8384801527848,126.37954917663315,-9.535091481932042,-8.17073480995086,141.82997047436356,-56.455242148731294
0.44105,78.37781616431131,-118.20909508143745,-68.84305520564743,126.37985175076167,-9.534760958663915,-8.17075666932423,141.83254995472265,-56.45387572682977
0.44110000000000005,78.3821256165205,-118.20929851377767,-68.84768909614498,126.38007049856151,-9.534436520375525,-8.170771984783796,141.83510098450031,-56.45247024448504
0.44115000000000004,78.38649703252509,-118.2094222694234,-68.85237862313326,126.3802032599914,-9.53411840939185,-8.170780990567973,141.83761994020102,-56.451026164565015
0.44120000000000004,78.39092736527316,-118.20946406736165,-68.85712050624107,126.38024799724916,-9.533806859032106,-8.170783929887488,141.84010324404167,-56.44954400469648
0.44125000000000003,78.3954134838659,-118.20942174311044,-68.86191139058664,126.38020279768799,-9.533502093279228,-8.170781054577521,141.84254736906996,-56.448024336506606
0.4413,78.39995217805895,-118.20929325178895,-68.86674785159965,126.38006587652929,-9.533204326459309,-8.170772624740291,141.84494884418467,-56.44646778478312
0.44135,78.40454016270988,-118.20907667102243,-68.87162639977112,126.37983557939837,-9.532913762938776,-8.17075890837592,141.84730425898707,-56.444875026616884
0.4414,78.40917408257809,-118.20877020368825,-68.87654348574621,126.37951038468746,-9.532630596831899,-8.170740180999209,141.8496102686941,-56.443246790391655
0.44145,78.41385051703432,-118.20837218045688,-68.88149550530862,126.37908890570692,-9.532355011725707,-8.170716725250022,141.8518635988305,-56.44158385475961
0.4415,78.4185659848805,-118.20788106218788,-68.88647880446132,126.37856989267694,-9.532087180419202,-8.17068883048899,141.85406104986004,-56.439887047548766
0.44155,78.42331694944666,-118.20729544209006,-68.89148968477102,126.37795223447816,-9.531827264675654,-8.170656792388046,141.8561995017734,-56.438157244525804
0.44160000000000005,78.42809982344441,-118.20661404775383,-68.8965244084494,126.37723496026184,-9.531575414995022,-8.170620912508026,141.85827591843486,-56.43639536821366
0.44165000000000004,78.43291097418734,-118.20583574294304,-68.9015792037888,126.37641724081352,-9.531331770398555,-8.170581497870492,141.860287351931,-56.434602386533314
0.44170000000000004,78.43774672876387,-118.20495952920301,-68.90665027053417,126.37549838972471,-9.531096458229712,-8.170538860521658,141.8622309467401,-56.432779311421996
0.44175000000000003,78.44260337913934,-118.20398454731409,-68.91173378516255,126.37447786440111,-9.530869593976815,-8.170493317087024,141.86410394373422,-56.43092719744216
0.4418,78.44747718760546,-118.2029100784688,-68.91682590650173,126.37335526679139,-9.530651281103731,-8.17044518832253,141.86590368414275,-56.42904714021326
0.44185,78.45236439195696,-118.2017355453325,-68.92192278104955,126.37213034398953,-9.530441610907436,-8.170394798657039,141.86762761326884,-56.42714027491074
0.4419,78.45726121087611,-118.20046051285438,-68.9270205484907,126.37080298858562,-9.53024066238544,-8.170342475731218,141.86927328411355,-56.425207774640846
0.44195,78.4621638494041,-118.19908468885878,-68.93211534728091,126.36937323879116,-9.530048502123197,-8.170288549932385,141.87083836086524,-56.42325084873845
0.442,78.46706850417331,-118.19760792451314,-68.93720331997164,126.36784127843603,-9.529865184201675,-8.170233353922827,141.87232062215503,-56.421270741119294
0.44205,78.47197136896979,-118.19603021448869,-68.94228061885204,126.36620743665726,-9.529690750117759,-8.17017722216855,141.8737179642401,-56.41926872845376
0.44210000000000005,78.47686864008261,-118.19435169699318,-68.94734341135587,126.36447218745478,-9.529525228726756,-8.170120490461548,141.87502840396297,-56.417246118385194
0.44215000000000004,78.48175652166105,-118.19257265359062,-68.95238788545888,126.36263614903412,-9.52936863620219,-8.170063495443488,141.87625008153967,-56.41520424769925
0.44220000000000004,78.48663123125725,-118.19069350874732,-68.95741025524791,126.36070008287408,-9.529220976009364,-8.170006574126713,141.87738126322324,-56.41314448037094
0.44225000000000003,78.49148900505249,-118.1887148292906,-68.9624067661474,126.35866489270465,-9.529082238905106,-8.169950063414039,141.87842034372125,-56.4110682056998
0.4423,78.49632610329697,-118.1866373235639,-68.96737370035024,126.35653162318478,-9.528952402946745,-8.16989429962083,141.87936584847978,-56.40897683630649
0.44235,78.50113881564505,-118.18446184041764,-68.97230738211896,126.35430145841242,-9.528831433526095,-8.169839617994773,141.8802164357748,-56.40687180612897
0.4424,78.50592346634132,-118.18218936803585,-68.97720418292413,126.35197572027724,-9.528719283417226,-8.169786352241346,141.88097089858573,-56.40475456843306
0.44245,78.51067641955548,-118.17982103248839,-68.9820605267111,126.34955586653516,-9.52861589284435,-8.169734834046825,141.8816281663244,-56.402626593712576
0.4425,78.51539408449322,-118.17735809615354,-68.98687289492669,126.34704348876102,-9.528521189566547,-8.169685392607446,141.8821873063345,-56.400489367636595
0.44255,78.5200729204897,-118.17480195593112,-68.99163783150901,126.34444031009352,-9.528435088980675,-8.169638354162394,141.88264752520854,-56.398344388956545
0.44260000000000005,78.52470944212757,-118.17215414121382,-68.99635194788632,126.34174818274053,-9.528357494241241,-8.169594041526715,141.88300816991918,-56.396193167351555
0.44265000000000004,78.52930022409377,-118.16941631176397,-69.00101192769478,126.33896908539977,-9.528288296398998,-8.169552773635763,141.8832687287294,-56.39403722134114
0.44270000000000004,78.53384190611085,-118.16659025532319,-69.00561453155562,126.33610512041153,-9.528227374555225,-8.169514865088326,141.88342883192334,-56.39187807611345
0.44275000000000003,78.53833119773282,-118.16367788505602,-69.01015660169861,126.33315851075668,-9.528174596034216,-8.169480625700604,141.8834882523264,-56.389717261362414
0.4428,78.54276488294708,-118.16068123687954,-69.01463506637576,126.33013159694595,-9.528129816571354,-8.169450360066387,141.8834469056252,-56.387556309164715
0.44285,78.54713982484789,-118.15760246650294,-69.01904694432872,126.32702683362425,-9.528092880519162,-8.169424367121337,141.88330485048743,-56.3853967517681
0.4429,78.55145297003529,-118.15444384640263,-69.0233893489678,126.32384678612304,-9.528063621067517,-8.169402939720385,141.8830622884789,-56.383240119457554
0.44295,78.55570135294296,-118.15120776260257,-69.02765949245993,126.32059412682175,-9.528041860483025,-8.169386364219168,141.8827195637807,-56.38108793840176
0.443,78.55988210015443,-118.14789671120764,-69.03185468979586,126.31727163127547,-9.528027410358572,-8.169374920067796,141.88227716269694,-56.378941728448076
0.44305,78.56399243435419,-118.14451329495542,-69.03597236246902,126.31388217436857,-9.528020071885164,-8.169368879413145,141.8817357129774,-56.376803001044074
0.4431,78.56802967838154,-118.14106021943468,-69.04001004224969,126.31042872614552,-9.52801963613185,-8.169368506710827,141.88109598292203,-56.37467325704962
0.44315000000000004,78.57199125902447,-118.13754028924768,-69.04396537468088,126.3069143475986,-9.528025884343592,-8.169374058350916,141.88035888029688,-56.37255398462334
0.44320000000000004,78.57587471060141,-118.1339564040856,-69.04783612234762,126.30334218637681,-9.528038588253837,-8.169385782291185,141.8795254510619,-56.370446657160336
0.44325000000000003,78.57967767859819,-118.13031155449409,-69.05162016819148,126.29971547220009,-9.528057510406725,-8.169403917705967,141.87859687787378,-56.36835273114141
0.4433,78.58339792289935,-118.12660881772047,-69.05531551840205,126.29603751236525,-9.5280824044973,-8.169428694644775,141.87757447843367,-56.36627364413606
0.44335,78.58703332102125,-118.12285135329769,-69.0589203053003,126.29231168700342,-9.528113015720947,-8.169460333705707,141.8764597036188,-56.36421081274527
0.4434,78.59058187117984,-118.11904239850223,-69.06243279004548,126.28854144422387,-9.528149081134373,-8.169499045721622,141.8752541354192,-56.36216563057064
0.44345,78.59404169502432,-118.11518526385905,-69.06585136499147,126.28473029531918,-9.528190330032919,-8.169545031460093,141.87395948473053,-56.36013946630536
0.4435,78.59741104042526,-118.11128332831893,-69.06917455609315,126.28088180965659,-9.528236484332085,-8.169598481337655,141.87257758890541,-56.35813366173256
0.44355,78.6006882839135,-118.10734003450487,-69.0724010249485,126.27699960965481,-9.528287258964994,-8.169659575149963,141.87111040917068,-56.35614952985527
0.4436,78.60387193294483,-118.10335888385914,-69.07552957065577,126.27308736567278,-9.528342362289047,-8.169728481813628,141.86956002786653,-56.354188353061595
0.44365000000000004,78.60696062814094,-118.09934343154218,-69.07855913164364,126.26914879067115,-9.528401496497338,-8.169805359128935,141.86792864546746,-56.35225138124098
0.44370000000000004,78.60995314509798,-118.0952972815077,-69.08148878705215,126.26518763506084,-9.528464358045856,-8.169890353553113,141.86621857751118,-56.35033983008403
0.44375000000000003,78.61284839620457,-118.0912240812966,-69.08431775812164,126.26120768129017,-9.528530638082914,-8.169983599993541,141.86443225129986,-56.34845487931484
0.44380000000000003,78.61564543218955,-118.08712751683738,-69.08704540930067,126.25721273845207,-9.528600022888922,-8.170085221614649,141.8625722024578,-56.346597671014244
0.44385,78.618343443403,-118.08301130729797,-69.08967124907885,126.25320663696166,-9.52867219432416,-8.170195329663688,141.860641071385,-56.34476930804283
0.4439,78.6209417610574,-118.07887919967195,-69.09219493077818,126.24919322298311,-9.528746830279186,-8.170314023311176,141.85864159946794,-56.34297085241649
0.44395,78.62343985811788,-118.07473496353354,-69.09461625298316,126.24517635304473,-9.52882360513473,-8.17044138951115,141.85657662523712,-56.341203323836254
0.444,78.62583735006837,-118.07058238566606,-69.09693515984499,126.24115988854379,-9.528902190223388,-8.170577502877704,141.85444908035052,-56.33946769823005
0.44405,78.62813399548139,-118.06642526461033,-69.09915174118284,126.23714769018697,-9.528982254298562,-8.17072242557658,141.85226198540224,-56.33776490634121
0.4441,78.63032969632036,-118.06226740536215,-69.10126623231587,126.23314361260225,-9.529063464004473,-8.170876207240074,141.8500184457065,-56.336095832438716
0.44415000000000004,78.6324244981078,-118.05811261388294,-69.10327901375645,126.22915149877637,-9.529145484351332,-8.17103888489344,141.8477216468523,-56.33446131302938
0.44420000000000004,78.63441858986067,-118.05396469169435,-69.10519061066934,126.2251751745976,-9.529227979191328,-8.171210482903243,141.8453748501982,-56.332862135665664
0.44425000000000003,78.63631230379687,-118.04982743053587,-69.1070016921003,126.22121844348044,-9.529310611696568,-8.171391012944559,141.84298138829277,-56.33129903784325
0.44430000000000003,78.63810611489741,-118.04570460686531,-69.10871307005854,126.2172850808458,-9.5293930448389,-8.17158047398047,141.8405446600836,-56.32977270591056
0.44435,78.63980064020434,-118.04159997657736,-69.11032569833566,126.21337882884494,-9.529474941868669,-8.171778852267542,141.83806812616066,-56.32828377411473
0.4444,78.64139663794946,-118.03751726963438,-69.11184067115562,126.20950339100767,-9.52955596679385,-8.171986121373275,141.83555530383248,-56.32683282368361
0.44445,78.64289500649137,-118.03346018470667,-69.11325922163293,126.20566242691982,-9.529635784858467,-8.172202242213137,141.83300976210285,-56.325420381973096
0.4445,78.64429678300185,-118.02943238402378,-69.11458271998332,126.2018595471319,-9.529714063018512,-8.172427163108107,141.8304351166833,-56.32404692174502
0.44455,78.64560314202704,-118.02543748805357,-69.11581267161144,126.19809830790979,-9.529790470415614,-8.172660819856196,141.8278350247921,-56.322712860447446
0.4446,78.64681539380805,-118.02147907039513,-69.11695071496078,126.19438220622054,-9.529864678847279,-8.172903135825381,141.82521317999647,-56.32141855962281
0.44465000000000005,78.64793498239753,-118.01756065274422,-69.11799861916322,126.19071467480677,-9.529936363234343,-8.173154022062526,141.8225733070007,-56.32016432440008
0.44470000000000004,78.64896348363348,-118.01368569977275,-69.11895828155012,126.18709907719052,-9.530005202083382,-8.173413377417775,141.81991915628302,-56.31895040301484
0.44475000000000003,78.64990260287121,-118.00985761431876,-69.1198317249273,126.18353870301009,-9.53007087794389,-8.173681088691264,141.81725449885468,-56.31777698647951
0.44480000000000003,78.65075417257063,-118.00607973248272,-69.12062109471076,126.18003676327488,-9.53013307785993,-8.17395703079213,141.81458312085962,-56.316644208280714
0.44485,78.65152014970428,-118.00235531884937,-69.12132865588958,126.1765963857669,-9.53019149381467,-8.174241066917487,141.8119088181783,-56.31555214416439
0.4449,78.65220261294373,-117.99868756195366,-69.1219567897745,126.17322061070128,-9.53024582316923,-8.174533048747561,141.80923539110952,-56.31450081204983
0.44495,78.6528037597197,-117.99507956962468,-69.12250799062619,126.16991238627885,-9.530295769093515,-8.174832816654131,141.80656663887973,-56.313490171958335
0.445,78.65332590310308,-117.99153436462852,-69.12298486211597,126.16667456455943,-9.530341040987096,-8.175140199930878,141.80390635429993,-56.312520126069025
0.44505,78.65377146849099,-117.98805488039677,-69.12339011359686,126.16350989743088,-9.530381354894153,-8.175455017034064,141.8012583183842,-56.31159051885913
0.4451,78.65414299018374,-117.98464395674554,-69.1237265562774,126.16042103258637,-9.530416433906312,-8.1757770758408,141.7986262948985,-56.31070113727878
0.44515000000000005,78.65444310775557,-117.98130433597427,-69.1239970991983,126.15741050989789,-9.530446008557263,-8.176106173923616,141.79601402510912,-56.30985171108044
0.44520000000000004,78.65467456232228,-117.97803865886033,-69.12420474511715,126.15448075769797,-9.53046981720515,-8.176442098837601,141.793425222386,-56.30904191315968
0.44525000000000003,78.65484019263228,-117.97484946091761,-69.12435258622699,126.15163408934025,-9.530487606405313,-8.176784628422615,141.79086356692625,-56.308271360014736
0.44530000000000003,78.6549429310177,-117.97173916887506,-69.12444379974643,126.1488726999947,-9.530499131271299,-8.177133531119583,141.78833270058132,-56.307539612302804
0.44535,78.65498579923958,-117.96871009709098,-69.12448164341716,126.14619866338994,-9.530504155822422,-8.177488566298925,141.78583622157072,-56.30684617541793
0.4454,78.65497190417818,-117.96576444436892,-69.12446945085821,126.14361392897298,-9.530502453319997,-8.177849484604097,141.78337767944234,-56.306190500211564
0.44545,78.65490443342587,-117.9629042907999,-69.12441062683682,126.14112031910615,-9.530493806589101,-8.17821602830622,141.78096056999956,-56.30557198375218
0.4455,78.65478665074416,-117.96013159473783,-69.12430864241615,126.13871952640754,-9.530478008328023,-8.178587931669707,141.77858833026215,-56.30498997016133
0.44555,78.65462189141448,-117.95744819014695,-69.12416703001072,126.13641311147792,-9.530454861403777,-8.178964921330921,141.77626433367675,-56.30444375156935
0.4456,78.65441355751663,-117.95485578386005,-69.12398937838591,126.13420250054766,-9.53042417913074,-8.179346716687592,141.77399188521173,-56.303932569076316
0.44565000000000005,78.65416511305001,-117.95235595321988,-69.12377932751106,126.13208898351533,-9.530385785538947,-8.179733030295482,141.77177421668256,-56.3034556138525
0.44570000000000004,78.65388007905567,-117.9499501438582,-69.12354056343435,126.13007371213962,-9.530339515621327,-8.180123568281386,141.76961448219114,-56.303012028270444
0.44575000000000004,78.65356202857168,-117.94763966753789,-69.12327681300145,126.1281576982954,-9.53028521557024,-8.180518030757506,141.7675157535242,-56.302600907108065
0.44580000000000003,78.65321458155759,-117.94542570041025,-69.12299183856113,126.12634181265992,-9.530222742996477,-8.180916112249603,141.76548101587898,-56.302221298856324
0.44585,78.65284139976227,-117.94330928127005,-69.1226894326319,126.12462678340195,-9.530151967130365,-8.181317502131932,141.76351316355516,-56.3018722070464
0.4459,78.65244618148418,-117.94129131005701,-69.1223734124748,126.12301319512446,-9.530072769009386,-8.181721885067466,141.7616149957914,-56.3015525916694
0.44595,78.65203265634106,-117.93937254667833,-69.12204761469454,126.12150148813652,-9.529985041646547,-8.18212894145817,141.75978921287347,-56.30126137066592
0.446,78.65160457995083,-117.93755360979769,-69.12171588976871,126.12009195769676,-9.52988869018212,-8.18253834789906,141.758038412165,-56.30099742143912
0.44605,78.6511657285797,-117.93583497604243,-69.12138209655967,126.11878475367969,-9.529783632020036,-8.182949777637251,141.75636508446746,-56.30075958247361
0.4461,78.65071989380337,-117.93421697932503,-69.12105009685996,126.11757988036419,-9.52966979694342,-8.183362901039171,141.7547716104824,-56.30054665497675
0.44615000000000005,78.65027087706454,-117.93269981028854,-69.12072374984805,126.11647719634465,-9.52954712721652,-8.183777386056077,141.75326025731914,-56.30035740458366
0.44620000000000004,78.64982248431203,-117.93128351614686,-69.12040690664674,126.11547641484651,-9.52941557766529,-8.184192898699619,141.75183317537594,-56.300190563124445
0.44625000000000004,78.64937852055769,-117.9299680005421,-69.120103404815,126.11457710405655,-9.529275115742674,-8.184609103514482,141.75049239519012,-56.30004483042395
0.44630000000000003,78.64894278447109,-117.92875302367129,-69.11981706289716,126.11377868772857,-9.529125721573939,-8.185025664057289,141.74923982453333,-56.29991887615029
0.44635,78.64851906299927,-117.92763820271699,-69.11955167501398,126.11308044609194,-9.528967387985292,-8.185442243374933,141.74807724577389,-56.29981134172406
0.4464,78.64811112592642,-117.92662301227783,-69.11931100541128,126.11248151675989,-9.528800120515161,-8.185858504482015,141.74700631320567,-56.299720842248696
0.44645,78.64772272056891,-117.92570678519282,-69.11909878316453,126.11198089603586,-9.528623937404355,-8.186274110843064,141.74602855078078,-56.29964596848461
0.4465,78.64735756641636,-117.92488871348897,-69.11891869684466,126.11157744033828,-9.528438869571717,-8.186688726849281,141.74514534991494,-56.29958528886996
0.44655,78.64701934982197,-117.92416784945937,-69.11877438925198,126.11126986775494,-9.528244960569985,-8.18710201829561,141.7443579674293,-56.299537351554896
0.4466,78.64671171881753,-117.92354310711313,-69.11866945229534,126.11105675997212,-9.528042266522204,-8.187513652858957,141.74366752387198,-56.299500686478055
0.44665000000000005,78.64643827785854,-117.9230132636435,-69.11860742181403,126.11093656421046,-9.527830856044519,-8.187923300566933,141.74307500181604,-56.299473807471344
0.44670000000000004,78.6462025827345,-117.92257696117524,-69.1185917725885,126.11090759544605,-9.527610810146033,-8.188330634270747,141.7425812444828,-56.29945521437237
0.44675000000000004,78.64600813551723,-117.92223270876609,-69.11862591340193,126.11096803887457,-9.527382222115332,-8.188735330108452,141.74218695459805,-56.299443395181655
0.44680000000000003,78.64585837953203,-117.92197888441599,-69.1187131821446,126.11111595238177,-9.527145197387435,-8.189137067965769,141.74189269326857,-56.29943682821433
0.44685,78.64575669452496,-117.92181373746726,-69.11885684113233,126.11134926940038,-9.526899853392642,-8.189535531933103,141.7416988792936,-56.299433984273946
0.4469,78.6457063918088,-117.92173539106808,-69.11906007241758,126.11166580182093,-9.526646319391258,-8.189930410752797,141.74160578851811,-56.29943332884799
0.44695,78.64571070955601,-117.92174184478937,-69.11932597326762,126.11206324305256,-9.526384736288373,-8.190321398263208,141.74161355339623,-56.29943332428851
0.447,78.64577280822505,-117.92183097757928,-69.1196575517909,126.11253917141313,-9.526115256434162,-8.190708193833846,141.74172216291055,-56.299432432023806
0.44705,78.64589576602759,-117.9220005506659,-69.12005772262093,126.11309105345899,-9.525838043406685,-8.191090502793049,141.74193146247205,-56.29942911474476
0.4471,78.64608257455944,-117.92224821080778,-69.12052930277976,126.11371624765475,-9.525553271779708,-8.19146803684694,141.7422411542014,-56.29942183861402
0.44715000000000005,78.64633613457306,-117.92257149365632,-69.12107500769892,126.11441200814596,-9.525261126874176,-8.191840514489598,141.74265079738257,-56.299409075452665
0.44720000000000004,78.64665925179949,-117.92296782717428,-69.12169744730546,126.11517548857842,-9.524961804494062,-8.192207661404101,141.74315980899198,-56.299389304922414
0.44725000000000004,78.6470546330078,-117.92343453540484,-69.12239912235881,126.11600374625631,-9.524655510648984,-8.192569210851468,141.7437674646516,-56.29936101670648
0.44730000000000003,78.64752488213543,-117.92396884220139,-69.12318242087589,126.11689374625335,-9.52434246125956,-8.192924904051921,141.74447289958997,-56.29932271265721
0.44735,78.6480724965527,-117.92456787518545,-69.1240496147004,126.11784236573607,-9.524022881852321,-8.193274490550602,141.7452751098682,-56.29927290894943
0.4474,78.64869986358005,-117.92522866989195,-69.12500285634307,126.11884639846802,-9.523697007236972,-8.19361772857606,141.74617295390308,-56.2992101381902
0.44745,78.64940925702193,-117.92594817389148,-69.1260441758485,126.11990255927456,-9.523365081173429,-8.193954385383055,141.74716515398066,-56.29913295151718
0.4475,78.65020283396608,-117.92672325120988,-69.12717547794107,126.12100748879342,-9.523027356025034,-8.194284237583528,141.74825029816574,-56.29903992067379
0.44755,78.65108263174059,-117.92755068676747,-69.12839853934189,126.12215775823293,-9.522684092398734,-8.194607071465423,141.74942684231567,-56.29892964003492
0.4476,78.65205056493468,-117.92842719091364,-69.12971500615885,126.12334987420869,-9.522335558775847,-8.194922683295037,141.750693112209,-56.29880072863179
0.44765000000000005,78.65310842277293,-117.92934940418151,-69.1311263916439,126.12458028378953,-9.521982031129022,-8.195230879607974,141.7520473060548,-56.29865183210642
0.44770000000000004,78.6542578665089,-117.93031390199434,-69.13263407397957,126.12584537947922,-9.521623792529384,-8.195531477484842,141.753487496972,-56.298481624647884
0.44775000000000004,78.65550042705503,-117.93131719956882,-69.13423929430931,126.12714150437813,-9.521261132745744,-8.195824304809278,141.75501163576467,-56.298288810892174
0.44780000000000003,78.65683750287975,-117.93235575689286,-69.13594315505046,126.12846495740895,-9.520894347829357,-8.196109200516036,141.75661755390743,-56.29807212774807
0.44785,78.6582703579043,-117.93342598370921,-69.13774661820771,126.1298119985255,-9.520523739696586,-8.196386014816257,141.75830296653592,-56.29783034622325
0.4479,78.65980011981028,-117.93452424466673,-69.13965050411477,126.13117885408117,-9.52014961569551,-8.196654609414436,141.76006547580457,-56.297562273148806
0.44795,78.66142777838614,-117.93564686448585,-69.14165549021426,126.1325617221879,-9.519772288171879,-8.196914857702005,141.7619025742776,-56.29726675289292
0.448,78.66315418408601,-117.93679013315067,-69.14376211006253,126.13395677808944,-9.51939207402351,-8.197166644938742,141.76381164846023,-56.29694266900779
0.44805,78.66498004692158,-117.93795031124222,-69.14597075267295,126.13536017965909,-9.519009294248606,-8.197409868416901,141.7657899826316,-56.29658894579532
0.4481,78.6669059353365,-117.93912363521133,-69.14828166184533,126.1367680728165,-9.518624273491216,-8.197644437605152,141.76783476261724,-56.29620454986391
0.44815000000000005,78.66893227546817,-117.94030632274401,-69.15069493589056,126.13817659702353,-9.518237339577622,-8.197870274279474,141.76994307985345,-56.2957884915747
0.44820000000000004,78.67105935054708,-117.94149457817304,-69.15321052749647,126.13958189080621,-9.517848823050596,-8.198087312633165,141.77211193556553,-56.2953398264508
0.44825000000000004,78.67328730041739,-117.94268459782097,-69.15582824371694,126.1409800971911,-9.517459056700538,-8.198295499370104,141.77433824495566,-56.29485765652946
0.44830000000000003,78.6756161214456,-117.94387257545891,-69.15854774635663,126.14236736924163,-9.517068375088941,-8.198494793782727,141.77661884170166,-56.294341131608455
0.44835,78.6780456664472,-117.94505470770557,-69.16136855237099,126.14373987551251,-9.516677114076208,-8.19868516780692,141.77895048241544,-56.29378945047228
0.4484,78.68057564490437,-117.94622719941201,-69.16429003456345,126.14509380547672,-9.51628561034088,-8.198866606064705,141.78132985124958,-56.29320186201619
0.44845,78.6832056234358,-117.94738626911739,-69.16731142253307,126.14642537500127,-9.515894200902729,-8.199039105883864,141.78375356470238,-56.29257766630051
0.4485,78.68593502633583,-117.94852815436184,-69.17043180369394,126.1477308316656,-9.515503222641868,-8.199202677303738,141.7862181763412,-56.29191621554885
0.44855,78.68876313643881,-117.94964911708563,-69.17365012461777,126.14900646014478,-9.515113011821061,-8.19935734305911,141.78872018177677,-56.291216915055465
0.4486,78.69168909615325,-117.95074544893991,-69.1769651925474,126.15024858748893,-9.51472390360589,-8.19950313854899,141.79125602365707,-56.290479224015
0.44865000000000005,78.6947119086165,-117.95181347652614,-69.18037567702729,126.15145358831253,-9.514336231589203,-8.19964011178635,141.79382209666738,-56.28970265629514
0.44870000000000004,78.69783043919573,-117.95284956667724,-69.18388011188011,126.15261789000614,-9.513950327315614,-8.199768323328891,141.796414752756,-56.28888678110153
0.44875000000000004,78.70104341704847,-117.95385013157788,-69.18747689723796,126.15373797777204,-9.513566519810531,-8.199887846194153,141.79903030625732,-56.28803122358624
0.44880000000000003,78.70434943691737,-117.95481163388936,-69.1911643018053,126.15481039964374,-9.51318513511208,-8.199998765754371,141.80166503914796,-56.28713566537799
0.44885,78.70774696120488,-117.9557305917935,-69.19494046539772,126.15583177140917,-9.512806495807185,-8.20010117961561,141.80431520638862,-56.286199844999906
0.4489,78.71123432206345,-117.95660358390793,-69.19880340149123,126.15679878138765,-9.512430920572223,-8.200195197479713,141.8069770411667,-56.28522355825296
0.44895,78.71480972383537,-117.95742725419409,-69.20275100011432,126.15770819518049,-9.512058723721097,-8.20028094098641,141.8096467603248,-56.284206658480066
0.449,78.71847124560504,-117.95819831670752,-69.2067810308491,126.15855686024983,-9.511690214755978,-8.200358543542299,141.8123205697194,-56.283149056757054
0.44905,78.72221684387102,-117.95891356026556,-69.21089114594184,126.15934171039571,-9.511325697929193,-8.200428150130172,141.81499466957524,-56.282050722024906
0.4491,78.72604435553328,-117.95956985305213,-69.21507888372382,126.16005977015358,-9.510965471809468,-8.200489917101427,141.81766525996147,-56.280911681102005
0.44915000000000005,78.72995150091594,-117.96016414702443,-69.21934167205902,126.16070815898108,-9.510609828856959,-8.200544011956636,141.82032854612035,-56.27973201864043
0.44920000000000004,78.73393588700822,-117.96069348228338,-69.22367683200034,126.1612840953878,-9.510259055007909,-8.200590613104415,141.82298074388626,-56.278511877000994
0.44925000000000004,78.73799501093787,-117.96115499127126,-69.22808158167082,126.16178490088092,-9.509913429267058,-8.20062990960965,141.82561808508785,-56.27725145601191
0.44930000000000003,78.7421262634198,-117.96154590284462,-69.23255304010833,126.16220800376833,-9.509573223311449,-8.200662100923726,141.82823682283183,-56.275951012708326
0.44935,78.74632693256764,-117.96186354623329,-69.23708823146357,126.1625509428336,-9.509238701104094,-8.200687396600335,141.83083323689172,-56.27461086092498
0.4494,78.75059420770651,-117.962105354826,-69.24168408918885,126.16281137082429,-9.508910118517667,-8.200706015998204,141.83340363895218,-56.27323137085026
0.44945,78.7549251833388,-117.96226886982576,-69.24633746036662,126.16298705779424,-9.508587722972175,-8.20071818796843,141.83594437782813,-56.271812968500456
0.4495,78.75931686338203,-117.96235174374257,-69.25104511030219,126.16307589427275,-9.508271753079834,-8.200724150530162,141.83845184469922,-56.270356135067
0.44955,78.76376616530007,-117.96235174374387,-69.25580372699005,126.16307589427386,-9.50796243831003,-8.200724150530002,141.84092247816503,-56.26886140626847
0.4496,78.7682699245794,-117.96226675481562,-69.2606099259208,126.16298519810877,-9.507659998658617,-8.20071844329313,141.84335276933382,-56.26732937154545
0.44965,78.77282489922013,-117.96209478278483,-69.2654602548821,126.16280207504299,-9.507364644338042,-8.200707292258151,141.84573926680318,-56.2657606732202
0.44970000000000004,78.77742777427395,-117.96183395715187,-69.27035119879665,126.16252492575515,-9.507076575477305,-8.200690968603228,141.8480785815078,-56.264156005599226
0.44975000000000004,78.78207516667908,-117.9614825337409,-69.27527918484282,126.162152284602,-9.506795981836262,-8.200669750861099,141.8503673915804,-56.26251611393646
0.44980000000000003,78.7867636299728,-117.96103889719939,-69.28024058743533,126.16168282172038,-9.506523042537472,-8.200643924520978,141.8526024470182,-56.26084179340491
0.44985,78.79148965921989,-117.96050156328187,-69.28523173340942,126.16111534490635,-9.506257925810509,-8.200613781624444,141.85478057429003,-56.259133887948835
0.4499,78.7962496960606,-117.95986918095977,-69.2902489073091,126.16044880130876,-9.506000788751502,-8.200579620348993,141.85689868086456,-56.257393289057994
0.44995,78.80104013365758,-117.9591405343603,-69.29528835655488,126.1596822789439,-9.50575177710273,-8.20054174458365,141.85895375953987,-56.25562093453893
0.45,78.80585732192249,-117.95831454447865,-69.30034629688046,126.15881500797589,-9.505511025042052,-8.20050046349718,141.86094289274047,-56.253817807142866
0.45005,78.81069757268314,-117.95739027071883,-69.30541891768887,126.15784636181687,-9.505278654994267,-8.200456091098006,141.8628632566381,-56.251984933176566
0.4501,78.81555716488191,-117.95636691223586,-69.31050238742627,126.15677585802419,-9.505054777455635,-8.200408945788272,141.8647121251257,-56.250123381059566
0.45015,78.82043234996402,-117.95524380905998,-69.31559285912705,126.15560315897027,-9.504839490836968,-8.20035934991031,141.8664868737153,-56.2482342597702
0.45020000000000004,78.82531935711295,-117.9540204430576,-69.32068647578859,126.15432807234522,-9.50463288132439,-8.200307629287654,141.86818498321634,-56.246318717307744
0.45025000000000004,78.83021439865425,-117.95269643865682,-69.32577937589781,126.15295055141928,-9.50443502275643,-8.200254112762472,141.86980404331192,-56.24437793904662
0.45030000000000003,78.83511367548263,-117.95127156337288,-69.33086769896461,126.15147069509977,-9.504245976518028,-8.200199131726874,141.87134175598257,-56.24241314603938
0.45035000000000003,78.84001338237972,-117.949745728159,-69.33594759092496,126.14988874781201,-9.504065791454796,-8.20014301965295,141.87279593872523,-56.24042559331847
0.4504,78.84490971351515,-117.94811898751021,-69.34101520971366,126.14820509912741,-9.503894503801511,-8.200086111617171,141.87416452766945,-56.2384165680825
0.45045,78.8497988678074,-117.94639153940483,-69.34606673067417,126.14642028322832,-9.503732137133214,-8.200028743823507,141.87544558048185,-56.23638738789439
0.4505,78.85467705432269,-117.94456372501875,-69.35109835199358,126.14453497814556,-9.503578702329113,-8.199971253126792,141.87663727910433,-56.23433939881708
0.45055,78.85954049773198,-117.94263602822444,-69.35610630017327,126.14255000477614,-9.503434197558734,-8.19991397655166,141.87773793234672,-56.232273973482584
0.4506,78.8643854435982,-117.94060907492896,-69.36108683531421,126.14046632574329,-9.503298608283977,-8.199857250814345,141.878745978253,-56.23019250918311
0.45065,78.86920816376362,-117.93848363216848,-69.36603625648338,126.13828504401164,-9.503171907280226,-8.199801411843177,141.87965998632203,-56.228096425874945
0.45070000000000005,78.8740049616801,-117.93626060700194,-69.37095090700655,126.13600740130312,-9.50305405467355,-8.199746794301175,141.88047865953166,-56.225987164157466
0.45075000000000004,78.87877217758407,-117.93394104525967,-69.37582717958448,126.1336347763699,-9.502944997999622,-8.199693731110228,141.88120083615726,-56.22386618327269
0.45080000000000003,78.88350619378956,-117.93152613001712,-69.38066152151296,126.13116868299316,-9.502844672276625,-8.199642552975982,141.88182549142982,-56.221734959004294
0.45085000000000003,78.8882034397839,-117.9290171799334,-69.38545043968497,126.12861076785249,-9.50275300009892,-8.199593587919136,141.88235173897337,-56.219594981613334
0.4509,78.89286039729531,-117.9264156473837,-69.39019050554879,126.12596280819149,-9.50266989174653,-8.199547160807773,141.8827788320578,-56.217447753737744
0.45095,78.89747360537365,-117.92372311635081,-69.39487836006147,126.12322670924694,-9.502595245312191,-8.199503592896107,141.88310616466077,-56.21529478823403
0.451,78.90203966521598,-117.92094130022659,-69.39951071836876,126.12040450159381,-9.50252894684722,-8.199463201367207,141.88333327231496,-56.21313760608478
0.45105,78.90655524505792,-117.91807203934383,-69.40408437453397,126.11749833822468,-9.502470870523975,-8.19942629888083,141.88345983277,-56.210977734223945
0.4511,78.9110170849322,-117.91511729834376,-69.40859620611957,126.1145104914743,-9.502420878812607,-8.199393193130573,141.88348566644615,-56.20881670337019
0.45115,78.91542200121161,-117.91207916344332,-69.41304317853087,126.11144334984714,-9.502378822680752,-8.19936418640378,141.88341073668704,-56.2066560459101
0.45120000000000005,78.91976689126685,-117.90895983938233,-69.41742234946622,126.10829941453618,-9.502344541800639,-8.199339575153804,141.88323514981246,-56.20449729367122
0.45125000000000004,78.92404873778511,-117.90576164635034,-69.4217308730045,126.10508129592804,-9.50231786478062,-8.19931964957768,141.8829591549678,-56.20234197580414
0.45130000000000003,78.92826461307568,-117.90248701667846,-69.4259660036675,126.10179170988043,-9.502298609408216,-8.19930469320194,141.88258314377325,-56.20019161661624
0.45135000000000003,78.93241168329747,-117.89913849133261,-69.43012510038945,126.09843347381403,-9.50228658290803,-8.199294982481419,141.88210764976668,-56.19804773338662
0.4514,78.93648721239076,-117.89571871637374,-69.43420563017287,126.09500950277815,-9.502281582217917,-8.199290786404385,141.88153334765678,-56.19591183427266
0.45145,78.9404885660495,-117.89223043913216,-69.43820517177282,126.09152280524249,-9.50228339427667,-8.199292366110342,141.88086105236334,-56.19378541613821
0.4515,78.94441321545155,-117.88867650431258,-69.44212141912514,126.08797647883205,-9.502291796326446,-8.199299974519393,141.88009171786726,-56.19166996244697
0.45155,78.94825874080293,-117.88505984999188,-69.44595218457098,126.08437370596309,-9.502306556231948,-8.199313855971221,141.8792264358702,-56.18956694119353
0.4516,78.95202283487558,-117.88138350335774,-69.44969540206814,126.08071774923614,-9.502327432807434,-8.199334245878415,141.87826643423728,-56.187477802777636
0.45165,78.95570330619508,-117.87765057648473,-69.45334913003212,126.07701194687594,-9.50235417616297,-8.199361370391197,141.87721307527767,-56.1854039780035
0.45170000000000005,78.95929808220706,-117.87386426186522,-69.45691155414929,126.07325970794093,-9.502386528057778,-8.199395446075652,141.87606785381195,-56.18334687603028
0.45175000000000004,78.96280521223511,-117.8700278278541,-69.46038098996662,126.06946450745973,-9.502424222268509,-8.199436679605578,141.87483239505337,-56.18130788237219
0.45180000000000003,78.96622287020838,-117.86614461407413,-69.46375588524093,126.06562988154369,-9.502466984967462,-8.19948526746956,141.87350845232965,-56.17928835696595
0.45185000000000003,78.96954935731804,-117.86221802659844,-69.46703482220607,126.06175942228883,-9.502514535112034,-8.199541395690346,141.87209790458206,-56.177289632210915
0.4519,78.97278310438507,-117.85825153315473,-69.47021651953959,126.05785677271454,-9.502566584845525,-8.199605239559782,141.87060275372278,-56.175313011109765
0.45195,78.9759226741081,-117.85424865818771,-69.47329983420293,126.0539256215794,-9.502622839905223,-8.199676963391672,141.8690251218096,-56.173359765416315
0.452,78.97896676313268,-117.85021297780115,-69.47628376309096,126.04996969808624,-9.502683000041747,-8.199756720285066,141.86736724802185,-56.17143113381485
0.45205,78.98191420385372,-117.84614811474235,-69.4791674444071,126.0459927666512,-9.502746759446637,-8.199844651908812,141.8656314855247,-56.169528320197266
0.4521,78.9847639661286,-117.84205773318817,-69.48195015894298,126.04199862148769,-9.502813807185632,-8.199940888299487,141.86382029811935,-56.1676524919241
0.45215,78.98751515871729,-117.83794553354846,-69.48463133107423,126.0379910812237,-9.502883827643084,-8.200045547675202,141.8619362567568,-56.165804778179776
0.45220000000000005,78.9901670305398,-117.83381524723954,-69.48721052957063,126.03397398350936,-9.502956500969178,-8.20015873626978,141.8599820359257,-56.163986268380796
0.45225000000000004,78.99271897177519,-117.82967063131066,-69.48968746823917,126.0299511794897,-9.503031503536045,-8.200280548179009,141.85796040983038,-56.16219801060279
0.45230000000000004,78.99517051469762,-117.8255154631567,-69.49206200629978,126.02592652838506,-9.503108508397878,-8.200411065228318,141.85587424849467,-56.16044101011358
0.45235000000000003,78.99752133435952,-117.8213535351273,-69.49433414860432,126.02190389198444,-9.503187185755229,-8.200550356857082,141.8537265136945,-56.15871622793285
0.4524,78.99977124905827,-117.8171886490989,-69.496504045633,126.01788712911616,-9.50326720342535,-8.20069848001721,141.85152025473994,-56.1570245794547
0.45245,79.00192022057469,-117.81302461113258,-69.4985719932611,126.01388009022827,-9.503348227313612,-8.200855479095669,141.8492586042006,-56.15536693316454
0.4525,79.0039683542407,-117.80886522600385,-69.5005384323509,126.00988661185164,-9.503429921889845,-8.201021385847756,141.84694477343035,-56.15374410938314
0.45255,79.00591589880307,-117.80471429179698,-69.50240394813889,126.00591051115195,-9.503511950664208,-8.201196219354948,141.8445820480312,-56.15215687909224
0.4526,79.00776324602784,-117.80057559455665,-69.50416926936037,126.00195558055258,-9.503593976667483,-8.201379985995905,141.8421737832202,-56.150605962858684
0.45265,79.00951093019076,-117.79645290281474,-69.50583526726145,125.99802558225215,-9.503675662929322,-8.20157267943741,141.83972339902874,-56.14909202976742
0.45270000000000005,79.01115962729153,-117.79234996230177,-69.50740295433417,125.994124242947,-9.503756672957365,-8.201774280645205,141.83723437550069,-56.147615696487435
0.45275000000000004,79.01271015408413,-117.78827049060162,-69.50887348286693,125.99025524851024,-9.503836671217243,-8.201984757908598,141.8347102477403,-56.146177526385465
0.45280000000000004,79.01416346695343,-117.78421817181267,-69.51024814334549,125.98642223870013,-9.503915323607913,-8.202204066887449,141.83215460087888,-56.14477802869157
0.45285000000000003,79.01552066050057,-117.78019665140532,-69.51152836256165,125.98262880207979,-9.503992297938957,-8.202432150674438,141.82957106504165,-56.143417657805514
0.4529,79.01678296602874,-117.77620953094053,-69.51271570162683,125.97887847081601,-9.504067264401892,-8.202668939875442,141.82696331014247,-56.14209681260433
0.45295,79.01795174978339,-117.772260362989,-69.51381185374441,125.97517471569911,-9.50413989603899,-8.202914352710057,141.8243350407072,-56.14081583587647
0.453,79.01902851098191,-117.76835264611003,-69.51481864177201,125.971520941236,-9.504209869209928,-8.203168295125918,141.8216899906284,-56.139575013839185
0.45305,79.02001487972831,-117.76448981978434,-69.51573801567822,125.96792048071825,-9.50427686405009,-8.203430660933842,141.81903191781623,-56.1383745756834
0.4531,79.02091261464626,-117.76067525962583,-69.51657204971872,125.96437659158411,-9.50434056492752,-8.203701331958262,141.81636459892283,-56.13721469327514
0.45315,79.02172360040322,-117.75691227251737,-69.51732293951223,125.96089245072248,-9.504400660890953,-8.20398017820511,141.81369182394158,-56.13609548087586
0.45320000000000005,79.02244984503965,-117.75320409189158,-69.51799299892816,125.95747114993937,-9.504456846111491,-8.20426705804776,141.81101739081655,-56.135016994960296
0.45325000000000004,79.02309347707586,-117.74955387321653,-69.51858465675645,125.95411569164386,-9.50450882031941,-8.2045618184273,141.80834510009694,-56.13397923415467
0.45330000000000004,79.02365674252871,-117.74596468939522,-69.51910045329952,125.95082898446645,-9.504556289229193,-8.204864295071195,141.80567874946797,-56.13298213918548
0.45335000000000003,79.02414200167738,-117.742439526481,-69.51954303671718,125.9476138392069,-9.504598964960197,-8.205174312725841,141.80302212840283,-56.13202559298327
0.4534,79.02455172573494,-117.7389812794051,-69.51991515929069,125.94447296481289,-9.50463656644423,-8.20549168540777,141.80037901277083,-56.1311094208208
0.45345,79.02488849331662,-117.73559274781645,-69.5202196734897,125.94140896448205,-9.504668819826918,-8.205816216665582,141.79775315942356,-56.13023339054461
0.4535,79.0251549867713,-117.73227663218363,-69.5204595279146,125.93842433204529,-9.504695458856725,-8.2061476998616,141.7951483009212,-56.12939721291155
0.45355,79.02535398838408,-117.729035529872,-69.5206377631213,125.93552144833718,-9.50471622526282,-8.206485918465217,141.7925681401648,-56.128600541963245
0.4536,79.02548837639243,-117.72587193148236,-69.52075750726827,125.93270257784218,-9.504730869124199,-8.206830646359785,141.79001634514017,-56.12784297552225
0.45365,79.02556112091676,-117.72278821733958,-69.5208219716935,125.92996986550618,-9.504739149223294,-8.207181648166557,141.78749654373738,-56.12712405575097
0.45370000000000005,79.02557527971575,-117.71978665403222,-69.52083444632503,125.92732533360903,-9.504740833390725,-8.20753867957678,141.785012318513,-56.12644326978141
0.45375000000000004,79.02553399384388,-117.71686939126438,-69.52079829500904,125.92477087896536,-9.504735698834871,-8.20790148770099,141.78256720165626,-56.12580005044856
0.45380000000000004,79.02544048319518,-117.71403845875949,-69.52071695073714,125.92230827018865,-9.504723532458078,-8.20826981142914,141.78016466993304,-56.12519377707422
0.45385000000000003,79.02529804189766,-117.71129576335315,-69.52059391073622,125.91993914515278,-9.50470413116143,-8.208643381799591,141.7778081397027,-56.12462377634422
0.4539,79.02511003365733,-117.7086430863455,-69.52043273152563,125.91766500873076,-9.504677302131745,-8.209021922385256,141.77550096212082,-56.12408932326177
0.45395,79.02487988694317,-117.70608208090077,-69.5202370238254,125.91548723058382,-9.504642863117787,-8.209405149682967,141.7732464182913,-56.12358964216557
0.454,79.0246110901381,-117.70361426971779,-69.52001044745055,125.91340704323801,-9.504600642687588,-8.209792773520181,141.77104771462362,-56.123123907821295
0.45405,79.02430718655755,-117.70124104290639,-69.51975670608364,125.91142554037187,-9.504550480473938,-8.210184497465471,141.76890797828614,-56.12269124660478
0.4541,79.0239717694095,-117.69896365592359,-69.51947954200763,125.9095436751741,-9.504492227401872,-8.210580019250514,141.76683025267528,-56.12229073771926
0.45415,79.02360847670474,-117.69678322787149,-69.51918273080481,125.90776225907325,-9.504425745899926,-8.210979031201736,141.76481749315695,-56.121921414511824
0.45420000000000005,79.02322098605167,-117.69470073986749,-69.51887007595414,125.90608196054309,-9.504350910097529,-8.211381220675548,141.7628725628023,-56.12158226584596
0.45425000000000004,79.02281300944857,-117.69271703362016,-69.51854540344634,125.90450330412511,-9.504267606002236,-8.211786270504906,141.7609982282929,-56.12127223752237
0.45430000000000004,79.02238828799334,-117.69083281031466,-69.51821255633007,125.90302666976453,-9.504175731663295,-8.212193859449833,141.75919715603578,-56.12099023379819
0.45435000000000003,79.0219505865544,-117.68904862952297,-69.51787538923809,125.9016522921764,-9.504075197316304,-8.212603662653445,141.75747190827744,-56.12073511892609
0.4544,79.021503688437,-117.68736490845801,-69.51753776292713,125.90038026056448,-9.503965925509883,-8.213015352106423,141.75582493950014,-56.1205057187734
0.45445,79.0210513899805,-117.68578192139933,-69.51720353876286,125.89921051851019,-9.503847851217648,-8.213428597110873,141.75425859292235,-56.120300822504156
0.4545,79.02059749516383,-117.68429979922477,-69.51687657323474,125.89814286397743,-9.5037209219291,-8.2138430647526,141.75277509709116,-56.120119184283446
0.45455,79.02014581020988,-117.68291852931956,-69.51656071248502,125.89717694969399,-9.50358509772488,-8.214258420374415,141.75137656278793,-56.11995952506815
0.4546,79.0197001381446,-117.68163795553053,-69.5162597868105,125.89631228358178,-9.503440351334108,-8.21467432805118,141.7500649799458,-56.11982053442414
0.45465,79.01926427339991,-117.68045777839461,-69.51597760522733,125.89554822946289,-9.503286668172612,-8.21509045106825,141.74884221481997,-56.11970087239167
0.45470000000000005,79.01884199642745,-117.67937755561624,-69.51571795006376,125.89488400801727,-9.503124046363705,-8.215506452401,141.74771000737064,-56.119599171404055
0.45475000000000004,79.01843706830078,-117.67839670260989,-69.51548457155995,125.8943186978032,-9.502952496740825,-8.215921995193312,141.74666996869394,-56.119514038226
0.45480000000000004,79.01805322538502,-117.6775144934048,-69.51528118255314,125.8938512366428,-9.502772042831872,-8.216336743238001,141.74572357879188,-56.119444055951746
0.45485000000000003,79.01769417400823,-117.67673006166197,-69.5151114531815,125.89348042311526,-9.502582720826737,-8.216750361453254,141.7448721844369,-56.11938778602877
0.4549,79.01736358518112,-117.67604240186095,-69.5149790056562,125.8932049182215,-9.502384579524934,-8.217162516360535,141.7441169972048,-56.119343770304354
0.45495,79.01706508940391,-117.67545037081109,-69.51488740913736,125.8930232473697,-9.50217768026654,-8.217572876558615,141.7434590918266,-56.119310533116725
0.455,79.01680227148081,-117.67495268919569,-69.51484017463666,125.89293380239148,-9.501962096844188,-8.217981113195723,141.74289940457243,-56.11928658339172
0.45505,79.01657866541194,-117.674547943439,-69.51484075001214,125.89293484387433,-9.50173791539979,-8.21838690043534,141.74243873194771,-56.1192704167868
0.4551,79.01639774940763,-117.67423458772429,-69.51489251510802,125.89302450364704,-9.501505234299628,-8.218789915922725,141.74207772958374,-56.11926051782852
0.45515,79.01626294087993,-117.67401094614169,-69.51499877688295,125.89320078738169,-9.501264163996987,-8.219189841239999,141.74181691122402,-56.119255362087415
0.45520000000000005,79.01617759163207,-117.67387521513663,-69.51516276475884,125.8934615774984,-9.501014826873254,-8.219586362361726,141.74165664807182,-56.11925341835437
0.45525000000000004,79.01614498307958,-117.67382546603164,-69.51538762601557,125.89380463613259,-9.500757357064046,-8.219979170100899,141.7415971682171,-56.1192531508234
0.45530000000000004,79.01616832154726,-117.67385964776881,-69.51567642127773,125.8942276083165,-9.500491900269534,-8.220367960547666,141.74163855628973,-56.11925302129866
0.45535000000000003,79.0162507337723,-117.6739755898725,-69.51603212022668,125.89472802537597,-9.50021861354564,-8.220752435503446,141.74178075341186,-56.11925149138213
0.4554,79.01639526239755,-117.67417100547141,-69.51645759731612,125.89530330837545,-9.499937665081434,-8.22113230290404,141.7420235571948,-56.11924702467794
0.45545,79.0166048616679,-117.67444349460159,-69.51695562770752,125.89595077183623,-9.49964923396041,-8.221507277234581,141.74236662208352,-56.1192380889918
0.4555,79.01688239324217,-117.67479054761726,-69.51752888333766,125.8966676275544,-9.499353509904534,-8.22187707993709,141.74280945985603,-56.11922315851575
0.45555,79.01723062207752,-117.67520954871686,-69.51817992907168,125.8974509885218,-9.499050693005879,-8.222241439804867,141.74335144025983,-56.1192007160143
0.4556,79.01765221255845,-117.67569777972223,-69.51891121911855,125.89829787309307,-9.498740993439926,-8.222600093370795,141.74399179199577,-56.119169254985216
0.45565,79.0181497246631,-117.67625242390396,-69.51972509349471,125.89920520918393,-9.498424631168374,-8.222952785279977,141.74472960376212,-56.11912728181777
0.45570000000000005,79.018725610315,-117.67687056999436,-69.52062377468921,125.90016983864787,-9.498101835625812,-8.223299268653477,141.74556382555843,-56.119073317930486
0.45575000000000004,79.01938220994482,-117.67754921636465,-69.52160936455181,125.90118852180461,-9.49777284539303,-8.223639305439956,141.74649327024377,-56.11900590187492
0.45580000000000004,79.02012174909484,-117.67828527523527,-69.52268384123674,125.9022579419889,-9.497437907858096,-8.22397266675366,141.7475166151472,-56.11892359143188
0.45585000000000003,79.02094633531176,-117.67907557711285,-69.52384905644797,125.90337471031374,-9.497097278863771,-8.224299133200887,141.7486324040273,-56.11882496566123
0.4559,79.02185795513057,-117.67991687529006,-69.52510673278697,125.90453537048201,-9.496751222343638,-8.224618495191917,141.74983904913617,-56.11870862693456
0.45595,79.02285847120667,-117.68080585044129,-69.52645846125833,125.90573640367865,-9.496400009948363,-8.224930553237321,141.7511348334454,-56.11857320293883
0.456,79.02394961974838,-117.68173911538251,-69.52790569909226,125.90697423361762,-9.496043920656138,-8.225235118235085,141.7525179131767,-56.11841734861539
0.45605,79.02513300797035,-117.68271321985674,-69.52944976759125,125.90824523159294,-9.495683240379115,-8.225532011736211,141.75398632036578,-56.11823974809664
0.4561,79.02641011183893,-117.68372465545025,-69.5310918502845,125.90954572165106,-9.495318261554466,-8.225821066200771,141.75553796569778,-56.11803911657342
0.45615,79.02778227399459,-117.68476986060978,-69.53283299126502,125.91087198584488,-9.494949282729552,-8.226102125235126,141.7571706415255,-56.11781420212452
0.4562,79.02925070179033,-117.68584522565355,-69.53467409365398,125.91222026946885,-9.494576608136391,-8.226375043815287,141.75888202494724,-56.117563787505
0.45625000000000004,79.03081646563007,-117.68694709795892,-69.53661591837073,125.91358678645166,-9.494200547259373,-8.226639688492723,141.76066968119855,-56.117286691872415
0.45630000000000004,79.03248049740982,-117.6880717871394,-69.5386590830147,125.91496772472325,-9.493821414395141,-8.226895937583848,141.76253106709243,-56.11698177247518
0.45635000000000003,79.03424358918201,-117.68921557027484,-69.54080406097616,125.91635925161808,-9.493439528205826,-8.227143681343234,141.76446353462768,-56.11664792627686
0.45640000000000003,79.03610639208169,-117.69037469725116,-69.54305118081714,125.91775751937152,-9.493055211264561,-8.227382822120322,141.76646433483424,-56.11628409151624
0.45645,79.03806941534316,-117.69154539604423,-69.54540062574526,125.91915867054206,-9.492668789597879,-8.227613274497816,141.7685306216219,-56.11588924922327
0.4565,79.0401330256071,-117.69272387811479,-69.54785243338644,125.9205588435286,-9.492280592220693,-8.227834965413798,141.77065945588262,-56.11546242466157
0.45655,79.0422974464014,-117.69390634381043,-69.55040649573127,125.92195417807453,-9.49189095067008,-8.228047834264117,141.77284780969526,-56.115002688713105
0.4566,79.04456275779242,-117.69508898772048,-69.55306255926102,125.92334082071157,-9.491500198531387,-8.22825183299105,141.77509257058526,-56.11450915919405
0.45665,79.0469288963034,-117.69626800415588,-69.55582022533689,125.9247149303043,-9.491108670966577,-8.228446926148353,141.7773905460364,-56.113981002108154
0.4567,79.04939565499983,-117.69743959250707,-69.55867895076562,125.92607268346241,-9.490716704234199,-8.228633090955338,141.7797384679932,-56.11341743281563
0.45675000000000004,79.0519626837584,-117.69859996266632,-69.5616380485448,125.92741027999327,-9.490324635213568,-8.228810317326944,141.78213299751872,-56.112817717154066
0.45680000000000004,79.05462948980981,-117.69974534044722,-69.56469668888543,125.92872394833557,-9.489932800924405,-8.228978607888331,141.784570729601,-56.11218117246591
0.45685000000000003,79.05739543839013,-117.7008719729046,-69.56785390034221,125.93000995087667,-9.48954153804791,-8.229137977972053,141.78704819793685,-56.111507168566256
0.45690000000000003,79.06025975367497,-117.70197613371306,-69.5711085712276,125.93126458930838,-9.489151182447412,-8.22928845559528,141.7895618799202,-56.11079512862827
0.45695,79.06322151988738,-117.70305412845725,-69.57445945119596,125.93248420987734,-9.488762068691408,-8.229430081420098,141.79210820165318,-56.11004452998971
0.457,79.06627968256281,-117.70410229986294,-69.5779051529866,125.93366520855979,-9.488374529576225,-8.22956290869681,141.79468354299414,-56.109254904892786
0.45705,79.06943305010239,-117.70511703304297,-69.58144415444796,125.93480403622915,-9.487988895654427,-8.229687003186196,141.79728424277727,-56.10842584113015
0.4571,79.07268029542944,-117.70609476059803,-69.58507480066685,125.93589720366623,-9.487605494762605,-8.229802443068195,141.7999066039681,-56.10755698262306
0.45715,79.07601995787316,-117.70703196771474,-69.58879530631586,125.93694128654336,-9.487224651557323,-8.229909318828593,141.80254689894176,-56.10664802992237
0.4572,79.07945044529609,-117.70792519716602,-69.5926037582452,125.93793293029786,-9.486846687050926,-8.230007733131815,141.8052013748144,-56.105698740605455
0.45725000000000005,79.08297003628034,-117.70877105421367,-69.59649811812292,125.9388688548875,-9.486471918157466,-8.23009780067378,141.80786625872526,-56.10470892963114
0.45730000000000004,79.0865768826544,-117.70956621144884,-69.60047622541546,125.93974585946901,-9.486100657238952,-8.230179648020124,141.81053776325462,-56.103678469566404
0.45735000000000003,79.09026901208847,-117.71030741352207,-69.60453580042518,125.94056082694729,-9.485733211663302,-8.23025341342519,141.81321209178782,-56.102607290765064
0.45740000000000003,79.09404433086053,-117.71099148177537,-69.60867444749374,125.9413107284102,-9.48536988336679,-8.230319246634801,141.8158854438907,-56.10149538146735
0.45745,79.09790062692879,-117.71161531876166,-69.61288965850558,125.9419926274367,-9.485010968423243,-8.23037730867504,141.8185540207614,-56.10034278777145
0.4575,79.10183557298055,-117.7121759126527,-69.61717881635616,125.94260368427403,-9.484656756624428,-8.230427771621352,141.82121403057494,-56.099149613588146
0.45755,79.1058467297907,-117.71267034152397,-69.62153919872317,125.94314115987854,-9.484307531067572,-8.230470818354494,141.82386169389633,-56.09791602046418
0.4576,79.10993154972043,-117.71309577750569,-69.62596798196971,125.94360241980702,-9.483963567750761,-8.230506642301368,141.82649324906006,-56.09664222732906
0.45765,79.11408738025206,-117.71344949081356,-69.63046224506814,125.94398493797132,-9.483625135183928,-8.230535447157749,141.829104957468,-56.09532851020309
0.4577,79.11831146786618,-117.71372885362247,-69.63501897386345,125.94428630022344,-9.483292494002736,-8.230557446600944,141.8316931089467,-56.093975201755875
0.45775000000000005,79.12260096188773,-117.71393134381488,-69.63963506528624,125.94450420779872,-9.48296589660152,-8.230572863983761,141.83425402698205,-56.09258269084782
0.45780000000000004,79.12695291854328,-117.71405454856267,-69.6443073317711,125.9446364805804,-9.482645586772206,-8.23058193201769,141.8367840739325,-56.09115142196408
0.45785000000000003,79.13136430521679,-117.71409616775435,-69.64903250585941,125.94468106019703,-9.482331799357395,-8.230584892442685,141.83927965622308,-56.089681894547965
0.45790000000000003,79.13583200466306,-117.71405401728063,-69.65380724474524,125.94463601296198,-9.482024759917818,-8.230581995681366,141.84173722939775,-56.08817466231767
0.45795,79.1403528195225,-117.71392603212442,-69.65862813511269,125.94449953260946,-9.48172468440985,-8.230573500485,141.84415330317626,-56.08663033243888
0.458,79.14492347684116,-117.71371026931537,-69.66349169796183,125.94426994287866,-9.48143177887933,-8.230559673563242,141.84652444640076,-56.085049564666356
0.45805,79.14954063270125,-117.71340491067788,-69.66839439353306,125.94394569988489,-9.481146239168233,-8.230540789206941,141.84884729187203,-56.083433070402904
0.4581,79.15420087703183,-117.71300826542928,-69.67333262639627,125.94352539432532,-9.48086825063557,-8.230517128896016,141.85111854116107,-56.081781611665605
0.45815,79.15890073840806,-117.71251877258177,-69.67830275051293,125.94300775348178,-9.480597987895157,-8.230488980899958,141.8533349692511,-56.08009600001284
0.4582,79.1636366890121,-117.71193500315604,-69.6833010744472,125.94239164302466,-9.480335614564932,-8.230456639868494,141.85549342911304,-56.07837709537607
0.45825000000000005,79.16840514967029,-117.71125566222462,-69.68832386663365,125.94167606863525,-9.48008128303666,-8.230420406410614,141.85759085618207,-56.076625804828986
0.45830000000000004,79.17320249489677,-117.71047959074477,-69.6933673606397,125.94086017741388,-9.47983513425709,-8.230380586669105,141.85962427266284,-56.07484308130854
0.45835000000000004,79.17802505809365,-117.70960576721458,-69.69842776056448,125.93994325909782,-9.479597297529185,-8.230337491883219,141.86159079177557,-56.07302992224499
0.45840000000000003,79.18286913675361,-117.70863330912165,-69.70350124642665,125.93892474706833,-9.479367890326973,-8.230291437946622,141.86348762183138,-56.071187368145914
0.45845,79.18773099770479,-117.70756147419867,-69.70858397957585,125.93780421915781,-9.479147018128973,-8.230242744959119,141.86531207017137,-56.06931650112386
0.4585,79.19260688246662,-117.70638966148066,-69.71367210819868,125.9365813982497,-9.47893477426796,-8.230191736769035,141.86706154700332,-56.067418443343676
0.45855,79.19749301255463,-117.70511741215638,-69.71876177275634,125.93525615267154,-9.47873123979832,-8.230138740515146,141.86873356903968,-56.065494355441864
0.4586,79.20238559486265,-117.70374441023061,-69.7238491114819,125.93382849638971,-9.478536483380774,-8.23008408615908,141.87032576302275,-56.06354543487889
0.45865,79.20728082709144,-117.70227048295969,-69.72893026590654,125.93229858897669,-9.478350561184913,-8.230028106016965,141.8718358690883,-56.061572914226154
0.4587,79.21217490310349,-117.7006956011089,-69.73400138629516,125.93066673539643,-9.478173516808363,-8.229971134287482,141.87326174394087,-56.05957805943895
0.45875000000000005,79.21706401838395,-117.69901987898909,-69.73905863716763,125.92893338556374,-9.478005381216345,-8.229913506574572,141.8746013639066,-56.05756216804539
0.45880000000000004,79.22194437544022,-117.6972435742876,-69.74409820274462,125.92709913369976,-9.477846172695594,-8.229855559412126,141.87585282778224,-56.05552656731091
0.45885000000000004,79.22681218916455,-117.69536708772506,-69.74911629233355,125.9251647175085,-9.477695896830998,-8.229797629783413,141.87701435952022,-56.05347261237701
0.45890000000000003,79.23166369230158,-117.69339096244622,-69.75410914580725,125.92313101708956,-9.477554546494334,-8.229740054643344,141.8780843107532,-56.05140168430613
0.45895,79.2364951407139,-117.69131588328973,-69.75907303885609,125.92099905372774,-9.477422101857833,-8.229683170437958,141.87906116310702,-56.04931518816809
0.459,79.241302818764,-117.68914267578967,-69.76400428834395,125.91876998841572,-9.477298530420075,-8.229627312626008,141.8799435303575,-56.04721455102798
0.45905,79.24608304461124,-117.68687230499228,-69.76889925755874,125.91644512019532,-9.477183787052525,-8.229572815202998,141.8807301603885,-56.04510121992196
0.4591,79.25083217537914,-117.68450587412123,-69.77375436131408,125.91402588434528,-9.477077814065064,-8.229520010224068,141.88141993695362,-56.04297665984314
0.45915,79.2555466124292,-117.68204462295898,-69.77856607114319,125.91151385029282,-9.476980541286052,-8.229469227333754,141.88201188126368,-56.04084235162869
0.4592,79.26022280640875,-117.67948992612237,-69.7833309202449,125.90891071941759,-9.476891886163843,-8.229420793295207,141.88250515336236,-56.03869978989939
0.45925000000000005,79.2648572623143,-117.676843291099,-69.78804550843036,125.90621832262548,-9.476811753883961,-8.229375031526432,141.88289905331416,-56.0365504809408
0.45930000000000004,79.26944654451415,-117.67410635607301,-69.79270650701201,125.90343861771346,-9.476740037502166,-8.22933226164044,141.88319302219685,-56.034395940551065
0.45935000000000004,79.27398728154769,-117.67128088764728,-69.79731066344796,125.90057368663689,-9.476676618099756,-8.229292798989583,141.8833866428856,-56.03223769194064
0.45940000000000003,79.27847617100173,-117.66836877828138,-69.8018548060524,125.89762573249963,-9.476621364949338,-8.229256954218243,141.88347964064636,-56.030077263542324
0.45945,79.28290998416578,-117.6653720436258,-69.80633584846211,125.8945970764453,-9.476574135703698,-8.229225032819434,141.8834718835221,-56.02791618687241
0.4595,79.28728557062249,-117.66229281965711,-69.81075079402646,125.89149015435927,-9.476534776596054,-8.229197334702151,141.88336338251983,-56.02575599436856
0.45955,79.29159986276194,-117.65913335961619,-69.81509674010174,125.88830751337905,-9.47650312266026,-8.229174153762788,141.8831542915941,-56.02359821720886
0.4596,79.29584988010309,-117.65589603083338,-69.81937088213807,125.88505180830143,-9.476478997965035,-8.229155777468042,141.882844907431,-56.021444383169964
0.45965,79.30003273356344,-117.65258331133991,-69.82357051769988,125.88172579778684,-9.476462215863588,-8.229142486446891,141.88243566902852,-56.01929601445411
0.4597,79.30414562956746,-117.64919778634122,-69.82769305030739,125.87833234043029,-9.476452579260108,-8.229134554088997,141.8819271570741,-56.017154625538666
0.45975000000000005,79.30818587399571,-117.64574214456289,-69.83173599310635,125.87487439072181,-9.476449880889398,-8.229132246158889,141.88132009313009,-56.01502172104997
0.45980000000000004,79.31215087604649,-117.6422191743982,-69.83569697243442,125.8713549948132,-9.476453903612068,-8.229135820414982,141.8806153386075,-56.012898793621176
0.45985000000000004,79.31603815190488,-117.63863175995685,-69.83957373118118,125.8677772862014,-9.47646442072369,-8.229145526244562,141.87981389355272,-56.01078732179174
0.45990000000000003,79.31984532827292,-117.63498287696811,-69.84336413199676,125.8641444812776,-9.47648119627617,-8.229161604309496,141.87891689523755,-56.00868876791986
0.45995,79.32357014576638,-117.63127558852258,-69.84706616035155,125.8604598747245,-9.476503985414865,-8.22918428620186,141.87792561654288,-56.00660457610241
0.46,79.3272104621012,-117.6275130407474,-69.85067792737557,125.8567268348642,-9.476532534725655,-8.22921379411678,141.87684146417166,-56.004536170149436
0.46005,79.33076425516113,-117.62369845830871,-69.85419767256529,125.85294879884405,-9.476566582595867,-8.229250340535321,141.87566597665395,-56.00248495155849
0.4601,79.33422962587287,-117.61983513982219,-69.85762376628625,125.84912926774373,-9.476605859586686,-8.229294127921472,141.87440082216972,-56.00045229753167
0.46015,79.33760480088075,-117.61592645319467,-69.86095471206438,125.84527180163043,-9.476650088816394,-8.2293453484357,141.8730477962042,-55.99843955904316
0.4602,79.34088813511006,-117.61197583078466,-69.86418914875631,125.84138001444474,-9.47669898635379,-8.229404183660026,141.87160881899212,-55.99644805890195
0.46025000000000005,79.34407811408421,-117.60798676455047,-69.86732585246202,125.83745756889196,-9.476752261622163,-8.229470804341485,141.87008593281595,-55.99447908989305
0.46030000000000004,79.34717335607428,-117.60396280108638,-69.87036373826157,125.83350817123458,-9.4768096178127,-8.229545370148191,141.86848129911806,-55.992533912948225
0.46035000000000004,79.35017261408626,-117.59990753654618,-69.87330186177923,125.82953556598783,-9.476870752307095,-8.229628029441626,141.86679719543082,-55.99061375534433
0.46040000000000003,79.35307477760297,-117.59582461157474,-69.87613942049529,125.82554353064162,-9.47693535710768,-8.229718919066851,141.86503601217638,-55.98871980898429
0.46045,79.35587887418914,-117.59171770609183,-69.87887575491355,125.82153587024874,-9.477003119275652,-8.229818164156853,141.8632002492689,-55.986853228689064
0.4605,79.35858407088277,-117.58759053405467,-69.8815103495074,125.81751641201036,-9.477073721375358,-8.229925877955688,141.8612925125803,-55.98501513055499
0.46055,79.36118967533305,-117.58344683822534,-69.88404283340526,125.81348899988139,-9.477146841927796,-8.23004216165602,141.85931551026866,-55.98320659039562
0.4606,79.36369513685105,-117.57929038477035,-69.88647298098564,125.8094574890268,-9.477222155865459,-8.23016710425639,141.85727204891958,-55.98142864217344
0.46065,79.36610004713583,-117.57512495797107,-69.88880071213887,125.80542574040477,-9.477299334996955,-8.230300782433707,141.855165029598,-55.97968227656377
0.4607,79.36840414087712,-117.5709543548157,-69.89102609240433,125.80139761525012,-9.47737804847281,-8.2304432604344,141.85299744373313,-55.97796843953188
0.46075000000000005,79.37060729615685,-117.56678237956632,-69.8931493329015,125.79737696955019,-9.477457963255382,-8.2305945899838,141.85077236887028,-55.97628803097025
0.46080000000000004,79.37270953456894,-117.56261283841773,-69.8951707899744,125.79336764862903,-9.477538744594536,-8.230754810211254,141.84849296434118,-55.97464190344962
0.46085000000000004,79.37471102124088,-117.55844953401365,-69.89709096473914,125.78937348160927,-9.477620056501799,-8.2309239475956,141.84616246676092,-55.97303086096913
0.46090000000000003,79.37661206457672,-117.55429626006698,-69.89891050234749,125.78539827599415,-9.477701562229221,-8.231102015927146,141.8437841854549,-55.971455657822005
0.46095,79.37841311580146,-117.55015679599012,-69.90063019105253,125.78144581227777,-9.477782924748936,-8.23128901628767,141.84136149778283,-55.969916997528614
0.461,79.38011476835517,-117.54603490145533,-69.90225096112361,125.7775198385043,-9.477863807231529,-8.231484937048949,141.8388978443198,-55.96841553180271
0.46105,79.3817177570147,-117.54193431111298,-69.90377388348865,125.77362406500274,-9.477943873526074,-8.23168975388973,141.8363967240156,-55.96695185964342
0.4611,79.38322295687368,-117.53785872923821,-69.90520016823642,125.76976215906866,-9.478022788637292,-8.23190342983044,141.83386168921393,-55.96552652645722
0.46115,79.38463138209437,-117.53381182445447,-69.90653116289182,125.7659377397398,-9.478100219202583,-8.232125915285302,141.83129634060768,-55.96414002327257
0.4612,79.38594418444033,-117.52979722457056,-69.90776835047348,125.76215437270353,-9.478175833966901,-8.232357148132948,141.82870432216373,-55.96279278605265
0.46125000000000005,79.38716265166981,-117.52581851135083,-69.90891334741687,125.75841556515549,-9.478249304252937,-8.232597053804628,141.82608931591412,-55.96148519503849
0.46130000000000004,79.38828820568351,-117.52187921546452,-69.90996790125413,125.75472476085511,-9.478320304429387,-8.232845545390564,141.8234550367565,-55.96021757421402
0.46135000000000004,79.38932240051481,-117.51798281145956,-69.91093388814168,125.75108533522396,-9.478388512373128,-8.233102523764376,141.82080522718587,-55.95899019082856
0.46140000000000003,79.3902669201088,-117.51413271278788,-69.91181331017985,125.74750059050979,-9.478453609928977,-8.233367877721854,141.81814365194901,-55.957803255001004
0.46145,79.391123575933,-117.51033226699968,-69.91260829257222,125.74397375114145,-9.478515283360801,-8.233641484141733,141.81547409274395,-55.95665691941778
0.4615,79.39189430440268,-117.50658475094009,-69.91332108060438,125.74050795909956,-9.478573223798358,-8.233923208159428,141.8128003428157,-55.955551279093015
0.46155,79.39258116411814,-117.5028933660978,-69.913954036441,125.73710626945626,-9.478627127677157,-8.234212903358403,141.8101262015715,-55.954486371225485
0.4616,79.39318633293823,-117.49926123408422,-69.9145096357686,125.73377164606413,-9.478676697169663,-8.234510411979876,141.80745546921082,-55.95346217513958
0.46165,79.39371210488795,-117.49569139213433,-69.91499046427873,125.73050695727991,-9.478721640609246,-8.234815565145565,141.80479194127926,-55.95247861228646
0.4617,79.39416088689578,-117.49218678883133,-69.91539921399121,125.72731497193129,-9.47876167290454,-8.235128183099894,141.80213940331055,-55.95153554635271
0.46175000000000005,79.39453519536573,-117.48875027990543,-69.9157386794204,125.72419835536985,-9.478796515945342,-8.235448075464408,141.79950162543642,-55.95063278344089
0.46180000000000004,79.39483765259541,-117.4853846241397,-69.91601175359669,125.72115966564785,-9.478825898998714,-8.235775041508116,141.79688235699692,-55.9497700723261
0.46185000000000004,79.39507098304846,-117.48209247950481,-69.91622142395505,125.71820134993916,-9.4788495590934,-8.2361088704343,141.79428532125763,-55.94894710481304
0.46190000000000003,79.3952380094786,-117.47887639932189,-69.91637076808425,125.71532574100118,-9.478867241394367,-8.236449341679272,141.79171421006555,-55.9481635161493
0.46195,79.39534164892162,-117.47573882864815,-69.9164629493571,125.71253505387519,-9.478878699564564,-8.23679622522707,141.7891726786137,-55.94741888553377
0.462,79.395384908539,-117.4726821008266,-69.91650121242316,125.70983138276327,-9.478883696115867,-8.237149281936674,141.7866643402578,-55.94671273671198
0.46205,79.39537088133167,-117.46970843411697,-69.91648887858416,125.70721669799715,-9.478882002747532,-8.23750826388019,141.78419276132536,-55.94604453863397
0.4621,79.39530274176596,-117.46681992858038,-69.91642934109686,125.70469284327946,-9.47887340066912,-8.237872914699077,141.78176145608504,-55.945413706199425
0.46215,79.39518374121855,-117.46401856309238,-69.91632606030404,125.70226153305687,-9.478857680914508,-8.238242969964455,141.77937388171935,-55.94481960109314
0.4622,79.39501720339354,-117.46130619247819,-69.91618255875744,125.69992435003546,-9.47883464463611,-8.238618157557253,141.77703343338183,-55.944261532658096
0.46225000000000005,79.3948065195741,-117.45868454494813,-69.91600241618472,125.69768274300166,-9.47880410338937,-8.238998198053533,141.774743439409,-55.943738758892785
0.46230000000000004,79.39455514378795,-117.45615521957816,-69.91578926438672,125.69553802469922,-9.478765879401273,-8.239382805121027,141.7725071565204,-55.943250487488264
0.46235000000000004,79.3942665879199,-117.45371968405863,-69.91554678209828,125.69349136998706,-9.478719805821616,-8.239771685928469,141.77032776521014,-55.94279587694458
0.46240000000000003,79.39394441669428,-117.45137927262913,-69.91527868973238,125.69154381418991,-9.47866572696192,-8.240164541560743,141.76820836521887,-55.942374037773874
0.46245,79.39359224261162,-117.44913518412396,-69.91498874409554,125.68969625156802,-9.478603498516089,-8.24056106744401,141.76615197107068,-55.94198403374473
0.4625,79.39321372081147,-117.44698848033279,-69.91468073304554,125.68794943411282,-9.478532987765961,-8.240960953779929,141.76416150782916,-55.94162488322369
0.46255,79.39281254387733,-117.44494008444211,-69.91435847010779,125.68630397042794,-9.478454073769583,-8.24136388598574,141.76223980688738,-55.94129556055543
0.4626,79.39239243657613,-117.4429907797251,-69.91402578904255,125.68476032486731,-9.478366647533603,-8.24176954514211,141.7603896019262,-55.94099499752221
0.46265,79.39195715056243,-117.44114120847581,-69.91368653839366,125.68331881692181,-9.478270612168789,-8.24217760844599,141.75861352505498,-55.940722084871474
0.4627,79.39151045903817,-117.43939187102566,-69.91334457601099,125.68197962069615,-9.478165883027199,-8.242587749670458,141.75691410299498,-55.94047567387811
0.46275,79.3910561513896,-117.43774312508512,-69.91300376356658,125.68074276471347,-9.478052387823043,-8.242999639628314,141.7552937535194,-55.94025457798907
0.46280000000000004,79.3905980278055,-117.43619518521903,-69.91266796107081,125.67960813186056,-9.477930066734682,-8.243412946641554,141.7537547819932,-55.940057574505566
0.46285000000000004,79.39013989385465,-117.43474812251125,-69.91234102136416,125.67857545952288,-9.477798872490514,-8.243827337011584,141.752299378047,-55.939883406322856
0.46290000000000003,79.38968555507991,-117.43340186452903,-69.91202678464349,125.67764434002368,-9.477658770436436,-8.244242475494614,141.75092961250883,-55.93973078373351
0.46295000000000003,79.38923881159295,-117.43215619535988,-69.91172907300893,125.67681422113874,-9.477509738584029,-8.244658025778836,141.74964743439588,-55.9395983862477
0.463,79.38880345264921,-117.43101075594903,-69.91145168500621,125.67608440691122,-9.477351767643032,-8.245073650962146,141.7484546681451,-55.939484864489394
0.46305,79.38838325127914,-117.42996504463251,-69.91119839024506,125.67545405866414,-9.477184861034115,-8.24548901403157,141.74735301103718,-55.93938884211884
0.4631,79.38798195890908,-117.42901841778689,-69.91097292402584,125.6749221961305,-9.477009034883235,-8.2459037783436,141.74634403071215,-55.93930891778587
0.46315,79.3876033000232,-117.42817009081547,-69.91077898202289,125.67448769891666,-9.476824318000347,-8.246317608101146,141.7454291629869,-55.93924366714656
0.4632,79.387250966883,-117.42741913922211,-69.91062021504662,125.67414930805586,-9.476630751836419,-8.246730168833711,141.74460970977844,-55.93919164488127
0.46325,79.38692861424273,-117.42676449992429,-69.91050022381626,125.6739056277947,-9.476428390426506,-8.247141127870355,141.74388683722324,-55.93915138676894
0.46330000000000005,79.38663985418388,-117.42620497280693,-69.9104225538724,125.67375512762207,-9.476217300311504,-8.247550154815155,141.74326157406415,-55.93912141177677
0.46335000000000004,79.3863882509619,-117.42573922237122,-69.91039069051834,125.67369614438766,-9.475997560443606,-8.247956922016373,141.74273481012278,-55.93910022416792
0.46340000000000003,79.38617731592551,-117.42536577967641,-69.91040805385059,125.67372688470847,-9.475769262074925,-8.248361105032043,141.742307295057,-55.93908631565182
0.46345000000000003,79.38601050255676,-117.42508304442471,-69.91047799393051,125.67384542751745,-9.475532508626252,-8.24876238309275,141.74197963730467,-55.93907816752689
0.4635,79.38589120150527,-117.42488928720952,-69.91060378596362,125.67404972676566,-9.475287415541663,-8.249160439556135,141.741752303161,-55.939074252862625
0.46355,79.38582273582385,-117.42478265201223,-69.91078862570139,125.67433761437157,-9.47503411012245,-8.249554962359339,141.74162561617516,-55.93907303867083
0.4636,79.38580835619746,-117.42476115882305,-69.91103562484992,125.67470680328435,-9.474772731347556,-8.249945644461302,141.7415997566471,-55.93907298810738
0.46365,79.38585123632701,-117.42482270644906,-69.91134780665143,125.67515489072866,-9.4745034296756,-8.250332184279582,141.74167476136734,-55.93907256266471
0.4637,79.38595446844941,-117.4249650755319,-69.91172810162006,125.67567936165334,-9.47422636682936,-8.250714286121422,141.7418505236072,-55.93907022436617
0.46375,79.3861210588816,-117.4251859316719,-69.91217934331321,125.67627759227284,-9.473941715568403,-8.251091660600919,141.74212679321246,-55.93906443797645
0.46380000000000005,79.38635392379533,-117.42548282876537,-69.91270426435491,125.6769468538197,-9.473649659440436,-8.251464025054311,141.74250317700321,-55.93905367318286
0.46385000000000004,79.38665588504517,-117.42585321249794,-69.91330549252253,125.67768431643701,-9.473350392522638,-8.251831103939095,141.74297913933407,-55.93903640679393
0.46390000000000003,79.38702966613906,-117.42629442393985,-69.91398554699461,125.67848705316719,-9.473044119144431,-8.252192629227347,141.74355400281965,-55.93901112491311
0.46395000000000003,79.38747788841293,-117.42680370336889,-69.91474683481655,125.67935204415647,-9.472731053596362,-8.252548340787586,141.7442269493639,-55.9389763250952
0.464,79.38800306724694,-117.4273781941737,-69.91559164742031,125.68027618092685,-9.472411419826646,-8.252897986753126,141.7449970212801,-55.93893051850675
0.46405,79.38860760852135,-117.4280149469086,-69.91652215740004,125.68125627079057,-9.472085451121295,-8.253241323881962,141.74586312267164,-55.93887223203988
0.4641,79.3892938051925,-117.4287109235277,-69.91754041541961,125.68228904142964,-9.471753389772934,-8.253578117901913,141.74682402102917,-55.93880001042586
0.46415,79.39006383400162,-117.42946300165816,-69.9186483472649,125.6833711455015,-9.471415486736754,-8.253908143843297,141.74787834893561,-55.938712418312505
0.4642,79.39091975242475,-117.43026797907248,-69.91984775115331,125.68449916543368,-9.471072001271454,-8.254231186361183,141.7490246060717,-55.93860804230503
0.46425,79.39186349570971,-117.43112257824552,-69.92114029513654,125.68566961828427,-9.470723200573227,-8.254547040038668,141.75026116134083,-55.93848549299625
0.46430000000000005,79.39289687413152,-117.4320234509824,-69.92252751473846,125.68687896066439,-9.470369359393082,-8.254855509681965,141.75158625517585,-55.93834340693871
0.46435000000000004,79.39402157043159,-117.4329671832359,-69.92401081078336,125.6881235938315,-9.47001075964827,-8.25515641059554,141.75299800210618,-55.93818044859737
0.46440000000000003,79.39523913740884,-117.433950299908,-69.92559144738979,125.68939986875526,-9.469647690019087,-8.255449568847228,141.75449439339693,-55.93799531224674
0.46445000000000003,79.39655099570761,-117.4349692698266,-69.92727055016721,125.69070409133997,-9.469280445540418,-8.255734821513366,141.7560732999441,-55.93778672384093
0.4645,79.39795843181992,-117.43602051077139,-69.92904910463957,125.69203252768351,-9.468909327180363,-8.256012016912113,141.7577324753303,-55.93755344282193
0.46455,79.39946259622583,-117.4371003945325,-69.93092795481304,125.69338140935145,-9.468534641412829,-8.25628101481891,141.75946955898561,-55.93729426388796
0.4646,79.40106450177832,-117.43820525212094,-69.93290780199673,125.69474693878627,-9.468156699781614,-8.256541686665313,141.76128207961034,-55.93700801871338
0.46465,79.40276502226425,-117.43933137895078,-69.93498920380742,125.69612529467373,-9.467775818456825,-8.256793915722934,141.76316745867356,-55.93669357760197
0.4647,79.40456489112843,-117.44047504011917,-69.9371725733427,125.6975126373875,-9.467392317785732,-8.257037597268344,141.76512301408368,-55.936349851106776
0.46475,79.40646470048084,-117.44163247573833,-69.9394581786439,125.69890511447082,-9.46700652183696,-8.257272638732466,141.76714596406003,-55.935975791565724
0.46480000000000005,79.40846490021352,-117.44279990624503,-69.9418461422751,125.70029886607834,-9.466618757938466,-8.257498959833255,141.76923343104718,-55.935570394594386
0.46485000000000004,79.41056579737194,-117.44397353781441,-69.94433644115793,125.70169003050218,-9.46622935621403,-8.25771649268775,141.7713824458575,-55.935132700516014
0.46490000000000004,79.41276755574454,-117.44514956773745,-69.9469289066337,125.70307474964876,-9.465838649110873,-8.257925181911304,141.77358995190514,-55.934661795709275
0.46495000000000003,79.4150701955694,-117.44632418982998,-69.94962322463934,125.70444917452342,-9.46544697093008,-8.258124984693422,141.7758528095312,-55.93415681392287
0.465,79.4174735935811,-117.44749359985529,-69.95241893623371,125.70580947071709,-9.465054657347412,-8.258315870861761,141.77816780052984,-55.9336169374783
0.46505,79.41997748312562,-117.44865400093161,-69.95531543818647,125.70715182385388,-9.464662044939189,-8.258497822922248,141.78053163269888,-55.93304139844552
0.4651,79.42258145455384,-117.44980160892926,-69.95831198385243,125.70847244501478,-9.464269470701465,-8.25867083608548,141.78294094453705,-55.93242947972203
0.46515,79.42528495584642,-117.45093265786093,-69.96140768427568,125.70976757613488,-9.463877271570787,-8.25883491827393,141.7853923100641,-55.931780516032084
0.4652,79.42808729332356,-117.45204340523183,-69.96460150937745,125.71103349534081,-9.463485783946101,-8.25899009010898,141.78788224365397,-55.93109389488761
0.46525,79.43098763270292,-117.45313013736416,-69.96789228949419,125.71226652224777,-9.463095343208776,-8.259136384883597,141.7904072050405,-55.93036905742604
0.46530000000000005,79.43398500025008,-117.45418917468963,-69.97127871700368,125.713463023203,-9.462706283246401,-8.259273848513365,141.7929636043472,-55.92960549920926
0.46535000000000004,79.43707828414784,-117.45521687696782,-69.97475934816937,125.71461941643936,-9.462318935978459,-8.259402539471512,141.79554780717686,-55.928802770931824
0.46540000000000004,79.44026623613867,-117.45620964847551,-69.97833260525698,125.71573217718266,-9.461933630881695,-8.259522528707148,141.79815613982865,-55.927960479030844
0.46545000000000003,79.44354747322836,-117.45716394312043,-69.98199677870335,125.71679784266226,-9.461550694524979,-8.259633899541827,141.80078489448556,-55.92707828625764
0.4655,79.44692047969663,-117.45807626947706,-69.9857500295951,125.71781301703051,-9.461170450101525,-8.25973674755343,141.80343033450754,-55.92615591212881
0.46555,79.45038360926289,-117.45894319576459,-69.98959039229192,125.71877437620367,-9.460793216970924,-8.259831180439054,141.8060886997624,-55.92519313331192
0.4656,79.45393508737234,-117.4597613547203,-69.99351577716759,125.71967867258182,-9.460419310204752,-8.259917317861477,141.80875621193573,-55.92418978394712
0.46565,79.45757301378224,-117.46052744839585,-69.99752397364416,125.72052273967546,-9.460049040138097,-8.259995291279612,141.81142907994365,-55.923145755850776
0.4657,79.46129536523159,-117.46123825284612,-70.0016126533037,125.72130349660729,-9.459682711927929,-8.260065243761122,141.8141035053018,-55.92206099866684
0.46575,79.46509999831925,-117.4618906227043,-70.0057793732,125.72201795248412,-9.45932062511926,-8.260127329779765,141.81677568751527,-55.920935519922885
0.46580000000000005,79.46898465257567,-117.46248149568028,-70.0100215793567,125.72266321067436,-9.458963073218984,-8.260181714994083,141.81944182951202,-55.919769385004145
0.46585000000000004,79.47294695365082,-117.46300789688897,-70.0143366103724,125.72323647290254,-9.45861034327846,-8.26022857601355,141.82209814299884,-55.91856271705051
0.46590000000000004,79.4769844167015,-117.46346694310381,-70.01872170121648,125.72373504324965,-9.458262715485018,-8.260268100145796,141.82474085386602,-55.91731569677028
0.46595000000000003,79.48109444994174,-117.46385584685108,-70.02317398717777,125.72415633198182,-9.457920462763997,-8.26030048513074,141.82736620754955,-55.916028562163724
0.466,79.48527435829774,-117.46417192036402,-70.02769050790866,125.7244978592243,-9.457583850389112,-8.260325938860241,141.82997047433486,-55.914701608180636
0.46605,79.4895213472738,-117.46441257942743,-70.03226821166672,125.72475725850789,-9.457253135607093,-8.260344679080436,141.8325499546865,-55.91333518628307
0.4661,79.49383252691106,-117.4645753470339,-70.03690395964142,125.72493228011794,-9.456928567269687,-8.260356933083932,141.83510098447277,-55.91192970393519
0.46615,79.49820491589453,-117.46465785691328,-70.04159453041353,125.72502079429917,-9.456610385481026,-8.260362937385873,141.83761994016697,-55.91048562401568
0.4662,79.50263544580577,-117.4646578569146,-70.04633662454951,125.72502079430033,-9.456298821256283,-8.260362937385716,141.84010324400745,-55.909003464148874
0.46625,79.50712096547734,-117.46457321217986,-70.05112686928555,125.72493039920145,-9.455994096191814,-8.26035718702158,141.8425473690409,-55.90748379595579
0.46630000000000005,79.51165824547789,-117.46440190820826,-70.05596182332691,125.7247478566141,-9.455696422150977,-8.260345948405817,141.84494884414724,-55.90592724423773
0.46635000000000004,79.5162439827244,-117.46414205370304,-70.06083798176216,125.72447154515739,-9.455406000962258,-8.26032949145433,141.84730425895543,-55.904334486069196
0.46640000000000004,79.52087480513995,-117.4637918832704,-70.06575178100789,125.72409997677225,-9.455123024132085,-8.260308093501795,141.84961026866097,-55.90270624984338
0.46645000000000003,79.52554727649714,-117.46334975993229,-70.07069960392393,125.72363179883897,-9.45484767257323,-8.260282038906643,141.85186359879296,-55.901043314214604
0.4665,79.53025790126848,-117.46281417745094,-70.07567778492201,125.7230657960983,-9.454580116346492,-8.260251618647336,141.8540610498291,-55.89934650699708
0.46655,79.53500312960855,-117.46218376247549,-70.08068261518872,125.72240089238352,-9.454320514419859,-8.260217129908003,141.85619950173628,-55.897616703980745
0.4666,79.53977936243666,-117.46145727648546,-70.08571034799614,125.72163615214183,-9.454069014440524,-8.260178875656345,141.85827591839936,-55.895854827668806
0.46665,79.54458295649974,-117.46063361756381,-70.09075720397283,125.72077078177624,-9.453825752526937,-8.260137164212374,141.86028735189785,-55.89406184598469
0.4667,79.54941022959824,-117.45971182196178,-70.0958193765243,125.7198041307708,-9.453590853073937,-8.260092308809023,141.8622309467013,-55.89223877087879
0.46675,79.55425746581037,-117.45869106546589,-70.10089303723386,125.7187356926135,-9.45336442857651,-8.260044627147629,141.8641039437003,-55.89038665689242
0.46680000000000005,79.55912092075631,-117.45757066457926,-70.10597434128697,125.7175651055246,-9.453146579469376,-8.259994440945306,141.8659036841064,-55.888506599667735
0.46685000000000004,79.56399682698246,-117.45635007747428,-70.11105943299894,125.71629215295279,-9.45293739398353,-8.259942075478472,141.86762761323058,-55.88659973436727
0.46690000000000004,79.56888139924772,-117.45502890479086,-70.11614445122548,125.71491676390913,-9.452736948022247,-8.259887859118214,141.8692732840794,-55.8846672340926
0.46695000000000003,79.57377083995836,-117.45360689018246,-70.12122553490659,125.71343901304766,-9.45254530505179,-8.25983212286517,141.87083836082635,-55.88271030819766
0.467,79.57866134457025,-117.45208392068383,-70.12629882855923,125.71185912056148,-9.452362516011036,-8.259775199877653,141.87232062211837,-55.88073020057403
0.46705,79.58354910695175,-117.45046002688913,-70.13136048771099,125.71017745188674,-9.452188619240772,-8.259717424997593,141.87371796420393,-55.87872818790771
0.4671,79.58843032485984,-117.44873538288553,-70.13640668443293,125.7083945171601,-9.45202364042694,-8.25965913427455,141.8750284039236,-55.87670557784404
0.46715,79.59330120530763,-117.44691030602095,-70.14143361274172,125.7065109705086,-9.451867592565936,-8.259600664487609,141.87625008150363,-55.87466370715262
0.4672,79.59815796996926,-117.44498525644669,-70.1464374940248,125.70452760911353,-9.451720475944493,-8.259542352666816,141.87738126318501,-55.87260393982995
0.46725,79.60299686058174,-117.44296083645428,-70.15141458244163,125.70244537206766,-9.451582278140142,-8.259484535613353,141.8784203436827,-55.870527665157724
0.46730000000000005,79.60781414423631,-117.44083778964227,-70.15636117019703,125.70026533906216,-9.451452974039293,-8.259427549419893,141.87936584844303,-55.86843629576052
0.46735000000000004,79.61260611873419,-117.43861699983728,-70.16127359286186,125.69798872883068,-9.451332525872346,-8.25937172899336,141.8802164357356,-55.86633126558743
0.46740000000000004,79.61736911784185,-117.4362994898423,-70.16614823457442,125.69561689742007,-9.451220883267423,-8.259317407577795,141.88097089854796,-55.864214027889105
0.46745000000000003,79.62209951648715,-117.43388641998934,-70.17098153316489,125.69315133627086,-9.45111798332226,-8.259264916281547,141.88162816628636,-55.862086053171005
0.4675,79.62679373595564,-117.4313790864703,-70.17576998526275,125.69059367007546,-9.451023750692897,-8.259214583605162,141.8821873062955,-55.859948827097284
0.46755,79.63144824893239,-117.42877891951969,-70.1805101512296,125.68794565449359,-9.450938097702796,-8.259166734973888,141.8826475251707,-55.85780384841335
0.4676,79.63605958455693,-117.42608748135683,-70.18519866009217,125.68520917363331,-9.450860924464793,-8.259121692276473,141.8830081698805,-55.85565262681019
0.46765,79.64062433334287,-117.42330646397784,-70.18983221431651,125.68238623738212,-9.450792119026383,-8.259079773404247,141.88326872869087,-55.853496680800404
0.4677,79.64513915202842,-117.42043768674431,-70.1944075945025,125.67947897854677,-9.45073155752593,-8.259041291802452,141.88342883188497,-55.85133753557166
0.46775,79.64960076834844,-117.41748309378738,-70.19892166397803,125.67648964980978,-9.450679104370398,-8.259006556022413,141.88348825228795,-55.84917672082484
0.46780000000000005,79.65400598566688,-117.41444475125601,-70.20337137323831,125.67342062053805,-9.450634612428585,-8.258975869282024,141.8834469055866,-55.84701576862382
0.46785000000000004,79.65835168753124,-117.41132484437355,-70.20775376429198,125.67027437341021,-9.450597923239274,-8.258949529036645,141.88330485044892,-55.84485621122789
0.46790000000000004,79.66263484212071,-117.40812567431817,-70.2120659748833,125.66705350087169,-9.450568867237422,-8.258927826553505,141.88306228844075,-55.842699578919806
0.46795000000000003,79.66685250653215,-117.40484965496883,-70.21630524253678,125.66376070146802,-9.450547263995412,-8.258911046499158,141.88271956374172,-55.840547397857456
0.468,79.67100183098039,-117.40149930946171,-70.22046890850106,125.66039877599522,-9.450532922479377,-8.258899466533428,141.8822771626591,-55.83840118791104
0.46805,79.67508006287058,-117.39807726658657,-70.22455442154991,125.65697062350209,-9.45052564132063,-8.258893356915538,141.881735712939,-55.8362624605063
0.4681,79.6790845506749,-117.39458625707798,-70.22855934157234,125.65347923719717,-9.45052520910259,-8.25889298011916,141.88109598288324,-55.834132716508954
0.46815,79.6830127477351,-117.39102910970509,-70.23248134307333,125.64992770016345,-9.45053140466178,-8.258898590458344,141.88035888025988,-55.832013444087785
0.4682,79.68686221587284,-117.38740874725848,-70.23631821847101,125.64631918098512,-9.450543997401821,-8.258910433726637,141.87952545102286,-55.829906116617856
0.46825,79.6906306288464,-117.38372818240335,-70.24006788122428,125.64265692925052,-9.45056274762215,-8.258928746847134,141.87859687783634,-55.82781219060414
0.46830000000000005,79.69431577569867,-117.37999051335882,-70.243728368841,125.63894427089456,-9.4505874068577,-8.258953757535707,141.8775744783966,-55.82573310360134
0.46835000000000004,79.69791556385813,-117.37619891953219,-70.24729784562457,125.6351846035095,-9.450617718233564,-8.258985683977295,141.8764597035796,-55.82367027220497
0.46840000000000004,79.70142802213186,-117.37235665697676,-70.25077460530143,125.63138139149086,-9.450653416830448,-8.25902473451407,141.87525413538341,-55.821625090037685
0.46845000000000003,79.70485130353025,-117.36846705374627,-70.25415707347007,125.62753816109756,-9.450694230060195,-8.259071107351295,141.87395948469256,-55.81959892576729
0.4685,79.70818368785017,-117.3645335051999,-70.25744380979494,125.62365849547349,-9.45073987805522,-8.25912499027356,141.87257758886759,-55.81759312119316
0.46855,79.71142358416334,-117.36055946913027,-70.26063351009769,125.61974602950843,-9.45079007406564,-8.259186560378147,141.8711104091357,-55.815608989323025
0.4686,79.71456953306512,-117.35654846086564,-70.26372500819839,125.61580444468986,-9.450844524866723,-8.259255983824227,141.8695600278276,-55.81364781252267
0.46865,79.71762020873118,-117.35250404828156,-70.26671727755358,125.61183746387616,-9.450902931177607,-8.25933341559459,141.86792864543222,-55.81171084070805
0.4687,79.7205744208481,-117.34842984668381,-70.26960943276319,125.60784884596079,-9.450964988084873,-8.259418999276981,141.86621857747548,-55.809799289548984
0.46875,79.72343111625312,-117.34432951372136,-70.27240073077473,125.60384238057998,-9.4510303854784,-8.259512866858612,141.86443225126155,-55.80791433877544
0.46880000000000005,79.72618938046864,-117.34020674414144,-70.27509057197739,125.59982188268002,-9.451098808491293,-8.259615138538543,141.86257220242484,-55.80605713048179
0.46885000000000004,79.72884843900353,-117.33606526453886,-70.27767850105622,125.59579118709681,-9.451169937947364,-8.25972592255792,141.86064107134763,-55.80422876750622
0.46890000000000004,79.7314076584205,-117.33190882808893,-70.2801642076037,125.5917541431331,-9.451243450816811,-8.259845315044155,141.85864159943236,-55.802430311883164
0.46895000000000003,79.73386654728783,-117.32774120915224,-70.28254752661432,125.58771460902818,-9.451319020673575,-8.259973399875909,141.85657662520447,-55.800662783303785
0.46900000000000003,79.73622475682865,-117.32356619796165,-70.28482843866672,125.58367644652384,-9.451396318161892,-8.260110248562187,141.85444908031255,-55.79892715769481
0.46905,79.73848208145347,-117.31938759519612,-70.2870070699908,125.57964351533857,-9.4514750114627,-8.260255920142408,141.85226198537032,-55.79722436580907
0.4691,79.74063845903741,-117.31520920657576,-70.28908369227017,125.57561966767628,-9.451554766767265,-8.26041046110049,141.85001844567222,-55.795555291904876
0.46915,79.74269397099778,-117.31103483747994,-70.29105872224619,125.57160874277993,-9.45163524875155,-8.260573905299964,141.84772164681615,-55.79392077249582
0.4692,79.74464884221031,-117.30686828748513,-70.29293272115812,125.56761456142115,-9.451716121052193,-8.260746273936046,141.8453748501685,-55.79232159513488
0.46925,79.74650344065384,-117.30271334499939,-70.29470639390705,125.5636409205034,-9.45179704674683,-8.260927575503988,141.84298138825662,-55.79075849730986
0.4693,79.74825827691059,-117.29857378186341,-70.29638058807916,125.55969158765262,-9.451877688831468,-8.26111780578918,141.8405446600516,-55.78923216537812
0.46935000000000004,79.74991400343141,-117.2944533479659,-70.29795629273009,125.55577029583668,-9.451957710701329,-8.26131694787077,141.83806812613057,-55.787743233581836
0.46940000000000004,79.75147141359987,-117.29035576594548,-70.29943463697066,125.55188073809279,-9.452036776629242,-8.261524972147294,141.83555530379644,-55.786292283148896
0.46945000000000003,79.75293144062465,-117.28628472586173,-70.30081688838246,125.5480265622407,-9.452114552242247,-8.26174183637891,141.83300976207508,-55.784879841442965
0.46950000000000003,79.7542951561901,-117.28224387995736,-70.30210445119107,125.5442113657033,-9.452190704998996,-8.261967485745918,141.83043511665076,-55.78350638121399
0.46955,79.75556376894617,-117.27823683747967,-70.30329886428522,125.5404386904087,-9.452264904660952,-8.262201852929017,141.82783502475954,-55.78217231991474
0.4696,79.75673862277876,-117.27426715951714,-70.30440179901484,125.53671201771967,-9.452336823763892,-8.262444858202525,141.82521317997038,-55.78087801909331
0.46965,79.75782119491264,-117.27033835395136,-70.30541505683068,125.53303476350159,-9.452406138081932,-8.26269640955025,141.82257330696652,-55.77962378386674
0.4697,79.75881309378961,-117.26645387047743,-70.3063405666992,125.52941027327203,-9.452472527090407,-8.26295640279457,141.81991915625562,-55.7784098624846
0.46975,79.75971605679686,-117.26261709566374,-70.30718038237589,125.52584181740863,-9.45253567442094,-8.263224721744866,141.81725449882714,-55.777236445950855
0.4698,79.76053194779475,-117.25883134817055,-70.30793667948373,125.5223325865351,-9.452595268311017,-8.26350123836452,141.8145831208268,-55.77610366774815
0.46985000000000005,79.76126275445107,-117.25509987401044,-70.30861175240226,125.51888568696064,-9.452651002048844,-8.26378581295022,141.81190881815513,-55.775011603635825
0.46990000000000004,79.76191058543795,-117.25142584191923,-70.30920801103002,125.51550413625274,-9.45270257440795,-8.264078294333478,141.8092353910791,-55.7739602715184
0.46995000000000003,79.76247766740441,-117.24781233889152,-70.30972797732717,125.51219085898514,-9.45274969007724,-8.264378520093599,141.8065666388518,-55.77294963142619
0.47000000000000003,79.76296634182705,-117.24426236573483,-70.3101742817467,125.50894868252422,-9.45279206008035,-8.26468631678935,141.8039063542775,-55.77197958554055
0.47005,79.76337906168236,-117.24077883283863,-70.31054965949633,125.50578033304538,-9.452829402186051,-8.265001500206717,141.80125831835278,-55.77104997832746
0.4701,79.76371838793708,-117.2373645560318,-70.31085694662572,125.50268843165094,-9.452861441311342,-8.26532387561911,141.79862629487647,-55.77016059675193
0.47015,79.76398698593317,-117.23402225254304,-70.31109907602234,125.49967549060902,-9.452887909910837,-8.265653238065982,141.7960140250842,-55.76931117055104
0.4702,79.76418762156956,-117.23075453719196,-70.31127907321051,125.49674390983542,-9.45290854835906,-8.265989372643462,141.79342522235754,-55.76850137262755
0.47025,79.76432315738114,-117.2275639186208,-70.31140005206218,125.49389597343054,-9.452923105318964,-8.26633205480972,141.79086356690777,-55.76773081948721
0.4703,79.76439654847499,-117.22445279573928,-70.3114652103762,125.49113384644548,-9.452931338098827,-8.266681050706142,141.7883327005536,-55.76699907177261
0.47035000000000005,79.7644108383038,-117.22142345434132,-70.31147782530476,125.48845957182895,-9.452933012999063,-8.267036117487558,141.7858362215483,-55.766305634890855
0.47040000000000004,79.76436915436362,-117.21847806379529,-70.31144124872084,125.48587506746526,-9.452927905642806,-8.267397003669975,141.7833776794235,-55.7656499596838
0.47045000000000003,79.76427470371821,-117.21561867402198,-70.31135890242126,125.48338212350812,-9.452915801296951,-8.267763449486177,141.780960569972,-55.76503144322217
0.47050000000000003,79.76413076846382,-117.21284721253349,-70.31123427328812,125.48098239979106,-9.452896495175718,-8.268135187257558,141.7785883302458,-55.764449429634084
0.47055,79.76394070103639,-117.2101654817017,-70.31107090830275,125.47867742347407,-9.452869792733644,-8.268511941772385,141.77626433365478,-55.76390321103915
0.4706,79.76370791945486,-117.20757515622203,-70.31087240951334,125.47646858690125,-9.452835509941517,-8.268893430679181,141.77399188518865,-55.763392028549134
0.47065,79.76343590246614,-117.20507778068027,-70.31064242891857,125.4743571455681,-9.452793473547587,-8.269279364887835,141.7717742166689,-55.76291507332571
0.4707,79.76312818457549,-117.20267476740091,-70.31038466325002,125.47234421638107,-9.452743521325518,-8.269669448980183,141.7696144821667,-55.76247148774146
0.47075,79.76278835104624,-117.20036739442149,-70.31010284874289,125.47043077605302,-9.452685502303373,-8.270063381631507,141.76751575350812,-55.762060366580705
0.4708,79.76242003277184,-117.19815680365816,-70.30980075579191,125.46861765969591,-9.452619276979977,-8.270460856037726,141.76548101586357,-55.76168075832746
0.47085000000000005,79.76202690112797,-117.19604399932093,-70.30948218360535,125.46690555967339,-9.452544717522636,-8.270861560352447,141.76351316353242,-55.76133166651787
0.47090000000000004,79.76161266275433,-117.19402984644206,-70.30915095480607,125.46529502457366,-9.45246170794826,-8.27126517813159,141.76161499578086,-55.76101205114291
0.47095000000000004,79.76118105425958,-117.19211506966923,-70.30881090996948,125.46378645845034,-9.452370144290104,-8.271671388781073,141.7597892128546,-55.7607208301381
0.47100000000000003,79.76073583693481,-117.1903002522426,-70.30846590219105,125.46238012025833,-9.452269934743775,-8.272079868015767,141.75803841214815,-55.76045688091324
0.47105,79.76028079138379,-117.18858583513081,-70.30811979158494,125.46107612344942,-9.45216099979886,-8.27249028831859,141.75636508445822,-55.760219041947195
0.4711,79.75981971214684,-117.1869721164435,-70.3077764397947,125.45987443585075,-9.452043272352144,-8.272902319407292,141.7547716104621,-55.760006114448856
0.47115,79.75935640231113,-117.18545925099096,-70.30743970450852,125.45877487969494,-9.451916697802645,-8.27331562870392,141.7532602573096,-55.7598168640571
0.4712,79.75889466808758,-117.18404725004649,-70.30711343395801,125.4577771318546,-9.45178123412958,-8.273729881808084,141.75183317536397,-55.75965002259923
0.47125,79.75843831342283,-117.18273598136355,-70.30680146147157,125.45688072433688,-9.45163685195128,-8.274144742973348,141.75049239517313,-55.75950428989657
0.4713,79.75799113455206,-117.18152516933884,-70.3065075999835,125.45608504492205,-9.451483534568554,-8.274559875583224,141.74923982452844,-55.75937833562412
0.47135000000000005,79.75755691463135,-117.18041439540521,-70.30623563664463,125.45538933803682,-9.451321277986745,-8.27497494263162,141.7480772457586,-55.759270801196934
0.47140000000000004,79.75713941833794,-117.17940309865443,-70.30598932741526,125.45479270585577,-9.451150090922692,-8.275389607201308,141.74700631319567,-55.75918030172038
0.47145000000000004,79.75674238651128,-117.17849057659416,-70.30577239171915,125.45429410953685,-9.450969994792167,-8.27580353294264,141.7460285507756,-55.7591054279583
0.47150000000000003,79.75636953085699,-117.17767598617733,-70.30558850717891,125.45389237073165,-9.450781023678086,-8.276216384554278,141.74514534989962,-55.75904474834295
0.47155,79.75602452863588,-117.17695834499844,-70.30544130435163,125.4535861732554,-9.450583224284244,-8.27662782825698,141.74435796742623,-55.75899681102864
0.4716,79.75571101745142,-117.17633653266498,-70.30533436158461,125.45337406493613,-9.450376655866807,-8.277037532271187,141.74366752386356,-55.75896014595315
0.47165,79.75543259008516,-117.17580929242969,-70.30527119993442,125.45325445971758,-9.450161390150745,-8.277445167287885,141.74307500180552,-55.758933266943075
0.4717,79.75519278934291,-117.1753752329543,-70.30525527811362,125.45322563988984,-9.449937511229301,-8.277850406935551,141.74258124448312,-55.75891467384614
0.47175,79.75499510307105,-117.17503283028412,-70.30528998762958,125.45328575853158,-9.449705115441528,-8.278252928247385,141.74218695458686,-55.758902854655084
0.4718,79.7548429591573,-117.17478043004557,-70.30537864791971,125.45343284216396,-9.449464311237621,-8.278652412118353,141.74189269326567,-55.75889628768794
0.47185000000000005,79.7547397206647,-117.17461624975353,-70.3055245016412,125.45366479351357,-9.449215219023506,-8.279048543760029,141.74169887929233,-55.75889344374921
0.47190000000000004,79.7546886810603,-117.17453838139117,-70.30573071007097,125.45397939454021,-9.448957970989351,-8.279441013149006,141.74160578850856,-55.75889278832157
0.47195000000000004,79.7546930595074,-117.1745447941018,-70.3060003485845,125.45437430956781,-9.44869271092291,-8.27982951546599,141.74161355339936,-55.75889278376207
0.47200000000000003,79.75475599629684,-117.17463333707306,-70.3063364022933,125.45484708860432,-9.44841959400354,-8.280213751531267,141.74172216290572,-55.75889189149581
0.47205,79.75488054838969,-117.17480174262387,-70.30674176180729,125.45539517085294,-9.448138786582433,-8.280593428229045,141.7419314624685,-55.75888857421837
0.4721,79.75506968505366,-117.17504762938812,-70.30721921910872,125.45601588831384,-9.447850465944969,-8.280968258925679,141.7422411542062,-55.758881298089065
0.47215,79.75532628365347,-117.1753685057355,-70.3077714635942,125.45670646961193,-9.447554820059315,-8.281337963876386,141.74265079737623,-55.75886853492643
0.4722,79.75565312554617,-117.1757617733125,-70.30840107823722,125.4574640439359,-9.447252047308982,-8.281702270623352,141.7431598089958,-55.75884876439578
0.47225,79.75605289212082,-117.17622473071543,-70.30911053591004,125.45828564509848,-9.446942356210766,-8.282060914383042,141.74376746465398,-55.75882047617828
0.4723,79.75652816100323,-117.1767545773681,-70.30990219588571,125.45916821579176,-9.446625965117533,-8.282413638423645,141.74447289958667,-55.75878217213095
0.47235000000000005,79.7570814023794,-117.17734841746905,-70.31077830047161,125.46010861189905,-9.446303101907807,-8.28276019442997,141.74527510987699,-55.75873236842242
0.47240000000000004,79.75771497546594,-117.17800326413611,-70.31174097180367,125.46110360699204,-9.445974003662263,-8.283100342855935,141.7461729539022,-55.758669597663875
0.47245000000000004,79.75843112519098,-117.17871604365274,-70.31279220886542,125.46214989691919,-9.44563891632559,-8.283433853266413,141.74716515398407,-55.75859241099214
0.47250000000000003,79.75923197896228,-117.17948359981817,-70.31393388460543,125.46324410448287,-9.445298094356838,-8.283760504664702,141.74825029817467,-55.758499380146645
0.47255,79.76011954366346,-117.1803026984707,-70.3151677432951,125.46438278427665,-9.444951800368353,-8.284080085805952,141.74942684231462,-55.75838909950871
0.4726,79.76109570279482,-117.18117003206683,-70.31649539804393,125.46556242756586,-9.44460030475093,-8.284392395499001,141.7506931122192,-55.75826018810444
0.47265,79.76216221377958,-117.18208222438436,-70.31791832848909,125.4667794672756,-9.444243885290554,-8.284697242891207,141.75204730606066,-55.75811129157957
0.4727,79.76332070549982,-117.18303583534056,-70.31943787872851,125.4680302830824,-9.443882826771349,-8.284994447741814,141.75348749697528,-55.75794108412294
0.47275,79.76457267594323,-117.1840273658649,-70.32105525537092,125.46931120654153,-9.443517420572292,-8.285283840676644,141.75501163577817,-55.75774827036432
0.4728,79.76591949008196,-117.18505326289491,-70.32277152583003,125.47061852632446,-9.443147964251956,-8.28556526342952,141.75661755391087,-55.75753158722158
0.47285000000000005,79.76736237794789,-117.18610992442828,-70.32458761682243,125.47194849349574,-9.44277476112551,-8.285838569067442,141.758302966546,-55.757289805694164
0.47290000000000004,79.76890243284865,-117.18719370463062,-70.32650431301565,125.47329732683019,-9.442398119833046,-8.286103622199546,141.76006547581707,-55.757021732620984
0.47295000000000004,79.77054060985672,-117.18830091903996,-70.32852225595639,125.47466121821013,-9.442018353900368,-8.286360299170141,141.76190257428215,-55.756726212367994
0.47300000000000003,79.77227772442113,-117.18942784979558,-70.33064194312827,125.47603633803008,-9.441635781292879,-8.286608488234503,141.76381164847615,-55.75640212847932
0.47305,79.77411445119697,-117.19057075093366,-70.3328637272321,125.47741884065006,-9.44125072396488,-8.286848089716385,141.76578998264097,-55.75604840526964
0.4731,79.77605132313646,-117.19172585371301,-70.33518781573804,125.47880486986583,-9.440863507398452,-8.287079016152799,141.76783476262705,-55.755664009334886
0.47315,79.77808873065601,-117.19288937198132,-70.33761427051124,125.48019056439558,-9.440474460144804,-8.287301192414253,141.76994307987104,-55.75524795104577
0.4732,79.78022692115093,-117.19405750754798,-70.34014300779857,125.48157206336401,-9.440083913352346,-8.287514555816015,141.77211193557355,-55.754799285925486
0.47325,79.78246599861622,-117.19522645559987,-70.34277379831771,125.48294551180457,-9.439692200298538,-8.287719056204695,141.77433824497186,-55.754317116000735
0.4733,79.78480592347066,-117.19639241010685,-70.34550626755524,125.4843070661364,-9.439299655915397,-8.287914656029518,141.77661884171746,-55.75380059108146
0.47335000000000005,79.78724651267167,-117.1975515692385,-70.34833989635966,125.48565289963581,-9.43890661631203,-8.288101330397302,141.7789504824258,-55.75324890994494
0.47340000000000004,79.7897874399224,-117.19870014077227,-70.35127402162483,125.48697920787856,-9.438513418297582,-8.288279067106291,141.7813298512701,-55.75266132148633
0.47345000000000004,79.79242823615743,-117.19983434748374,-70.35430783725539,125.48828221414797,-9.438120398902026,-8.28844786666419,141.78375356471545,-55.752037125770954
0.47350000000000003,79.7951682902217,-117.20095043253164,-70.35744039532568,125.4895581748191,-9.437727894895996,-8.288607742287441,141.78621817635712,-55.75137567502016
0.47355,79.79800684971423,-117.20204466478006,-70.36067060740167,125.49080338466263,-9.43733624231258,-8.28875871988258,141.78872018179774,-55.750676374527
0.4736,79.80094302208585,-117.20311334412456,-70.3639972461177,125.49201418213407,-9.436945775968157,-8.288900838009507,141.7912560236699,-55.74993868348729
0.47365,79.80397577588802,-117.20415280675398,-70.36741894689999,125.49318695457956,-9.436556828988031,-8.289034147825555,141.7938220966889,-55.74916211576478
0.4737,79.8071039422361,-117.20515943035102,-70.37093420990531,125.49431814336494,-9.436169732330798,-8.289158713013888,141.79641475277458,-55.74834624057043
0.47375,79.8103262165004,-117.20612963926091,-70.37454140218168,125.49540424895308,-9.435784814318767,-8.289274609692171,141.7990303062734,-55.74749068305761
0.4738,79.81364116013455,-117.20705990955871,-70.37823875996494,125.49644183586396,-9.435402400169622,-8.289381926305232,141.80166503917226,-55.746595124848206
0.47385000000000005,79.81704720273493,-117.20794677407324,-70.38202439119993,125.49742753757178,-9.435022811535019,-8.289480763498547,141.80431520640548,-55.74565930447113
0.47390000000000004,79.82054264427272,-117.20878682732734,-70.38589627823006,125.4983580613019,-9.434646366042667,-8.289571233974543,141.80697704118802,-55.74468301772416
0.47395000000000004,79.82412565750415,-117.20957673035853,-70.38985228065991,125.49923019269234,-9.434273376844306,-8.28965346233379,141.8096467603485,-55.74366611794873
0.47400000000000003,79.82779429058373,-117.21031321549347,-70.39389013841345,125.50004080038975,-9.433904152170285,-8.289727584896271,141.81232056973695,-55.742608516226504
0.47405,79.83154646982771,-117.21099309098383,-70.39800747493584,125.50078684049184,-9.433538994891904,-8.289793749507947,141.81499466960088,-55.741510181494284
0.4741,79.83538000266962,-117.21161324553954,-70.40220180058091,125.50146536087102,-9.433178202088731,-8.28985211533147,141.81766525998304,-55.74037114057152
0.47415,79.83929258078551,-117.21217065277516,-70.40647051615711,125.50207350539293,-9.432822064628425,-8.289902852617796,141.82032854614164,-55.73919147811173
0.4742,79.8432817833646,-117.21266237549032,-70.41081091661407,125.50260851795653,-9.432470866750553,-8.289946142466192,141.82298074391346,-55.737971336467915
0.47425,79.84734508055783,-117.21308556986853,-70.41522019489332,125.50306774643325,-9.432124885664521,-8.289982176564708,141.82561808510832,-55.736710915480415
0.4743,79.85147983708453,-117.21343748951428,-70.4196954459309,125.50344864643269,-9.43178439115364,-8.290011156918396,141.8282368228576,-55.73541047217579
0.47435000000000005,79.85568331596572,-117.21371548935109,-70.4242336707738,125.50374878491374,-9.431449645191934,-8.290033295562635,141.83083323691767,-55.73407032039237
0.47440000000000004,79.85995268243293,-117.21391702940302,-70.42883178086133,125.50396584366284,-9.431120901571608,-8.29004881425978,141.8334036389743,-55.73269083032136
0.47445000000000004,79.8642850079558,-117.21403967838721,-70.43348660241413,125.50409762257294,-9.430798405541676,-8.290057944185746,141.83594437785692,-55.731272427966225
0.47450000000000003,79.86867727438853,-117.21408111719141,-70.4381948809288,125.50414204279048,-9.430482393459734,-8.290060925599072,141.83845184472352,-55.729815594536966
0.47455,79.87312637831006,-117.21403914215473,-70.4429532858554,125.50409714965608,-9.4301730924547,-8.290058007501303,141.8409224781906,-55.72832086573603
0.4746,79.87762913537885,-117.2139116682182,-70.44775841527401,125.50396111549908,-9.429870720104859,-8.290049447280893,141.8433527693631,-55.726788831010715
0.47465,79.88218228490496,-117.2136967318834,-70.45260680077686,125.50373224223132,-9.42957548412812,-8.290035510347906,141.8457392668272,-55.72522013269051
0.4747,79.88678249448787,-117.21339249399904,-70.45749491240274,125.50340896375634,-9.429287582085154,-8.290016469757237,141.84807858153695,-55.7236154650644
0.47475,79.8914263647157,-117.21299724239397,-70.46241916361465,125.5029898482124,-9.429007201101061,-8.289992605818394,141.8503673916083,-55.721975573404166
0.4748,79.89611043406437,-117.21250939429189,-70.46737591646843,125.50247359999072,-9.428734517595942,-8.289964205698809,141.8526024470442,-55.720301252872396
0.47485000000000005,79.90083118376131,-117.21192749858189,-70.47236148672428,125.5018590615955,-9.42846969703705,-8.28993156301359,141.85478057432096,-55.718593347410874
0.47490000000000004,79.90558504281859,-117.21125023787417,-70.47737214911714,125.50114521528273,-9.42821289370146,-8.289894977408549,141.85689868089133,-55.71685274852501
0.47495000000000004,79.91036839313271,-117.21047643036569,-70.48240414267597,125.50033118450055,-9.427964250456759,-8.289854754134847,141.85895375956883,-55.71508039400403
0.47500000000000003,79.9151775745762,-117.20960503154176,-70.48745367601722,125.49941623515463,-9.42772389855899,-8.289811203612869,141.8609428927711,-55.71327726660816
0.47505000000000003,79.9200088902662,-117.20863513563795,-70.49251693280185,125.49839977663082,-9.427491957464373,-8.28976464099282,141.86286325666535,-55.71144439264343
0.4751,79.92485861177693,-117.2075659769502,-70.49759007711609,125.49728136265449,-9.427268534660842,-8.289715385704243,141.86471212515698,-55.70958284052236
0.47515,79.92972298446294,-117.20639693090745,-70.50266925894894,125.49606069191132,-9.427053725514,-8.289663761003899,141.86648687374483,-55.707693719234875
0.4752,79.93459823280658,-117.20512751496898,-70.50775061967455,125.49473760848286,-9.426847613132033,-8.289610093513847,141.8681849832454,-55.70577817677288
0.47525,79.9394805657618,-117.20375738931325,-70.51283029751379,125.49331210207123,-9.426650268248029,-8.289554712757926,141.86980404334395,-55.70383739850991
0.4753,79.9443661821809,-117.20228635730801,-70.5179044330634,125.49178430800164,-9.426461749117525,-8.289497950693537,141.87134175601165,-55.70187260550482
0.47535000000000005,79.9492512761995,-117.20071436580552,-70.52296917476143,125.4901545070433,-9.426282101438083,-8.28944014123776,141.8727959387564,-55.69988505278099
0.47540000000000004,79.95413204265144,-117.1990415052078,-70.52802068436948,125.48842312500224,-9.426111358281988,-8.289381619794423,141.87416452770097,-55.69787602754458
0.47545000000000004,79.95900468249397,-117.19726800934235,-70.53305514244295,125.4865907321175,-9.42594954005103,-8.289322722775138,141.8754455805116,-55.695846847357515
0.47550000000000003,79.9638654081951,-117.19539425513182,-70.53806875374855,125.48465804225334,-9.425796654446572,-8.289263787121534,141.87663727913673,-55.69379885827746
0.47555000000000003,79.96871044913475,-117.19342076204988,-70.54305775267638,125.48262591187678,-9.425652696458364,-8.289205149826913,141.87773793237758,-55.69173343294579
0.4756,79.9735360569663,-117.19134819138988,-70.54801840859383,125.48049533884462,-9.425517648372498,-8.289147147454708,141.87874597828412,-55.68965196864728
0.47565,79.9783385109409,-117.18917734532006,-70.55294703114517,125.47826746098238,-9.425391479795751,-8.28909011566229,141.8796599863544,-55.687555885334724
0.4757,79.98311412320584,-117.18690916574603,-70.55783997550637,125.47594355446724,-9.425274147699476,-8.289034388721202,141.88047865956253,-55.685446623619384
0.47575,79.98785924405169,-117.18454473296764,-70.56269364757085,125.47352503201043,-9.42516559648084,-8.28898029904279,141.88120083618944,-55.6833256427326
0.4758,79.99257026709856,-117.18208526414318,-70.56750450905776,125.47101344084919,-9.42506575804082,-8.28892817670599,141.88182549146183,-55.681194418464806
0.47585,79.99724363443306,-117.17953211155888,-70.57226908255022,125.46841046054485,-9.42497455188283,-8.288878348985973,141.8823517390049,-55.67905444107733
0.47590000000000005,80.00187584166784,-117.17688676070118,-70.57698395644255,125.46571790059194,-9.424891885225316,-8.288831139890723,141.8827788320902,-55.67690721319585
0.47595000000000004,80.00646344291025,-117.17415082815711,-70.58164578977444,125.46293769785522,-9.424817653135802,-8.288786869698113,141.88310616469263,-55.67475424769562
0.47600000000000003,80.0110030557039,-117.17132605928813,-70.58625131702613,125.46007191379033,-9.424751738677791,-8.288745854502176,141.88333327234693,-55.67259706554459
0.47605000000000003,80.01549136578687,-117.16841432578178,-70.59079735270741,125.45712273154383,-9.424694013079495,-8.28870840576204,141.88345983280215,-55.67043719368034
0.4761,80.01992513184732,-117.16541762296276,-70.59528079593184,125.45409245282197,-9.42464433591548,-8.28867482985918,141.8834856664782,-55.66827616283326
0.47615,80.02430119012742,-117.16233806695854,-70.59969863482107,125.45098349462141,-9.424602555306379,-8.288645427662823,141.88341073671901,-55.66611550536744
0.4762,80.02861645889521,-117.15917789170908,-70.60404795075898,125.44779838580895,-9.42456850813624,-8.288620494099868,141.88323514984458,-55.66395675313021
0.47625,80.03286794287781,-117.15593944575444,-70.60832592259513,125.44453976349196,-9.424542020282699,-8.288600317737519,141.882959155,-55.661801435263904
0.4763,80.03705273747185,-117.15262518892965,-70.61252983060542,125.44121036930069,-9.424522906866436,-8.288585180371017,141.88258314380482,-55.65965107607066
0.47635,80.0411680329009,-117.14923768884745,-70.61665706038751,125.43781304547106,-9.424510972513406,-8.28857535662357,141.882107649799,-55.65750719284638
0.47640000000000005,80.04521111822666,-117.14577961723482,-70.62070510659484,125.43435073079122,-9.424506011631872,-8.28857111355635,141.88153334768842,-55.65537129372978
0.47645000000000004,80.04917938515972,-117.14225374616734,-70.62467157645278,125.43082645645443,-9.424507808706915,-8.288572710287088,141.88086105239472,-55.653244875594574
0.47650000000000003,80.05307033182139,-117.13866294408562,-70.62855419321656,125.42724334170853,-9.424516138604826,-8.288580397622912,141.88009171789975,-55.65112942190777
0.47655000000000003,80.05688156627268,-117.1350101717391,-70.6323507993782,125.42360458944226,-9.424530766894506,-8.288594417703148,141.87922643590088,-55.64902640064846
0.4766,80.06061080991209,-117.13129847797825,-70.63605935973091,125.41991348163246,-9.424551450181193,-8.288615003654181,141.87826643426908,-55.64693726223504
0.47665,80.06425590074267,-117.12753099539458,-70.63967796429071,125.41617337465314,-9.424577936451941,-8.28864237925857,141.87721307530933,-55.64486343746058
0.4767,80.0678147964165,-117.12371093589348,-70.64320483098179,125.41238769452994,-9.42460996543478,-8.28867675863642,141.87606785384202,-55.64280633548612
0.47675,80.07128557717246,-117.11984158609732,-70.6466383082047,125.40855993203895,-9.424647268967776,-8.288718345941621,141.8748323950856,-55.64076734182999
0.4768,80.07466644853984,-117.11592630268902,-70.64997687715764,125.4046936377587,-9.42468957138223,-8.288767335069673,141.87350845235977,-55.63874781642047
0.47685,80.07795574390433,-117.1119685076347,-70.65321915401128,125.40079241701888,-9.424736589893056,-8.288823909384163,141.8720979046124,-55.63674909166575
0.47690000000000005,80.08115192687828,-117.10797168330542,-70.6563638918759,125.39685992475917,-9.424788035002377,-8.288888241453705,141.87060275375453,-55.63477247056486
0.47695000000000004,80.08425359347598,-117.10393936754043,-70.65940998256505,125.3928998603481,-9.424843610910948,-8.288960492807652,141.8690251218382,-55.632819224869124
0.47700000000000004,80.08725947412816,-117.09987514859958,-70.6623564581901,125.38891596230647,-9.424903015938042,-8.28904081370693,141.867367248053,-55.63089059327059
0.47705000000000003,80.09016843547286,-117.09578266006334,-70.66520249252066,125.38491200299164,-9.424965942952173,-8.2891293429283,141.86563148555467,-55.62898777965174
0.4771,80.0929794819726,-117.0916655756736,-70.66794740216604,125.38089178324284,-9.425032079806595,-8.289226207569225,141.86382029814746,-55.62711195137828
0.47715,80.09569175734168,-117.08752760408741,-70.67059064755821,125.37685912695348,-9.42510110978347,-8.289331522866059,141.86193625678814,-55.6252642376339
0.4772,80.09830454573346,-117.08337248362761,-70.67313183368721,125.37281787565622,-9.425172712046274,-8.289445392028588,141.85998203595315,-55.62344572783296
0.47725,80.10081727279497,-117.07920397694676,-70.67557071070195,125.36877188304344,-9.425246562093063,-8.289567906096641,141.85796040985926,-55.621657470056185
0.4773,80.10322950646153,-117.07502586567452,-70.67790717424077,125.36472500948169,-9.42532233222079,-8.289699143807168,141.85587424852454,-55.619900469567845
0.47735,80.10554095757908,-117.07084194505049,-70.68014126558934,125.3606811165352,-9.425399691989737,-8.289839171484681,141.85372651372037,-55.61817568738547
0.47740000000000005,80.10775148031628,-117.06665601851473,-70.68227317162207,125.3566440614607,-9.425478308694176,-8.28998804294595,141.8515202547698,-55.61648403890871
0.47745000000000004,80.10986107236704,-117.06247189229823,-70.68430322453102,125.35261769172102,-9.425557847836023,-8.29014579942276,141.84925860422769,-55.614826392616564
0.47750000000000004,80.11186987495205,-117.05829337002429,-70.6862319013519,125.34860583952883,-9.425637973600194,-8.290312469504526,141.84694477345616,-55.613203568832624
0.47755000000000003,80.11377817262567,-117.05412424727442,-70.68805982329322,125.34461231637088,-9.42571834933245,-8.290488069096464,141.84458204806072,-55.61161633854584
0.4776,80.11558639287207,-117.04996830619955,-70.68978775485424,125.3406409075979,-9.425798638017847,-8.290672601398347,141.84217378324428,-55.61006542231044
0.47765,80.11729510548945,-117.04582931014913,-70.691416602729,125.33669536704822,-9.425878502760447,-8.290866056899072,141.83972339905574,-55.608551489219366
0.4777,80.11890502178304,-117.04171099829703,-70.69294741452002,125.33277941168676,-9.42595760726304,-8.2910684133897,141.8372343755277,-55.60707515593936
0.47775,80.12041699354963,-117.03761708034979,-70.69438137724475,125.32889671634578,-9.42603561630487,-8.291279635995995,141.8347102477629,-55.60563698583327
0.4778,80.1218320118694,-117.03355123124852,-70.69571981565052,125.32505090847594,-9.426112196218908,-8.291499677227407,141.83215460090668,-55.60423748814388
0.47785,80.12315120570736,-117.02951708593707,-70.69696419034187,125.32124556298261,-9.426187015365482,-8.291728477045503,141.82957106506484,-55.60287711725536
0.47790000000000005,80.1243758402781,-117.02551823422509,-70.69811609567228,125.31748419717317,-9.426259744605868,-8.29196596294805,141.8269633101657,-55.60155627205422
0.47795000000000004,80.1255073152793,-117.02155821563574,-70.69917725751077,125.31377026570895,-9.42633005776856,-8.292212050073207,141.82433504073376,-55.60027529532959
0.47800000000000004,80.12654716288256,-117.01764051440264,-70.70014953076834,125.3101071557229,-9.426397632114213,-8.292466641320289,141.8216899906485,-55.599034473287645
0.47805000000000003,80.12749704554945,-117.01376855451261,-70.7010348967545,125.3064981819993,-9.42646214879502,-8.292729627486697,141.8190319178409,-55.59783403513397
0.4781,80.12835875368107,-117.00994569481055,-70.70183546037346,125.30294658223495,-9.426523293307644,-8.293000887424409,141.81636459894582,-55.59667415272496
0.47815,80.12913420305661,-117.00617522425831,-70.70255344711553,125.29945551247002,-9.426580755941046,-8.29328028821167,141.81369182396068,-55.59555494032406
0.4782,80.12982543212517,-117.00246035721956,-70.70319119990882,125.29602804256251,-9.426634232216344,-8.293567685342945,141.81101739084164,-55.59447645441248
0.47825,80.13043459909672,-116.9988042289038,-70.70375117577638,125.29266715183742,-9.426683423320346,-8.293862922933645,141.80834510011556,-55.59343869360274
0.4783,80.13096397886346,-116.99520989092326,-70.70423594233228,125.28937572486527,-9.426728036531186,-8.294165833941992,141.80567874948838,-55.59244159863421
0.47835,80.13141595977858,-116.99168030691617,-70.70464817414472,125.2861565473226,-9.426767785633853,-8.294476240406466,141.8030221284255,-55.591485052431196
0.47840000000000005,80.13179304024764,-116.98821834836546,-70.70499064891966,125.28301230206499,-9.426802391327977,-8.294793953699502,141.80037901278655,-55.590568880267945
0.47845000000000004,80.13209782518676,-116.98482679049334,-70.70526624356253,125.279945565289,-9.426831581624251,-8.295118774795643,141.79775315944548,-55.589692849995444
0.47850000000000004,80.13233302231131,-116.98150830830812,-70.70547793007938,125.27695880286291,-9.426855092231916,-8.295450494554792,141.7951483009393,-55.588856672359505
0.47855000000000003,80.13250143827166,-116.97826547283516,-70.70562877133631,125.27405436685369,-9.42687266693537,-8.29578889401853,141.7925681401804,-55.588060001412096
0.4786,80.13260597468685,-116.97510074741008,-70.70572191672991,125.27123449213379,-9.42688405795698,-8.296133744723702,141.79001634516146,-55.58730243497116
0.47865,80.13264962399214,-116.97201648421166,-70.70576059768096,125.26850129323684,-9.426889026311198,-8.296484809025138,141.7874965437509,-55.586583515197646
0.4787,80.13263546519266,-116.96901492091104,-70.70574812304886,125.26585676134631,-9.426887342143804,-8.296841840435217,141.78501231853022,-55.58590272923074
0.47875,80.1325666594938,-116.96609817745907,-70.70568787443565,125.26330276143334,-9.426878785058168,-8.297204583974253,141.78256720167403,-55.5852595098964
0.4788,80.13244644578116,-116.9632682531167,-70.70558330135077,125.2608410296492,-9.426863144430381,-8.29757277653252,141.7801646699443,-55.58465323652203
0.47885,80.13227813603979,-116.960527023573,-70.70543791633277,125.25847317081858,-9.42684021970703,-8.297946147245531,141.7778081397212,-55.584083235792164
0.47890000000000005,80.13206511061915,-116.95787623829082,-70.7052552899271,125.2562006561692,-9.426809820692064,-8.298324417878355,141.7755009621333,-55.58354878270832
0.47895000000000004,80.13181081343986,-116.95531751803341,-70.70503904562341,125.25402482125531,-9.426771767816465,-8.298707303221871,141.77324641830322,-55.58304910161038
0.47900000000000004,80.13151874708512,-116.95285235252874,-70.70479285469106,125.25194686402713,-9.426725892394105,-8.299094511498339,141.7710477146404,-55.582583367268754
0.47905000000000003,80.13119246783104,-116.95048209837137,-70.70452043097005,125.24996784314821,-9.426672036861028,-8.299485744776826,141.76890797829427,-55.582150706052126
0.4791,80.13083558058072,-116.94820797709008,-70.70422552558074,125.2480886764872,-9.426610054999983,-8.29988069939714,141.76683025268915,-55.581750197166066
0.47915,80.13045173372707,-116.94603107339884,-70.70391192157807,125.24631013979912,-9.426539812149041,-8.300279066400227,141.76481749316906,-55.581380873958324
0.4792,80.13004461397803,-116.94395233367618,-70.70358342858586,125.24463286564601,-9.426461185392194,-8.300680531969745,141.76287256280904,-55.58104172528989
0.47925,80.129617941101,-116.94197256459832,-70.70324387736605,125.24305734247494,-9.426374063734961,-8.301084777876603,141.76099822830707,-55.58073169696916
0.4793,80.12917546264272,-116.94009243199146,-70.70289711438141,125.24158391392501,-9.42627834826131,-8.301491481933562,141.75919715604238,-55.58044969324541
0.47935,80.12872094859554,-116.93831245990529,-70.70254699632055,125.24021277835752,-9.42617395227502,-8.301900318452184,141.75747190828545,-55.580194578371895
0.47940000000000005,80.12825818601745,-116.93663302984392,-70.70219738459389,125.23894398854986,-9.426060801423581,-8.302310958705892,141.75582493951157,-55.579965178221315
0.47945000000000004,80.12779097367553,-116.93505438023637,-70.7018521398731,125.23777745163532,-9.425938833802453,-8.302723071398919,141.75425859292508,-55.57976028194931
0.47950000000000004,80.12732311661598,-116.93357660610035,-70.70151511657144,125.23671292923676,-9.42580800004455,-8.303136323136401,141.75277509710108,-55.57957864372784
0.47955000000000003,80.12685842075815,-116.93219965889098,-70.70119015736807,125.23575003778937,-9.425668263390083,-8.303550378898409,141.75137656279378,-55.5794189845137
0.4796,80.12640068749924,-116.93092334658895,-70.70088108776153,125.23488824910757,-9.42551959973773,-8.303964902518617,141.7500649799482,-55.579279993869356
0.47965,80.12595370827424,-116.92974733396146,-70.70059171059323,125.23412689112071,-9.425361997681033,-8.304379557159196,141.7488422148293,-55.57916033183916
0.4797,80.12552125919412,-116.92867114303583,-70.70032580067183,125.23346514882923,-9.425195458522285,-8.3047940057934,141.74771000737115,-55.57905863084913
0.47975,80.12510709565419,-116.92769415380162,-70.70008709938148,125.23290206548371,-9.425019996272697,-8.305207911682084,141.74666996869811,-55.57897349766976
0.4798,80.12471494699193,-116.92681560506162,-70.69987930936044,125.23243654391588,-9.424835637631498,-8.305620938854254,141.74572357879723,-55.578903515397215
0.47985,80.12434851120457,-116.92603459553702,-70.69970608925709,125.23206734812217,-9.424642421947468,-8.306032752585171,141.74487218443457,-55.578847245473725
0.47990000000000005,80.12401144965716,-116.92535008514625,-70.69957104849287,125.23179310501763,-9.424440401164325,-8.306443019871299,141.74411699721017,-55.57880322975139
0.47995000000000004,80.12370738190047,-116.92476089646604,-70.6994777421551,125.23161230637132,-9.424229639745406,-8.306851409905212,141.74345909182605,-55.57876999256183
0.48000000000000004,80.12343988050499,-116.92426571644275,-70.6994296659218,125.23152331098801,-9.424010214583214,-8.307257594545224,141.74289940457055,-55.578746042838404
0.48005000000000003,80.12321246599242,-116.9238630982165,-70.69943025110352,125.23152434699945,-9.423782214888915,-8.30766124878293,141.74243873195155,-55.57872987623205
0.4801,80.12302860181403,-116.92355146321331,-70.69948285974772,125.23161351441833,-9.423545742066329,-8.308062051204988,141.74207772957826,-55.57871997727352
0.48015,80.12289168943435,-116.92332910338362,-70.69959077986674,125.23178878783365,-9.42330090956762,-8.308459684450009,141.74181691122413,-55.57871482153414
0.4802,80.12280506349126,-116.92319418360653,-70.69975722076055,125.23204801926818,-9.423047842730726,-8.30885383566163,141.74165664807074,-55.57871287779946
0.48025,80.12277198704656,-116.92314474434414,-70.69998530844349,125.23238894127518,-9.422786678603087,-8.309244196931028,141.74159716820998,-55.578712610270095
0.4803,80.12279564695636,-116.92317870438745,-70.70027808121195,125.23280917012518,-9.422517565744435,-8.309630465737703,141.74163855629035,-55.578712480743704
0.48035,80.12287914931899,-116.92329386384023,-70.70063848530137,125.23330620921739,-9.42224066401764,-8.31001234537711,141.74178075340495,-55.57871095082562
0.48040000000000005,80.12302551507456,-116.92348790725232,-70.7010693707147,125.23387745263695,-9.421956144359864,-8.31038954538458,141.74202355718882,-55.578706484123046
0.48045000000000004,80.12323767570183,-116.92375840688457,-70.70157348716225,125.23452018883269,-9.421664188539628,-8.310761781948063,141.74236662208133,-55.57869754843681
0.48050000000000004,80.12351846903977,-116.92410282619831,-70.70215348014086,125.23523160450956,-9.42136498889891,-8.311128778311225,141.7428094598451,-55.578682617962684
0.48055000000000003,80.1238706352726,-116.92451852343844,-70.70281188719406,125.23600878860665,-9.421058748078554,-8.311490265168171,141.74335144025557,-55.578660175459326
0.4806,80.1242968129964,-116.92500275539916,-70.70355113426521,125.23684873644441,-9.420745678731196,-8.311845981045238,141.7439917919883,-55.57862871443041
0.48065,80.12479953551119,-116.92555268132986,-70.70437353229377,125.23774835400431,-9.420426003217425,-8.312195672674433,141.74472960375033,-55.5785867412632
0.4807,80.12538122717501,-116.92616536697008,-70.70528127388438,125.23870446232247,-9.42009995329062,-8.312539095352394,141.74556382555386,-55.57853277737545
0.48075,80.1260441999744,-116.9268377887271,-70.70627643020717,125.23971380201574,-9.419767769767228,-8.31287601328863,141.74649327023067,-55.578465361322124
0.4808,80.12679065025168,-116.9275668379759,-70.70736094806905,125.2407730379185,-9.41942970218263,-8.313206199942572,141.74751661513713,-55.578383050877214
0.48085,80.12762265553914,-116.92834932547876,-70.70853664710023,125.24187876382167,-9.419086008438892,-8.313529438342908,141.74863240401882,-55.578284425106425
0.48090000000000005,80.12854217165123,-116.92918198592427,-70.70980521721636,125.24302750732376,-9.418736954434879,-8.313845521399482,141.74983904912023,-55.57816808638048
0.48095000000000004,80.12955102986716,-116.93006148257608,-70.7111682161764,125.24421573477105,-9.41838281369074,-8.314154252194955,141.75113483343657,-55.57803266238239
0.48100000000000004,80.13065093433225,-116.93098441201002,-70.71262706737502,125.24543985627663,-9.41802386695726,-8.314455444266594,141.75251791316276,-55.577876808061134
0.48105000000000003,80.13184345966167,-116.9319473089636,-70.71418305784522,125.24669623083523,-9.41766040181644,-8.314748921871626,141.75398632034995,-55.57769920754262
0.4811,80.13313004865454,-116.93294665126216,-70.71583733638103,125.24798117149807,-9.417292712273508,-8.31503452023592,141.75553796568764,-55.577498576020304
0.48115,80.1345120102836,-116.93397886482357,-70.71759091194612,125.24929095061349,-9.416921098337461,-8.315312085789937,141.75717064150686,-55.57727366157093
0.4812,80.13599051781034,-116.93504032875829,-70.71944465221523,125.2506218051443,-9.416545865595094,-8.315581476386011,141.75888202493317,-55.57702324694912
0.48125,80.13756660710986,-116.93612738050112,-70.72139928233315,125.25196994200165,-9.41616732477674,-8.315842561500517,141.76066968118397,-55.576746151318225
0.4813,80.13924117523077,-116.93723632103135,-70.72345538391853,125.25333154345259,-9.415785791312235,-8.316095222421223,141.76253106707193,-55.57644123192197
0.48135,80.14101497907778,-116.9383634201375,-70.72561339419264,125.25470277255096,-9.415401584885187,-8.316339352413456,141.7644635346141,-55.5761073857241
0.48140000000000005,80.14288863436434,-116.93950492170754,-70.72787360538912,125.25607977858233,-9.415015028975226,-8.316574856874768,141.76646433481434,-55.57574355096298
0.48145000000000004,80.1448626147249,-116.94065704909929,-70.73023616432423,125.25745870256608,-9.414626450400611,-8.316801653466815,141.76853062160228,-55.57534870866996
0.48150000000000004,80.14693725104294,-116.94181601047896,-70.73270107219217,125.25883568271404,-9.41423617885078,-8.317019672235066,141.7706594558667,-55.574921884107525
0.48155000000000003,80.14911273097901,-116.94297800424425,-70.73526818455932,125.26020685995027,-9.413844546419678,-8.317228855706016,141.7728478096717,-55.574462148159036
0.48160000000000003,80.15138909870632,-116.94413922442051,-70.7379372115745,125.26156838339077,-9.413451887131833,-8.317429158970238,141.7750925705671,-55.573968618642056
0.48165,80.15376625484694,-116.94529586606251,-70.74070771837941,125.26291641580902,-9.413058536467595,-8.317620549746458,141.77739054601597,-55.573440461555066
0.4817,80.15624395661304,-116.94644413069416,-70.74357912572675,125.26424713912047,-9.412664830886255,-8.317803008426287,141.77973846796883,-55.572876892263466
0.48175,80.1588218181563,-116.94758023168289,-70.7465507108094,125.26555675978653,-9.412271107346943,-8.317976528103577,141.7821329975002,-55.572277176600444
0.4818,80.16149931110269,-116.94870039964614,-70.749621608273,125.26684151422914,-9.411877702829692,-8.318141114582957,141.7845707295759,-55.57164063191237
0.48185,80.16427576532394,-116.9498008878107,-70.75279081146753,125.26809767418268,-9.411484953856403,-8.31829678637194,141.78704819791358,-55.570966628013835
0.48190000000000005,80.16715036987644,-116.95087797732553,-70.75605717386577,125.26932155198126,-9.411093196010679,-8.318443574655703,141.78956187989886,-55.57025458807532
0.48195000000000005,80.17012217415754,-116.95192798257794,-70.75941941069478,125.27050950582857,-9.410702763462773,-8.318581523250613,141.7921082016254,-55.56950398943865
0.48200000000000004,80.17319008926715,-116.95294725641502,-70.76287610077536,125.27165794495906,-9.410313988491811,-8.318710688544025,141.79468354297194,-55.56871436434165
0.48205000000000003,80.17635288954105,-116.95393219533672,-70.76642568852618,125.27276333474971,-9.409927201014892,-8.318831139412955,141.79728424275143,-55.56788530057853
0.48210000000000003,80.17960921430972,-116.95487924463349,-70.77006648619279,125.27382220175943,-9.409542728116941,-8.318942957125957,141.79990660394043,-55.56701644207207
0.48215,80.18295756981753,-116.95578490342757,-70.77379667623138,125.2748311386555,-9.409160893586163,-8.3190462352279,141.80254689891848,-55.56610748936986
0.4822,80.18639633135719,-116.95664572966265,-70.77761431390466,125.27578680906944,-9.408782017452596,-8.319141079406755,141.80520137478496,-55.56515820005681
0.48225,80.18992374559681,-116.95745834499114,-70.78151733006385,125.27668595233523,-9.408406415533014,-8.319227607344027,141.80786625869868,-55.56416838907977
0.4823,80.19353793303056,-116.95821943959118,-70.78550353404802,125.27752538813692,-9.408034398982549,-8.319305948545688,141.8105377632282,-55.56313792901496
0.48235,80.19723689070538,-116.95892577686254,-70.78957061685462,125.27830202102254,-9.407666273850795,-8.319376244159955,141.81321209175667,-55.562066750215514
0.4824,80.20101849502856,-116.95957419804255,-70.79371615438107,125.27901284481729,-9.40730234064748,-8.319438646774756,141.81588544386463,-55.560954840914086
0.48245000000000005,80.20488050479817,-116.96016162669257,-70.79793761088303,125.27965494689397,-9.406942893915147,-8.319493320201348,141.81855402073103,-55.55980224722165
0.48250000000000004,80.20882056442048,-116.96068507307092,-70.8022323426122,125.28022551231317,-9.406588221808315,-8.319540439242273,141.82121403054438,-55.558609073038454
0.48255000000000003,80.21283620720877,-116.96114163839658,-70.80659760152221,125.28072182783723,-9.40623860568659,-8.319580189440638,141.8238616938686,-55.55737547991315
0.48260000000000003,80.21692485893861,-116.96152851896085,-70.81103053922719,125.2811412857791,-9.405894319711434,-8.319612766818222,141.82649324902698,-55.55610168678224
0.48265,80.22108384149708,-116.96184301011832,-70.81552821103931,125.28148138771434,-9.40555563045779,-8.319638377596004,141.82910495743835,-55.5547879696513
0.4827,80.22531037665512,-116.96208251014957,-70.82008758011943,125.28173974804858,-9.405222796535709,-8.319657237898983,141.83169310891583,-55.55343466120634
0.48275,80.22960159008848,-116.96224452393425,-70.82470552186851,125.28191409738649,-9.404896068219996,-8.319669573452224,141.83425402694834,-55.552042150299876
0.4828,80.2339545154032,-116.96232666652588,-70.82937882830669,125.28200228578244,-9.404575687096498,-8.319675619256548,141.83678407390272,-55.550610881413895
0.48285,80.23836609838965,-116.9623266665272,-70.83410421267239,125.28200228578363,-9.404261885717267,-8.319675619256394,141.83927965618912,-55.54914135400184
0.4829,80.24283320136932,-116.96224236932768,-70.83887831409984,125.28191219531969,-9.403954887269492,-8.319669825992003,141.84173722936464,-55.54763412176938
0.48295000000000005,80.2473526076256,-116.96207174017307,-70.84369770236594,125.28173024041276,-9.403654905259696,-8.319658500239674,141.8441533031446,-55.546089791889685
0.48300000000000004,80.25192102601517,-116.9618128670528,-70.84855888280711,125.28145477769439,-9.403362143208064,-8.319641910641577,141.8465244463651,-55.54450902411824
0.48305000000000003,80.25653509563097,-116.96146396342421,-70.85345830127048,125.28108429674737,-9.403076794360501,-8.319620333323137,141.84884729183958,-55.54289252985414
0.48310000000000003,80.26119139058486,-116.96102337074814,-70.85839234917263,125.28061742224908,-9.402799041412255,-8.319594051500982,141.8511185411267,-55.54124107111988
0.48315,80.26588642489807,-116.9604895608503,-70.86335736864906,125.28005291592994,-9.402529056249003,-8.319563355079618,141.85333496921533,-55.539555459466534
0.4832,80.27061665742653,-116.95986113810265,-70.8683496577241,125.27938967834112,-9.402266999702453,-8.319528540238432,141.85549342908004,-55.537836554827635
0.48325,80.2753784969234,-116.9591368413998,-70.87336547560207,125.27862675041104,-9.402013021321308,-8.31948990901128,141.85759085614558,-55.53608526428183
0.4833,80.28016830714485,-116.95831554595686,-70.87840104798654,125.27776331481306,-9.401767259158309,-8.319447768856183,141.85962427262774,-55.53430254076173
0.48335,80.284982412015,-116.9573962649038,-70.88345257244113,125.27679869712301,-9.40152983957389,-8.31940243221922,141.8615907917407,-55.53248938169797
0.4834,80.28981710085816,-116.9563781507005,-70.8885162238012,125.27573236678849,-9.40130087705697,-8.319354216088016,141.86348762179404,-55.53064682760135
0.48345000000000005,80.29466863368268,-116.95526049632954,-70.89358815962123,125.27456393787244,-9.401080474061466,-8.319303441542875,141.86531207013647,-55.52877596057841
0.48350000000000004,80.29953324649084,-116.95404273630938,-70.89866452563031,125.27329316960851,-9.400868720860519,-8.319250433299128,141.86706154696645,-55.526877902798645
0.48355000000000004,80.30440715664396,-116.9527244474987,-70.903741461225,125.27191996674347,-9.400665695418981,-8.319195519244774,141.86873356900247,-55.524953814897245
0.48360000000000003,80.30928656822825,-116.95130534969783,-70.90881510494668,125.27044437967265,-9.400471463281573,-8.319139029974808,141.87032576298705,-55.52300489433245
0.48365,80.31416767746597,-116.94978530604746,-70.91388159998563,125.26886660436799,-9.400286077480366,-8.31908129832051,141.87183586905016,-55.52103237368289
0.4837,80.31904667813491,-116.94816432321596,-70.91893709967671,125.26718698209261,-9.400109578458203,-8.319022658876655,141.87326174390415,-55.51903751889536
0.48375,80.3239197669591,-116.94644255140044,-70.92397777294678,125.26540599892569,-9.39994199401231,-8.318963447525235,141.87460136386952,-55.51702162750077
0.4838,80.32878314903886,-116.94462028410858,-70.92899980978446,125.2635242850655,-9.39978333925441,-8.318904000956882,141.8758528277439,-55.51498602676827
0.48385,80.33363304323609,-116.94269795774221,-70.93399942664676,125.26154261393523,-9.399633616589323,-8.318844656193008,141.87701435948333,-55.51293207183016
0.4839,80.33846568755413,-116.94067615097849,-70.93897287184275,125.25946190108412,-9.399492815711389,-8.318785750105633,141.87808431071494,-55.51086114376357
0.48395000000000005,80.34327734450898,-116.93855558393551,-70.94391643089018,125.2572832028746,-9.399360913618791,-8.318727618939137,141.87906116306897,-55.50877464762678
0.48400000000000004,80.34806430641802,-116.93633711716163,-70.94882643177147,125.255007714993,-9.399237874646584,-8.318670597831362,141.87994353031988,-55.50667401048384
0.48405000000000004,80.35282290068412,-116.9340217504097,-70.95369925016588,125.25263677074582,-9.399123650518241,-8.31861502033613,141.8807301603498,-55.5045606793825
0.48410000000000003,80.3575494950357,-116.93161062120156,-70.95853131462326,125.25017183915212,-9.39901818041246,-8.318561217950535,141.88141993691565,-55.50243611929971
0.48415,80.36224050266051,-116.92910500323147,-70.9633191116088,125.24761452287322,-9.398921391051745,-8.318509519641745,141.88201188122537,-55.50030181108656
0.4842,80.36689238733997,-116.92650630453578,-70.96805919053465,125.24496655591537,-9.398833196805347,-8.31846025137953,141.8825051533237,-55.49815924936026
0.48425,80.37150166846617,-116.92381606549557,-70.97274816865517,125.24222980116932,-9.398753499811,-8.318413735673737,141.88289905327596,-55.496009940397656
0.4843,80.37606492598198,-116.9210359566547,-70.97738273586673,125.23940624776806,-9.398682190115261,-8.318370291113357,141.88319302215825,-55.4938554000126
0.48435,80.38057880527681,-116.91816777632258,-70.98195965944853,125.23649800823829,-9.39861914582831,-8.318330231915652,141.88338664284706,-55.491697151399386
0.4844,80.38504002191779,-116.915213448043,-70.98647578861889,125.23350731552031,-9.398564233298943,-8.318293867477278,141.88347964060782,-55.48953672300064
0.48445000000000005,80.38944536635562,-116.91217501783561,-70.99092805905195,125.23043651977082,-9.39851730730367,-8.3182615019352,141.88347188348365,-55.48737564633181
0.48450000000000004,80.39379170847113,-116.90905465129794,-70.99531349721731,125.22728808503149,-9.398478211253801,-8.318233433733567,141.8833633824812,-55.485215453827
0.48455000000000004,80.39807600203517,-116.90585463052047,-70.99962922461758,125.2240645857205,-9.398446777417597,-8.318209955200043,141.8831542915557,-55.48305767667091
0.48460000000000003,80.40229528905127,-116.90257735083281,-71.00387246189223,125.22076870296203,-9.398422827159038,-8.31819135212924,141.8828449073927,-55.480903842630994
0.48465,80.40644670393557,-116.89922531741682,-71.00804053274281,125.2174032207928,-9.398406171192804,-8.318177903375947,141.88243566898976,-55.47875547391324
0.4847,80.41052747761822,-116.89580114172503,-71.01213086776576,125.21397102218405,-9.398396609852474,-8.318169880458996,141.8819271570362,-55.47661408499926
0.48475,80.41453494147382,-116.89230753777089,-71.01614100809866,125.2104750849455,-9.39839393337517,-8.318167547174623,141.88132009309163,-55.474481180510494
0.4848,80.41846653111581,-116.88874731827192,-71.02006860891653,125.20691847749407,-9.398397922199312,-8.318171159222084,141.88061533856913,-55.47235825308363
0.48485,80.42231979005565,-116.88512339063743,-71.02391144277847,125.20330435447664,-9.398408347277185,-8.31818096383921,141.87981389351523,-55.470246781254744
0.4849,80.42609237317298,-116.88143875285168,-71.02766740277129,125.19963595230178,-9.398424970401681,-8.318197199450097,141.87891689519896,-55.46814822738191
0.48495000000000005,80.42978205007707,-116.87769648919229,-71.03133450553366,125.1959165845201,-9.398447544543412,-8.318220095327767,141.87792561650542,-55.46606403556535
0.48500000000000004,80.4333867082673,-116.87389976584753,-71.03491089406366,125.1921496371136,-9.398475814203664,-8.318249871266051,141.87684146413412,-55.46399562961053
0.48505000000000004,80.43690435612939,-116.87005182642434,-71.03839484035215,125.18833856369238,-9.39850951577732,-8.31828673726796,141.87566597661566,-55.461944411019985
0.48510000000000003,80.44033312579528,-116.86615598731063,-71.04178474786832,125.18448688055818,-9.398548377926955,-8.318330893247548,141.87440082213328,-55.45991175699604
0.48515,80.44367127576973,-116.86221563298038,-71.04507915379926,125.18059816172415,-9.398592121970507,-8.318382528743753,141.87304779616636,-55.45789901850712
0.4852,80.44691719342916,-116.85823421116781,-71.04827673115322,125.17667603382085,-9.398640462275932,-8.318441822653035,141.87160881895502,-55.45590751836527
0.48525,80.45006939730528,-116.85421522796311,-71.0513762906364,125.17272417093587,-9.398693106668894,-8.318508942972736,141.87008593277994,-55.45393854935623
0.4853,80.45312653918971,-116.85016224283396,-71.0543767823417,125.16874628939726,-9.398749756847975,-8.318584046563267,141.8684812990803,-55.45199337241075
0.48535,80.45608740606637,-116.84607886354956,-71.05727729725831,125.16474614247507,-9.398810108808066,-8.318667278925497,141.86679719539535,-55.45007321480958
0.4854,80.45895092182033,-116.84196874105609,-71.06007706854575,125.16072751504812,-9.398873853274548,-8.318758773992029,141.86503601214014,-55.448179268450325
0.48545000000000005,80.46171614878027,-116.83783556428479,-71.06277547263888,125.15669421822363,-9.398940676141374,-8.318858653938863,141.86320024923214,-55.44631268815289
0.48550000000000004,80.46438228904151,-116.83368305490133,-71.06537203012185,125.15265008391074,-9.399010258919688,-8.318967029009363,141.86129251254604,-55.44447459002296
0.48555000000000004,80.46694868561835,-116.8295149620062,-71.06786640642933,125.1485989593658,-9.399082279189,-8.319083997359588,141.85931551023205,-55.442666049859746
0.48560000000000003,80.4694148233544,-116.82533505681991,-71.07025841229685,125.14454470173695,-9.399156411057588,-8.319209644916999,141.85727204888482,-55.44088810163914
0.48565,80.4717803296746,-116.82114712729641,-71.07254800404951,125.14049117255502,-9.399232325625105,-8.319344045258585,141.855165029564,-55.43914173603182
0.4857,80.47404497511371,-116.81695497274737,-71.07473528366363,125.13644223225495,-9.399309691450066,-8.3194872595076,141.852997443697,-55.43742789899656
0.48575,80.47620867362642,-116.8127623984414,-71.07682049860375,125.13240173468554,-9.399388175022649,-8.31963933624418,141.85077236883762,-55.4357474904392
0.4858,80.47827148273757,-116.80857321017055,-71.07880404150015,125.12837352160929,-9.39946744123743,-8.31980031143875,141.84849296430676,-55.43410136291567
0.48585,80.48023360342847,-116.8043912088693,-71.08068644955685,125.12436141726815,-9.399547153871621,-8.31997020839883,141.84616246672664,-55.432490320433615
0.4859,80.48209537987236,-116.80022018517825,-71.0824684038097,125.120369222915,-9.399626976062658,-8.320149037736737,141.84378418542346,-55.43091511729004
0.48595000000000005,80.48385729894626,-116.79606391406222,-71.08415072815968,125.1164007114174,-9.399706570786629,-8.320336797355164,141.84136149774807,-55.429376456994575
0.48600000000000004,80.4855199895171,-116.79192614945379,-71.08573438817766,125.11245962190247,-9.399785601339472,-8.320533472448636,141.8388978442882,-55.42787499127221
0.48605000000000004,80.48708422157857,-116.78781061888236,-71.08722048976476,125.10854965440853,-9.399863731813793,-8.3207390355261,141.8363967239841,-55.42641131911131
0.48610000000000003,80.48855090512076,-116.78372101821101,-71.08861027754192,125.10467446465977,-9.399940627578882,-8.320953446448689,141.8338616891804,-55.42498598592395
0.48615,80.48992108886956,-116.77966100634372,-71.08990513311507,125.10083765883189,-9.400015955754537,-8.321176652488136,141.83129634057852,-55.423599482741686
0.4862,80.49119595876961,-116.77563420004014,-71.09110657308312,125.09704278844073,-9.400089385686455,-8.321408588400587,141.8287043221316,-55.42225224552021
0.48625,80.4923768363032,-116.77164416877697,-71.09221624688747,125.09329334529676,-9.400160589415735,-8.321649176519749,141.82608931588328,-55.42094465450836
0.4863,80.49346517662802,-116.76769442964034,-71.09323593448329,125.08959275650885,-9.400229242144755,-8.321898326868464,141.8234550367283,-55.41967703368349
0.48635,80.494462566477,-116.76378844236068,-71.09416754377625,125.08594437964526,-9.400295022700785,-8.322155937284556,141.82080522715393,-55.41844965029795
0.4864,80.49537072193107,-116.75992960436346,-71.09501310794002,125.08235149793221,-9.40035761399106,-8.322421893568716,141.81814365192145,-55.41726271447069
0.48645000000000005,80.49619148595603,-116.75612124594548,-71.09577478250073,125.07881731558992,-9.400416703455324,-8.3226960696444,141.81547409271533,-55.41611637888541
0.48650000000000004,80.4969268257868,-116.75236662554956,-71.09645484227691,125.07534495328846,-9.400471983509934,-8.322978327738879,141.81280034278575,-55.41501073856169
0.48655000000000004,80.49757883014331,-116.74866892510319,-71.09705567815881,125.07193744368226,-9.400523151984483,-8.32326851857901,141.8101262015463,-55.41394583069608
0.48660000000000003,80.49814970623406,-116.74503124551657,-71.09757979368062,125.06859772711923,-9.400569912553463,-8.323566481602642,141.80745546918155,-55.41292163461024
0.48665,80.49864177664195,-116.74145660226219,-71.09802980148626,125.06532864745058,-9.400611975155739,-8.323872045188407,141.80479194125277,-55.411938071756545
0.4867,80.49905747600052,-116.73794792107876,-71.09840841959159,125.06213294797728,-9.40064905640893,-8.32418502689852,141.8021394032859,-55.410995005821796
0.48675,80.49939934753682,-116.73450803382808,-71.0987184675251,125.05901326756674,-9.400680880011713,-8.324505233738636,141.799501625408,-55.41009224291031
0.4868,80.49967003946645,-116.73113967444392,-71.09896286233024,125.05597213687767,-9.400707177136217,-8.324832462433719,141.79688235697395,-55.40922953179732
0.48685,80.49987230120243,-116.72784547505843,-71.09914461439043,125.053011974773,-9.40072768681202,-8.325166499714573,141.79428532123222,-55.40840656428513
0.4869,80.5000089794702,-116.72462796225517,-71.09926682317467,125.05013508487953,-9.40074215629554,-8.325507122624357,141.79171421004,-55.407622975619724
0.48695000000000005,80.50008301423263,-116.72148955347272,-71.09933267280122,125.04734365230519,-9.400750341431385,-8.325854098832428,141.78917267859273,-55.406878345005495
0.48700000000000004,80.50009743453384,-116.71843255356119,-71.09934542753602,125.0446397405293,-9.400752006997834,-8.32620718696812,141.78666434023214,-55.406172196182396
0.48705000000000004,80.50005535416761,-116.71545915152159,-71.0993084271246,125.04202528848286,-9.400746927043034,-8.326566136961235,141.78419276130379,-55.40550399810388
0.48710000000000003,80.49995996725777,-116.71257141736773,-71.09922508205204,125.03950210776712,-9.400734885205738,-8.32693069039932,141.7817614560641,-55.40487316567276
0.48715,80.49981454372485,-116.70977129919939,-71.09909886870253,125.03707188009484,-9.400715675022353,-8.327300580895454,141.77937388169522,-55.40427906056404
0.4872,80.49962242461132,-116.7070606204277,-71.09893332438908,125.03473615489362,-9.40068910022226,-8.327675534465909,141.77703343336384,-55.40372099213047
0.48725,80.49938701735519,-116.70444107716783,-71.09873204235002,125.03249634708907,-9.400654975005176,-8.328055269921249,141.7747434393872,-55.40319821836429
0.4873,80.499111790921,-116.70191423585413,-71.098498666614,125.03035373511965,-9.40061312430702,-8.328439499265476,141.7725071565,-55.40270994695844
0.48735,80.49880027087343,-116.69948153098386,-71.09823688682509,125.02830945908913,-9.400563384048336,-8.328827928105266,141.77032776519357,-55.402255336417184
0.4874,80.49845603437377,-116.6971442630882,-71.09795043300693,125.02636451915906,-9.400505601366843,-8.329220256070814,141.7682083651974,-55.4018334972455
0.48745000000000005,80.49808270506814,-116.69490359689311,-71.09764307023146,125.02451977413321,-9.400439634836701,-8.329616177240087,141.76615197105465,-55.40144349321903
0.48750000000000004,80.49768394795744,-116.69276055963292,-71.09731859328981,125.02277594020998,-9.400365354667619,-8.330015380577061,141.7641615078122,-55.40108434269618
0.48755000000000004,80.49726346416118,-116.69071603962966,-71.09698082126964,125.02113359000094,-9.400282642891542,-8.330417550371257,141.7622398068684,-55.40075502002758
0.48760000000000003,80.49682498567547,-116.68877078498934,-71.09663359214711,125.01959315167909,-9.400191393528392,-8.330822366689716,141.7603896019133,-55.40045445699535
0.48765000000000003,80.49637227004285,-116.68692540256416,-71.09628075730417,125.01815490839351,-9.400091512738673,-8.33122950582935,141.75861352503733,-55.40018154434388
0.4877,80.49590909501885,-116.68518035708817,-71.09592617606283,125.01681899786743,-9.399982918956006,-8.331638640779293,141.7569141029803,-55.39993513335257
0.48775,80.49543925320359,-116.68353597049148,-71.09557371020084,125.01558541217703,-9.399865543002747,-8.332049441685585,141.7552937535074,-55.39971403746228
0.4878,80.49496654662886,-116.68199242147774,-71.09522721843919,125.01445399779769,-9.399739328189705,-8.332461576319874,141.75375478197637,-55.39951703397815
0.48785,80.49449478137382,-116.6805497452421,-71.09489055097862,125.01342445579502,-9.39960423039522,-8.332874710552858,141.75229937803667,-55.39934286579622
0.4879,80.49402776212546,-116.679207833431,-71.09456754399615,125.01249634225978,-9.399460218129292,-8.333288508828783,141.75092961249604,-55.39919024320496
0.48795000000000005,80.49356928678296,-116.67796643430849,-71.09426201420504,125.01166906895118,-9.39930727257792,-8.33370263464271,141.74964743438252,-55.39905784572073
0.48800000000000004,80.49312314105747,-116.67682515308486,-71.09397775342858,125.01094190410558,-9.399145387628897,-8.334116751020732,141.7484546681373,-55.39894432396295
0.48805000000000004,80.49269309306898,-116.67578345250946,-71.09371852318651,125.01031397350613,-9.398974569882478,-8.334530520996633,141.74735301102407,-55.398848301591926
0.48810000000000003,80.49228288800956,-116.67484065361805,-71.09348804936968,125.00978426171217,-9.398794838639912,-8.334943608094086,141.7463440307034,-55.398768377260936
0.48815000000000003,80.49189624280395,-116.67399593669056,-71.09329001692697,125.00935161349412,-9.398606225876986,-8.335355676803538,141.74542916297938,-55.39870312661846
0.4882,80.49153684080666,-116.67324834245103,-71.09312806460706,125.00901473550998,-9.398408776199611,-8.335766393058918,141.74460970976705,-55.39865110435455
0.48825,80.49120832660033,-116.67259677339003,-71.09300577982243,125.00877219810506,-9.398202546777886,-8.33617542471503,141.7438868372186,-55.39861084624259
0.4883,80.49091430077083,-116.67203999535258,-71.09292669350376,125.00862243737052,-9.397987607267074,-8.336582442017928,141.74326157405574,-55.398580871250246
0.48835,80.49065831481958,-116.67157663928977,-71.0928942751125,125.00856375736498,-9.397764039707084,-8.336987118075214,141.74273481011542,-55.398559683643064
0.4884,80.49044386609043,-116.67120520319189,-71.09291192768436,125.00859433251291,-9.397531938406077,-8.337389129321,141.74230729505416,-55.398545775125484
0.48845000000000005,80.49027439279759,-116.67092405424711,-71.09298298299038,125.00871221022201,-9.397291409807217,-8.337788155974883,141.74197963729637,-55.39853762700041
0.48850000000000005,80.490153269142,-116.67073143115176,-71.09311069680601,125.00891531365028,-9.397042572336007,-8.3381838824985,141.74175230315842,-55.398533712334626
0.48855000000000004,80.49008380049963,-116.67062544661191,-71.09329824426663,125.0092014446547,-9.396785556232999,-8.338575998042781,141.74162561617197,-55.398532498144455
0.48860000000000003,80.49006921874349,-116.67060409003565,-71.09354871537674,125.00956828692811,-9.396520503366782,-8.338964196892414,141.74159975664153,-55.398532447581
0.48865000000000003,80.49011267761325,-116.67066523039365,-71.09386511057865,125.0100134092913,-9.396247567034651,-8.339348178897588,141.74167476136813,-55.39853202213829
0.4887,80.49021724825911,-116.67080661923784,-71.09425033651723,125.01053426914208,-9.395966911741883,-8.339727649904221,141.74185052360343,-55.39852968383982
0.48875,80.49038591485538,-116.67102589392289,-71.0947072018853,125.0111282160925,-9.39567871297008,-8.340102322169601,141.74212679321124,-55.398523897448406
0.4888,80.49062157035348,-116.67132058094425,-71.0952384134273,125.01179249571754,-9.395383156926231,-8.340471914773232,141.74250317700515,-55.39851313265636
0.48885,80.49092701238921,-116.671688099466,-71.09584657211157,125.01252425348262,-9.395080440277695,-8.34083615401655,141.74297913933106,-55.39849586626761
0.4889,80.49130493927389,-116.67212576500015,-71.09653416940039,125.0133205388113,-9.394770769873485,-8.341194773811157,141.74355400282298,-55.39847058438651
0.48895,80.49175794617531,-116.6726307932048,-71.09730358372616,125.01417830926309,-9.394454362449139,-8.341547516058272,141.74422694936524,-55.39843578457033
0.48900000000000005,80.4922885214283,-116.67320030386568,-71.0981570771101,125.01509443488179,-9.394131444318186,-8.341894131016117,141.74499702128054,-55.398389977980315
0.48905000000000004,80.49289904297476,-116.67383132498195,-71.09909679192303,125.01606570263554,-9.393802251051737,-8.342234377653549,141.74586312267763,-55.398331691513064
0.48910000000000003,80.49359177499899,-116.67452079699628,-71.10012474785732,125.017088820991,-9.393467027141666,-8.342568023994742,141.74682402103016,-55.398259469899415
0.48915000000000003,80.49436886470275,-116.67526557715327,-71.10124283904857,125.01816042460104,-9.393126025654187,-8.342894847447754,141.74787834894065,-55.398171877785714
0.4892,80.49523233924873,-116.67606244395166,-71.10245283138032,125.01927707907434,-9.392779507868417,-8.343214635122685,141.7490246060781,-55.39806750177976
0.48925,80.49618410288612,-116.67690810174629,-71.10375635998028,125.02043528587967,-9.392427742905863,-8.343527184133357,141.75026116134347,-55.39794495246972
0.4893,80.49722593422405,-116.67779918543019,-71.1051549268767,125.02163148731618,-9.392071007347354,-8.343832301885987,141.75158625518478,-55.39780286641152
0.48935,80.49835948371211,-116.67873226521539,-71.10664989887239,125.02286207156867,-9.39170958483975,-8.344129806353244,141.75299800211195,-55.397639908068896
0.4894,80.4995862712962,-116.67970385152479,-71.10824250560425,125.02412337785829,-9.391343765691945,-8.344419526333487,141.75449439340323,-55.39745477171982
0.48945,80.5009076842511,-116.68071039993656,-71.10993383778884,125.02541170163074,-9.390973846462284,-8.34470130169418,141.7560732999549,-55.397246183315055
0.48950000000000005,80.50232497521203,-116.6817483162399,-71.11172484567597,125.02672329983996,-9.390600129536095,-8.34497498360002,141.75773247533627,-55.39701290229511
0.48955000000000004,80.5038392603821,-116.68281396155376,-71.11361633768483,125.02805439627687,-9.390222922697266,-8.345240434723099,141.7594695589963,-55.39675372336206
0.48960000000000004,80.5054515179565,-116.68390365747905,-71.11560897926856,125.0294011869198,-9.389842538687917,-8.345497529440726,141.76128207962108,-55.39646747818583
0.48965000000000003,80.50716258672556,-116.68501369135954,-71.11770329195966,125.03075984537132,-9.389459294765928,-8.34574615401174,141.7631674586817,-55.396153037074875
0.4897,80.50897316487978,-116.6861403215434,-71.11989965262788,125.03212652828331,-9.389073512251963,-8.345986206739882,141.7651230140977,-55.39580931057863
0.48975,80.51088380901469,-116.68727978271372,-71.12219829294095,125.03349738083107,-9.388685516073737,-8.346217598117338,141.76714596407015,-55.39543525103831
0.4898,80.51289493335713,-116.68842829124225,-71.12459929905508,125.03486854219581,-9.38829563430205,-8.346440250953544,141.76923343105932,-55.395029854068206
0.48985,80.51500680915291,-116.68958205056661,-71.12710261146715,125.03623615105036,-9.387904197685788,-8.346654100483713,141.77138244587252,-55.39459215998762
0.4899,80.51721956429036,-116.69073725660448,-71.1297080251097,125.03759635106566,-9.387511539180682,-8.346859094461147,141.77358995191608,-55.39412125518174
0.48995,80.51953318312155,-116.69189010315398,-71.13241518964547,125.03894529638576,-9.387117993476101,-8.34705519323173,141.77585280954716,-55.39361627339259
0.49000000000000005,80.52194750647169,-116.69303678730968,-71.1352236099532,125.04027915710002,-9.3867238965185,-8.347242369790312,141.77816780054465,-55.39307639694992
0.49005000000000004,80.52446223189142,-116.69417351487289,-71.13813264685783,125.04159412469242,-9.386329585033614,-8.347420609819515,141.78053163271244,-55.39250085791908
0.49010000000000004,80.5270769140635,-116.6952965057453,-71.14114151801631,125.04288641745526,-9.385935396047207,-8.347589911709916,141.7829409445555,-55.3918889391927
0.49015000000000003,80.5297909654348,-116.69640199931727,-71.14424929902762,125.04415228587848,-9.385541666407205,-8.347750286561187,141.78539231007855,-55.391239975505464
0.4902,80.53260365708365,-116.6974862598004,-71.147454924782,125.04538801796924,-9.385148732301625,-8.347901758168824,141.7878822436714,-55.39055335435691
0.49025,80.53551411970042,-116.69854558156288,-71.15075719091601,125.04658994454957,-9.384756928784391,-8.348044362986672,141.79040720505947,-55.389828516896536
0.4903,80.53852134488673,-116.69957629437829,-71.15415475559234,125.04775444445728,-9.38436658929439,-8.348178150078986,141.79296360436294,-55.389064958682326
0.49035,80.5416241865543,-116.70057476865773,-71.15764614137031,125.0488779497061,-9.383978045184001,-8.348303181048337,141.79554780719744,-55.38826223040176
0.4904,80.54482136254755,-116.70153742061738,-71.1612297373003,125.04995695056525,-9.38359162524722,-8.348419529947831,141.7981561398471,-55.387419938503086
0.49045,80.54811145650415,-116.70246071736452,-71.16490380125303,125.05098800054184,-9.383207655251123,-8.348527283177331,141.8007848945041,-55.38653774572823
0.49050000000000005,80.55149291982815,-116.70334118193318,-71.16866646235475,125.05196772129214,-9.382826457473413,-8.348626539358921,141.80343033452974,-55.38561537159649
0.49055000000000004,80.55496407391585,-116.7041753982276,-71.17251572367185,125.05289280742485,-9.382448350244013,-8.348717409197228,141.80608869978096,-55.38465259278255
0.49060000000000004,80.55852311255315,-116.70496001587378,-71.17644946506252,125.0537600311967,-9.382073647490673,-8.34880001532295,141.80875621195773,-55.3836492434165
0.49065000000000003,80.56216810444884,-116.70569175499857,-71.18046544615376,125.05456624711492,-9.381702658295106,-8.348874492116304,141.81142907996596,-55.382605215321625
0.4907,80.5658969960276,-116.7063674108815,-71.18456130957733,125.05530839639977,-9.38133568645027,-8.348940985518265,141.81410350532204,-55.381520458136904
0.49075,80.56970761431248,-116.70698385852563,-71.18873458428143,125.05598351134657,-9.38097303003106,-8.348999652820876,141.81677568753975,-55.38039497939115
0.4908,80.57359767003254,-116.70753805709504,-71.19298268906421,125.05658871953982,-9.38061498096832,-8.349050662444752,141.81944182953393,-55.379228844471896
0.49085,80.57756476088329,-116.70802705424586,-71.19730293624843,125.0571212479447,-9.380261824634871,-8.349094193698823,141.82209814302186,-55.3780221765194
0.4909,80.58160637493485,-116.70844799031694,-71.20169253549663,125.05757842684314,-9.379913839438224,-8.34913043652619,141.8247408538914,-55.37677515623968
0.49095,80.58571989421571,-116.70879810240413,-71.20614859779012,125.05795769363748,-9.379571296425608,-8.349159591233319,141.82736620757194,-55.37548802163295
0.49100000000000005,80.58990259842057,-116.70907472829659,-71.21066813952213,125.05825659650094,-9.379234458898456,-8.349181868204367,141.8299704743607,-55.37416106764976
0.49105000000000004,80.59415166879499,-116.70927531024711,-71.21524808675797,125.05847279785085,-9.378903582037049,-8.349197487603709,141.83254995471168,-55.37279464575091
0.49110000000000004,80.5984641921399,-116.70939739862776,-71.21988527960174,125.05860407768873,-9.378578912538176,-8.349206679061004,141.83510098449705,-55.37138916340192
0.49115000000000003,80.60283716494712,-116.7094386554064,-71.22457647668257,125.05864833675167,-9.378260688264568,-8.34920968134524,141.8376199401945,-55.3699450834838
0.4912,80.60726749769067,-116.7093968574663,-71.2293183597858,125.05860359949227,-9.377949137904873,-8.34920674202595,141.84010324403258,-55.36846292361679
0.49125,80.6117520192033,-116.70926989978406,-71.23410753855254,125.05846801690328,-9.37764448065075,-8.349198117119181,141.84254736906755,-55.36694325542437
0.4913,80.61628748119817,-116.70905579840621,-71.23894055531557,125.05823986913157,-9.37734692588265,-8.349184070725421,141.84494884417524,-55.36538670370386
0.49135,80.62087056288391,-116.70875269328656,-71.24381389000987,125.05791756793867,-9.377056672874074,-8.349164874652098,141.84730425898127,-55.36379394553513
0.4914,80.62549787568885,-116.70835885092585,-71.24872396518192,125.0574996589536,-9.376773910506909,-8.349140808027686,141.84961026868982,-55.36216570930884
0.49145,80.6301659680865,-116.70787266683098,-71.25366715108382,125.05698482373653,-9.376498817002673,-8.349112156905518,141.85186359882061,-55.360502773680906
0.49150000000000005,80.63487133049908,-116.707292667812,-71.25863977082923,125.05637188166695,-9.376231559669861,-8.349079213854942,141.85406104985668,-55.35880596646504
0.49155000000000004,80.63961040029537,-116.7066175140613,-71.26363810563043,125.05565979160869,-9.375972294664942,-8.349042277547346,141.85619950176596,-55.35707616344535
0.49160000000000004,80.6443795668465,-116.70584600107655,-71.26865840007522,125.0548476534057,-9.375721166771294,-8.34900165232912,141.85827591842715,-55.35531428713508
0.49165000000000003,80.64917517668704,-116.70497706135522,-71.27369686749505,125.05393470914619,-9.375478309192003,-8.34895764779091,141.86028735192735,-55.35352130544946
0.4917,80.65399353867755,-116.70400976593146,-71.27874969531594,125.05292034425682,-9.375243843361616,-8.34891057832531,141.86223094673107,-55.3516982303432
0.49175,80.3416471344333,-116.7728689511909,-71.03078767406218,125.10758549335661,-9.31085946037111,-8.334716542165738,141.74160711437486,-55.47139117379201
0.4918,80.04517764373043,-116.8441189369751,-70.79908303635023,125.16327065712834,-9.246094607380197,-8.319151720153268,141.63254779242777,-55.58653502503748
0.49185,79.76466375289058,-116.91715907333726,-70.58366252663568,125.21936179528082,-9.181001226254919,-8.302202721943477,141.5345317206785,-55.69692824556205
0.4919,79.50016144235488,-116.99138617034224,-70.38452971550049,125.27524429573633,-9.115631726854398,-8.283858125394048,141.44702226423374,-55.80237951103291
0.49195,79.25170390701598,-117.06619535610999,-70.20166499453485,125.33030384892083,-9.050038912481126,-8.264108492810815,141.3694686533137,-55.90270799472537
0.49200000000000005,79.01930150901775,-117.14098093722342,-70.03502560424938,125.38392732159673,-8.984275904768369,-8.242946384373354,141.3013072335426,-55.99774360427049
0.49205000000000004,78.80294176302651,-117.21513726030642,-69.8845456949111,125.43550362902532,-8.918396068115431,-8.220366368718825,141.2419627216339,-56.08732717240105
0.49210000000000004,78.60258935395805,-117.28805957357145,-69.75013642017855,125.48442460423762,-8.85245293377951,-8.196365030666138,141.19084946157312,-56.17131060268809
0.49215000000000003,78.41818618725247,-117.35914488704289,-69.63168606352558,125.53008586311891,-8.786500123726908,-8.17094097607603,141.1473726766337,-56.249556971487586
0.4922,78.24965147147981,-117.42779283031577,-69.52906019712124,125.57188766414822,-8.72059127435857,-8.144094833832426,141.1109297127888,-56.321940587709065
0.49225,78.09688183327458,-117.49340650656258,-69.4421018730616,125.60923576151134,-8.654779960212995,-8.1158292549487,141.08091126937342,-56.38834701213515
0.4923,77.95975146440077,-117.55539334159556,-69.37063184664409,125.6415422503929,-8.589119617756698,-8.086148908797293,141.05670261312784,-56.448673038297315
0.49235,77.83811230067491,-117.61316592681105,-69.31444883130088,125.66822640327717,-8.523663469374046,-8.05506047646609,141.03768477204972,-56.50282663709919
0.4924,77.7317942326214,-117.66614285474314,-69.27332978496395,125.68871549599967,-8.458464447657445,-8.022572641256534,141.02323570580634,-56.550726867430036
0.49245,77.64060534742005,-117.71374954612135,-69.24703022730604,125.70244562245138,-8.39357512011401,-7.988696076330008,141.01273144975534,-56.59230375524632
0.49250000000000005,77.56433220191833,-117.75541906718253,-69.23528458753083,125.70886249671001,-8.32904761438756,-7.953443429527405,141.00554722994877,-56.62749814355548
0.49255000000000004,77.50274012623768,-117.7905929361311,-69.23780658212783,125.70742224150729,-8.26493354410984,-7.916829305376172,141.00105854680834,-56.656261515881255
0.49260000000000004,77.45557355758575,-117.81872191756543,-69.2542896221051,125.69759216188189,-8.201283935480637,-7.878870244316478,140.99864222545972,-56.67855579574899
0.49265000000000003,77.4225564038024,-117.83926680374498,-69.28440724911886,125.67885150291852,-8.138149154683555,-7.839584699173522,140.99767743102777,-56.694353124747934
0.4927,77.40339243607664,-117.8516991816133,-69.32781359983397,125.65069219052043,-8.075578836242693,-7.798993008907099,140.99754664747454,-56.703635621722505
0.49275,77.39776571034075,-117.85550218444318,-69.38414389792362,125.61261955412509,-8.013621812417117,-7.757117369681919,140.9976366188458,-56.706395125544205
0.4928,77.40534101668182,-117.85017122707619,-69.45301497294241,125.56415303036849,-7.95232604373941,-7.713981803292284,140.99733925205817,-56.702632923911196
0.49285,77.42576435617461,-117.83521472368126,-69.53402580538221,125.50482684667375,-7.891738550792399,-7.669612122992471,140.99605248060652,-56.69235947049026
0.4929,77.45866344444472,-117.81015478701937,-69.62675809712195,125.43419068379798,-7.83190534732277,-7.624035896778595,140.99318108880735,-56.67559409264819
0.49295,77.50364824122003,-117.77452790823703,-69.73077686643101,125.35181031640921,-7.7728713747890295,-7.577282408172164,140.98813749641093,-56.65236469191978
0.49300000000000005,77.56031150517136,-117.72788561618654,-69.84563106673971,125.25726823075337,-7.71468043843166,-7.529382614566805,140.98034250361687,-56.622707439206124
0.49305000000000004,77.6282293731825,-117.66979511538047,-69.97085422821964,125.15016421857075,-7.6573751449628675,-7.48036910319027,140.96922599670842,-56.58666646663516
0.49310000000000004,77.70696196331521,-117.5998399016135,-70.10596512135747,125.0301159463651,-7.600996841957728,-7.430276044751568,140.95422761468788,-56.54429355781212
0.49315000000000003,77.79605400049911,-117.5176203544537,-70.25046844145926,124.89675949928623,-7.545585559039856,-7.379139144832515,140.93479737744713,-56.49564783815743
0.4932,77.89503546417114,-117.42275430567743,-70.40385551323183,124.74974989877536,-7.491179950939368,-7.326995593097869,140.91039627612992,-56.4407954667856
0.49325,78.00342225687204,-117.3148775828954,-70.56560501436516,124.58876159329007,-7.437817242506916,-7.273884010394628,140.8804968264721,-56.37980933134216
0.4933,78.12071689284107,-117.19364452759486,-70.73518371707745,124.41348892140816,-7.385533175763638,-7.2198443938132675,140.84458358599272,-56.31276874705223
0.49335,78.24640920571122,-117.0587284868075,-70.91204724665401,124.22364654660188,-7.334361959057198,-7.164918059794377,140.8021536359999,-56.239759161065656
0.4934,78.37997707417722,-116.90982227779057,-71.09564085577443,124.01896986314627,-7.284336218402808,-7.1091475853556805,140.75271702945247,-56.16087186316056
0.49345,78.52088716471809,-116.74663862497427,-71.2854002136454,123.79921537250196,-7.2354869510727,-7.052576747527663,140.69579720576135,-56.07620370363069
0.49350000000000005,78.66859569026109,-116.56891056859862,-71.48075220875839,123.5641610296811,-7.187843481502702,-6.995250461082469,140.6309313736765,-55.985856819154826
0.49355000000000004,78.82254918367825,-116.37639184448007,-71.68111576409795,123.31360655912226,-7.14143341958031,-6.937214714642208,140.55767086343366,-55.88993836732424
0.49360000000000004,78.9821852851126,-116.1688572342909,-71.88590266374378,123.04737373955348,-7.0962826213688155,-6.87851650526258,140.47558144934985,-55.788560270337065
0.49365000000000003,79.14693354190524,-115.946102885943,-72.09451838957698,122.76530665752313,-7.052415152328297,-6.819203771580072,140.38424364409437,-55.68183896837915
0.4937,79.3162162200473,-115.70794660356485,-72.30636296696385,122.46727192918483,-7.009853253083477,-6.7593253256199795,140.28325296584305,-55.5698951830312
0.49375,79.4894491260068,-115.4542281066595,-72.52083181822057,122.1531588900224,-6.968617307786241,-6.698930783362857,140.17222017953696,-55.45285369099027
0.4938,79.66604243771744,-115.18480925811463,-72.73731662259723,121.82287975228142,-6.928725815120226,-6.63807049416679,140.05077151346381,-55.3308431083419
0.49385,79.84540154360351,-114.89957426068351,-72.95520618161738,121.4763697298304,-6.890195361986115,-6.576795469146884,139.9185488523434,-55.20399568549276
0.4939,80.02692788839234,-114.59842982171202,-73.17388728848465,121.11358713032497,-6.853040599907696,-6.515157308612952,139.77520990810854,-55.0724471128716
0.49395,80.21001982453686,-114.28130528585504,-73.39274560034613,120.73451341452378,-6.817274224190707,-6.453208128668746,139.62042836953123,-54.936336337403
0.49400000000000005,80.39407346806142,-113.9481527355644,-73.61116651219785,120.339153222643,-6.782906955863514,-6.391000487078597,139.453894031811,-54.79580538970361
0.49405000000000004,80.57848355756049,-113.59894705926709,-73.82853603113335,119.9275343677719,-6.7499475264270785,-6.328587308504827,139.27531290724215,-54.650999221950116
0.49410000000000004,80.76264431518565,-113.23368598707016,-74.04424164975174,119.4997077962946,-6.718402665433917,-6.266021809224423,139.08440731800098,-54.502065556258145
0.49415000000000003,80.94595030832949,-112.8523900940044,-74.25767321741286,119.05574751543305,-6.688277090916651,-6.203357421428617,138.8809159720942,-54.349154743445474
0.49420000000000003,81.12779731086127,-112.45510277074713,-74.46822380818584,118.59575048796572,-6.659573502675439,-6.140647717218605,138.66459402346183,-54.192419631941576
0.49425,81.3075831626074,-112.04189016190581,-74.67529058416876,118.11983649430464,-6.632292578438663,-6.077946332398793,138.4352131171722,-54.03201544665349
0.4943,81.48470862591796,-111.61284107192823,-74.8782756530195,117.62814796211023,-6.606432972898498,-6.015306890181984,138.19256142064327,-53.868099677507765
0.49435,81.65857823807714,-111.16806683877579,-75.07658691845315,117.12084976368772,-6.581991319623988,-5.9527829249119,137.93644364175367,-53.70083197740138
0.4944,81.82860115831747,-110.70770117555385,-75.26963892246654,116.59812898146454,-6.558962235850986,-5.8904278059106385,137.66668103467418,-53.53037406927875
0.49445,81.99419200829495,-110.23189998030534,-75.45685367815719,116.06019464186865,-6.537338330137802,-5.828294661563251,137.38311139423644,-53.3568896619971
0.49450000000000005,82.1547717047702,-109.7408411142464,-75.63766149189027,115.50727741798981,-6.51711021287993,-5.766436303743379,137.08558903956748,-53.180544374674916
0.49455000000000005,82.30976828333493,-109.23472414876952,-75.8115017736681,114.93962930145854,-6.4982665096668235,-5.704905152688984,136.7739847877295,-53.00150566917854
0.49460000000000004,82.45861771202554,-108.71377008155774,-75.97782383456422,114.35752324399441,-6.480793877461353,-5.643753162436671,136.44818591803914,-52.819942790387984
0.49465000000000003,82.60076469364328,-108.1782210222142,-76.13608767006309,113.76125276913164,-6.464677023580182,-5.583031746917429,136.10809612769424,-52.636026713889706
0.49470000000000003,82.73566345565845,-107.62833984786884,-76.28576472821152,113.15113155469137,-6.449898727446941,-5.522791706822521,135.75363547933563,-52.449930100725744
0.49475,82.86277852655411,-107.06440982924504,-76.42633866146579,112.52749298658496,-6.436439865088332,-5.463083157339888,135.38474034109345,-52.26182725882891
0.4948,82.98158549751781,-106.48673422771108,-76.55730606117989,111.89068968457742,-6.424279436337942,-5.403955456866352,135.0013633196533,-52.07189411075516
0.49485,83.09157176840777,-105.89563586390321,-76.67817717369982,111.24109300070005,-6.413394594708007,-5.345457136796802,134.60347318685666,-51.88030816732472
0.4949,83.19223727691161,-105.29145665851446,-76.78847659702326,110.5790924910037,-6.403760679888381,-5.287635832489196,134.1910548002727,-51.68724850677817
0.49495,83.28309520988162,-104.67455714591746,-76.88774395705684,109.90509536142211,-6.395351252824783,-5.230538215504631,133.7641090181972,-51.49289575904253
0.49500000000000005,83.36367269580893,-104.04531596132206,-76.9755345624808,109.21952588854023,-6.388138133328142,-5.174209927218178,133.32265260946954,-51.2974320947096
0.49505000000000005,83.4335114774655,-103.40412930217177,-77.05142003730484,108.52282481606574,-6.382091440160659,-5.1186955138939725,132.8667181584637,-51.10104121829897
0.49510000000000004,83.49216856378385,-102.75141036455639,-77.11498893024363,107.81544872787747,-6.377179633540237,-5.064038363321035,132.3963539656163,-50.90390836537534
0.49515000000000003,83.53921685998213,-102.08758875546206,-77.16584729997605,107.09786939855543,-6.373369560006099,-5.010280643093332,131.91162394377332,-50.70622030311384
0.49520000000000003,83.57424577510878,-101.41310988165128,-77.20361927553049,106.37057312227982,-6.3706264995783055,-4.957463240628492,131.41260751064246,-50.50816533383429
0.49525,83.59686180609253,-100.72843431609832,-77.22794759094616,105.634060021104,-6.368914215146416,-4.905625705005699,130.89939947761206,-50.30993330108136
0.4953,83.60668909750109,-100.0340371428149,-77.23849409348553,104.8888433335238,-6.368195004015559,-4.85480619070887,130.37210993512483,-50.111715597752685
0.49535,83.60336997618073,-99.33040728106653,-77.23494022464277,104.13544868441862,-6.368429751537964,-4.805041403352076,129.8308641348301,-49.913705175821846
0.4954,83.58656546003323,-98.61804678990198,-77.21698747328027,103.37441333736871,-6.369577986752953,-4.756366547466742,129.27580236865566,-49.71609655714069
0.49545,83.55595574021841,-97.89747015396992,-77.18435780026287,102.60628543039391,-6.3715979399555644,-4.708815276423973,128.70707984492836,-49.519085844795
0.4955,83.51124063607001,-97.16920355169228,-77.13679403395676,101.831623196256,-6.374446602113278,-4.6624196445636885,128.1248665616702,-49.32287073450001
0.49555000000000005,83.452140022104,-96.43378410677356,-77.07406023605897,101.05099416837157,-6.378079786045052,-4.617210061597989,127.52934717711317,-49.12765052544857
0.49560000000000004,83.37839422648504,-95.69175912415768,-76.99594203720824,100.26497437351185,-6.3824521892768225,-4.573215249354197,126.9207208774949,-48.9336261300495
0.49565000000000003,83.28976440039665,-94.94368531151635,-76.90224694191299,99.47414751243417,-6.387517458483698,-4.530462200917775,126.29920124215286,-48.741000081938395
0.49570000000000003,83.18603285781899,-94.19012798731302,-76.79280460239355,98.67910412955008,-6.393228255425437,-4.488976142237063,125.66501610586992,-48.54997654158975
0.49575,83.06700338515077,-93.43166027668877,-76.66746706086514,97.88044077292625,-6.399536324285651,-4.448780496237434,125.0184074184567,-48.360761298918014
0.4958,82.93250152035394,-92.668862296172,-76.52610896004109,97.0787591456775,-6.406392560312878,-4.409896849505511,124.3596311014567,-48.173561772074464
0.49585,82.78237480110202,-91.9023203284865,-76.36862772143003,96.27466525006744,-6.4137470796719995,-4.372344921580934,123.68895690185876,-47.98858700176763
0.4959,82.61649298165116,-91.13262598859299,-76.19494369124818,95.46876852549904,-6.421549290402995,-4.336142536906044,123.00666824267697,-47.8060476402823
0.49595,82.43474821812868,-90.36037538210508,-76.00500025374254,94.66168098157677,-6.429747964386143,-4.30130559947165,122.3130620701698,-47.626155934349335
0.496,82.23705522192049,-89.58616825736101,-75.79876391170687,93.85401632755426,-6.438291310213615,-4.267848070193289,121.60844869748728,-47.44912570103251
0.49605000000000005,82.02335138100213,-88.81060715229493,-75.5762243341408,93.04638909934717,-6.447127046861338,-4.235781947052217,120.89315164446083,-47.27517229566377
0.49610000000000004,81.79359684900749,-88.03429653732191,-75.33739437095036,92.23941378535142,-6.456202478057115,-4.205117248029508,120.16750747318966,-47.10451257085917
0.49615000000000004,81.54777460189449,-87.25784195551962,-75.08231003465364,91.43370395237368,-6.465464567240858,-4.175861996854054,119.43186561908772,-46.93736482560767
0.49620000000000003,81.28589046218087,-86.48184916123424,-74.8110304491741,90.62987137282518,-6.474860013006796,-4.14802221159092,118.68658821693434,-46.77394874329436
0.49625,81.00797309064268,-85.70692325842104,-74.52363776571815,89.82852515450004,-6.484335324924569,-4.121601896078946,117.93204992146606,-46.6144853175636
0.4963,80.71407394555871,-84.9336678398988,-74.22023704593126,89.03027087413558,-6.493836899627457,-4.096603034236789,117.16863772199189,-46.45919676477553
0.49635,80.4042672095037,-84.1626841287466,-73.90095611244126,88.23570971598643,-6.5033110970624515,-4.073025587239792,116.39675075040732,-46.30830642180897
0.4964,80.07864968383458,-83.39457012307669,-73.56594536704311,87.44543761665311,-6.512704316791461,-4.05086749357642,115.61680008199093,-46.16203862787206
0.49645,79.7373406509891,-82.6299197454028,-73.21537757675198,86.66004441738264,-6.521963074237154,-4.03012467197982,114.8292085282468,-46.02061858894286
0.4965,79.38048170479861,-81.86932199779687,-72.84944762803487,85.88011302503013,-6.531034076763761,-4.010791027233227,114.03441042099885,-45.88427222338239
0.49655000000000005,79.00823654909519,-81.11336012404193,-72.46837224961118,85.1062185828831,-6.539864299484014,-3.9928584588411833,113.23285138691111,-45.75322598719957
0.49660000000000004,78.62079076482749,-80.36261077999026,-72.07238970414105,84.33892765254177,-6.548401060686475,-3.976316872551459,112.42498811146476,-45.62770667743634
0.49665000000000004,78.21835154608277,-79.6176432132764,-71.66175944930879,83.57879740799036,-6.556592096773993,-3.9611541947139406,111.61128809140752,-45.50794121202342
0.49670000000000003,77.80114740536864,-78.87901845357587,-71.23676176876181,82.82637484303224,-6.564385636606854,-3.9473563894563166,110.79222937458863,-45.39415638446151
0.49675,77.36942784853844,-78.14728851455958,-70.7976973733912,82.0821959932074,-6.571730475147229,-3.9349074786478324,109.96830028598245,-45.28657859164106
0.4968,76.92346301989623,-77.42299560865548,-70.34488697360031,81.34678517328544,-6.5785760462959155,-3.9237895646299608,109.13999913868074,-45.18543353303507
0.49685,76.46354331790782,-76.70667137578,-69.87867082308523,80.62065423145359,-6.584872494822613,-3.913982855673578,108.30783392849047,-45.09094587956226
0.4969,75.9899789821176,-75.99883612707843,-69.39940823483438,79.9043018212117,-6.590570747283246,-3.905465694133255,107.47232201070747,-45.003338910326086
0.49695,75.50309965185318,-75.29999810479825,-68.90747707002741,79.19821269205325,-6.595622581825773,-3.8982145872549854,106.63398975758288,-44.922834115505395
0.497,75.00325389730038,-74.61065275933308,-68.40327320051517,78.50285699992624,-6.599980696785197,-3.8922042405931583,105.79337219484349,-44.84965076369397
0.49705000000000005,74.49080872368879,-73.93128204444093,-67.88720994572023,77.81868963843337,-6.60359877796857,-3.887407593992417,104.95101261561922,-44.78400543198717
0.49710000000000004,73.96614904922164,-73.26235373169767,-67.35971748468526,77.14614959177683,-6.606431564536388,-3.8837958600791556,104.10746217001002,-44.72611149727555
0.49715000000000004,73.42967715754914,-72.60432074507743,-66.82124224416445,76.48565931028926,-6.608434913384688,-3.8813385652118284,103.26327942843949,-44.67617858720563
0.49720000000000003,72.88181212551989,-71.95762051670069,-66.27224626358196,75.83762410952902,-6.609565861937938,-3.880003592828305,102.41902991693038,-44.634411989509175
0.49725,72.32298922705886,-71.32267436458886,-65.71320653779641,75.2024315937199,-6.609782689262458,-3.879757229131013,101.57528562231293,-44.601012018476325
0.4973,71.75365931400215,-70.69988689333854,-65.14461433858936,74.5804511043836,-6.609044975412796,-3.8805642110450416,100.73262446536748,-44.57617333761755
0.49735,71.17428817476409,-70.08964541860384,-64.5669745158348,73.97203319498128,-6.607313658929301,-3.882387776377429,99.8916297398835,-44.560084237811694
0.4974,70.58535587177244,-69.492319416124,-63.98080477937147,73.37750913223641,-6.604551092400997,-3.885189716112386,99.05288951553793,-44.552925870477424
0.49745,69.98735605858013,-68.9082599961711,-63.38663496256087,72.79719042493221,-6.600721096019296,-3.888930428761091,98.21699600257782,-44.55487143574761
0.4975,69.3807952776628,-68.3377994040996,-62.7850062686206,72.23136838079455,-6.595789009042219,-3.8935689766949295,97.38454487625802,-44.56608532593813
0.49755000000000005,68.76619223987247,-67.78125054772264,-62.17647050077378,71.68031369210108,-6.589721739098718,-3.899063144378414,96.55613455904418,-44.586722225120965
0.49760000000000004,68.14407708657751,-67.23890655222908,-61.56158927731546,71.14427605064814,-6.582487809262043,-3.905369498419052,95.73236545871418,-44.6169261661302
0.49765000000000004,67.51499063555978,-66.71104034320001,-60.94093323273516,70.62348379255141,-6.5740574028246375,-3.912443449351393,94.91383916053435,-44.656829546853345
0.49770000000000003,66.8794836116986,-66.19790425839078,-60.31508120598658,70.11814357345445,-6.564402405712046,-3.920239315063641,94.10115757189459,-44.70655210839054
0.49775,66.2381158635899,-65.69972968878635,-59.68461941711529,69.62844007456603,-6.553496446474623,-3.9287103857796724,93.29492201796384,-44.76619987827587
0.4978,65.5914555671715,-65.21672674944047,-59.05014063337184,69.15453573994398,-6.541314933799652,-3.937808990503497,92.49573228712455,-44.83586408277466
0.49785,64.94007841749814,-64.74908398060954,-58.41224332600504,68.69657054543814,-6.5278350914931025,-3.9474865648285777,91.70418562529649,-44.91562003308217
0.4979,64.28456680984416,-64.296968079544,-57.77153081896724,68.25466179956545,-6.5130359908769195,-3.957693720021454,90.92087567853281,-45.00552599105939
0.49795,63.62550901123787,-63.86052366337543,-57.128610430676844,67.82890397664967,-6.496898580561048,-3.9683803132742215,90.14639138368017,-45.10562202113871
0.498,62.96349832368923,-63.43987306339405,-56.48409261014712,67.41936858242754,-6.479405713542112,-3.9794955190334593,89.38131580736976,-45.21592883586229
0.49805000000000005,62.29913224021155,-63.03511615104338,-55.8385900686155,67.02610405234016,-6.460542171596056,-3.9909879012967537,88.62622493403912,-45.33644664358229
0.49810000000000004,61.63301159490764,-62.646330195850666,-55.19271690798282,66.64913568263084,-6.4402946869248465,-4.002805486780148,87.88168640431049,-45.467154007712466
0.49815000000000004,60.965739708308256,-62.27356975551123,-54.54708774727853,66.28846559436052,-6.418651961029746,-4.0148958388492675,87.14825820563323,-45.608006727925975
0.49820000000000003,60.29792152914049,-61.916866598288365,-53.90231684835692,65.94407273039657,-6.395604680783601,-4.027206132108183,86.42648731774665,-45.75893675460801
0.49825,59.63016277382417,-61.576229657814444,-53.259017242146165,65.61591288535807,-6.371145531678025,-4.039683227543612,85.7169083162982,-45.91985114865602
0.4983,58.96306906483953,-61.25164502039405,-52.617799856611036,65.303918768507,-6.345269208228511,-4.052273748112941,85.02004193864761,-46.09063109958999
0.49835,58.29724506924376,-60.943075944788504,-51.979272647722226,65.00800009946066,-6.317972421521554,-4.064924154672143,84.33639361672827,-46.271131015495804
0.4984,57.63329363856005,-60.650462914479135,-51.34403973466791,64.72804373661398,-6.289253903892121,-4.077580822134842,83.666451982674,-46.461177698896606
0.49845,56.97181495121462,-60.373723722335995,-50.712700540486296,64.46391383808728,-6.259114410728328,-4.090190115751264,83.01068735371607,-46.66056962300752
0.4985,56.313405658813444,-60.11275358754411,-50.085848939418,64.21545205494826,-6.227556719395425,-4.102698467404138,82.36955020376692,-46.8690763229077
0.49855000000000005,55.65865803740952,-59.86742530466675,-49.464072412123045,63.98247775647329,-6.1945856252864795,-4.1150524518065295,81.74346962990465,-47.08643791618901
0.49860000000000004,55.008159145007916,-59.63758942457578,-48.84795121000817,63.764788287075476,-6.160207934999742,-4.127198862499685,81.13285182277762,-47.312364767213545
0.49865000000000004,54.36248998648696,-59.42307446705486,-48.23805752982939,63.56215925459153,-6.12443245665758,-4.139084787536658,80.53807855075786,-47.54653730859773
0.49870000000000003,53.722224687132375,-59.22368716471956,-47.634954699755994,63.374344849468606,-6.087269987376408,-4.150657684749039,79.95950566830253,-47.78860603257828
0.49875,53.08792967595975,-59.03921273793086,-47.039196378051564,63.20107819441824,-6.048733297908184,-4.161865456487376,79.3974616596419,-48.03819166375924
0.4988,52.46016287997885,-58.86941520032777,-46.451325765504286,63.04207172405567,-6.008837114474547,-4.172656523727882,78.85224622940359,-48.29488552323671
0.49885,51.83947293055879,-58.71403769449778,-45.87187483274001,62.897017593941435,-5.967598097818806,-4.182979899443634,78.32412895212461,-48.558250092247434
0.4989,51.22639838300679,-58.57280285736303,-45.30136356350015,62.7655881184945,-5.925034819506658,-4.192785261131449,77.81334799288638,-48.82781978145178
0.49895,50.62146695049162,-58.44541321471898,-44.74029921498293,62.64743623711391,-5.881167735508704,-4.202023022394896,77.32010891132374,-49.10310190952503
0.499,50.025194753381236,-58.33155160437884,-44.189175596279675,62.54219600785929,-5.836019157101577,-4.210644403480448,76.84458356115955,-49.38357789217525
0.49905000000000005,49.4380855850714,-58.23088162734197,-43.64847236593962,62.449483128006314,-5.789613219131811,-4.218601500664323,76.38690909713756,-49.668704639893
0.49910000000000004,48.860630195356435,-58.143048126302745,-43.118654349673015,62.36889548069847,-5.741975845683425,-4.225847354395722,75.947187100675,-49.95791615976556
0.49915000000000004,48.29330559234299,-58.06767769085822,-42.600170879140734,62.30001370695338,-5.693134713202276,-4.232336016095139,75.5254828349003,-50.250625353715705
0.49920000000000003,47.73657436392177,-58.004379188680076,-42.09345515279511,62.242401802195076,-5.643119211126687,-4.23802261351496,75.12182463882527,-50.546226002431624
0.49925,47.19088401974047,-57.95274432188602,-41.59892361965863,62.195607736455706,-5.591960400081866,-4.242863414569643,74.73620346928581,-50.844094921294165
0.4993,46.6566663546372,-57.912348207838185,-41.116975386940645,62.1591640973816,-5.539690967696559,-4.246815889543383,74.36857259806614,-51.14359427173386
0.49935,46.134336834424985,-57.88274998352506,-40.64799165231922,62.132588755113154,-5.486345182105769,-4.249838771588102,74.0188474701373,-51.444074008795965
0.4994,45.62429400489269,-57.86349343268163,-40.192335161687694,62.11538554810597,-5.431958843205001,-4.251892115424326,73.68690572740097,-51.744874443318416
0.49945,45.12691892488885,-57.85410763475014,-39.750349693162605,62.107044988912314,-5.376569231726251,-4.252937354162141,73.37258740065492,-52.045328895050844
0.4995,44.642574624271134,-57.85410763474962,-39.32235956806473,62.107044988911824,-5.3202150562064014,-4.252937354162204,73.07569527070414,-52.3447664114221
0.49955000000000005,44.17160558750349,-57.86299513311633,-38.90866918957771,62.11485160097355,-5.262936397925779,-4.251856467857212,72.79599539777593,-52.64251452545056
0.49960000000000004,43.714337263646875,-57.880259194518736,-38.50956260975434,62.12991977897912,-5.204774653892556,-4.249660584460367,72.53321781656,-52.93790202555181
0.49965000000000004,43.27107560339379,-57.90537697466061,-38.12530312543601,62.15169415314678,-5.145772477957783,-4.246317178486172,72.28705739240031,-53.23026170983041
0.49970000000000003,42.84210662388337,-57.937814464005044,-37.75613290374357,62.17960982002343,-5.085973720139817,-4.2417953560183905,72.05717483247356,-53.5189330976229
0.49975,42.42769600183292,-57.97702724740005,-37.40227263758298,62.213093146055,-5.025423364249937,-4.236065898654938,71.84319784412243,-53.8032650719797
0.4998,42.02808869562041,-58.02246127849345,-37.06392123171719,62.25156258356429,-4.964167463903233,-4.229101305070841,71.64472243104308,-54.0826184279144
0.49985,41.64350859685097,-58.07355366784707,-36.74125551984273,62.29442949798578,-4.9022530770082415,-4.220875830138696,71.46131431668687,-54.3563683030078
0.4999,41.274158211854875,-58.12973348364387,-36.434430013026045,62.34109900519342,-4.839728198828831,-4.21136552154954,71.2925104830563,-54.623906469075976
0.49995,40.92021837364389,-58.190422563816725,-36.14357667993252,62.390970817702225,-4.776641693711384,-4.200548253885492,71.13782081215487,-54.884643465933465
0.5,40.58184798467765,-58.255036338474284,-35.86880475910118,62.4434400985665,-4.713043225576476,-4.188403760092197,70.9967298165799,-55.13801056108543
